0.0367597
0.107833
0.176481
0.244659
0.312524
0.38003
0.44712
0.513711
0.57969
0.645068
0.709748
0.773645
0.836799
0.899074
0.960409
1.02083
1.08027
1.13863
1.19585
1.25192
1.30677
1.36037
1.41241
1.463
1.51259
1.56084
1.60665
1.65034
1.69326
1.73427
1.77391
1.81142
1.84622
1.87918
1.91053
1.9405
1.96959
1.99709
2.02263
2.04663
2.06922
2.08923
2.10389
2.10871
2.1209
2.14158
2.15432
2.16096
2.16005
2.15724
0.0116951
0.0350295
0.0582723
0.081403
0.104401
0.127247
0.14992
0.1724
0.194668
0.216703
0.238487
0.260001
0.281224
0.30214
0.322728
0.342972
0.362853
0.382354
0.401458
0.420147
0.438406
0.456219
0.473568
0.490441
0.506821
0.522693
0.538045
0.552863
0.567133
0.580843
0.593982
0.606536
0.618496
0.629851
0.64059
0.650705
0.660186
0.669025
0.677215
0.684748
0.691617
0.697817
0.703341
0.708186
0.712346
0.715819
0.718601
0.72069
0.722083
0.72278
0.00392611
0.0117596
0.0195623
0.0273274
0.0350481
0.0427175
0.0503289
0.0578756
0.065351
0.0727484
0.0800614
0.0872835
0.0944085
0.10143
0.108342
0.115138
0.121812
0.128358
0.134772
0.141046
0.147175
0.153155
0.158979
0.164644
0.170142
0.175471
0.180625
0.185599
0.19039
0.194992
0.199403
0.203617
0.207632
0.211444
0.215049
0.218445
0.221628
0.224595
0.227345
0.229873
0.232179
0.234261
0.236115
0.237742
0.239138
0.240304
0.241238
0.241939
0.242407
0.242641
0.00131884
0.00395021
0.00657126
0.00917966
0.0117731
0.0143494
0.0169062
0.0194412
0.0219523
0.0244372
0.0268938
0.0293198
0.0317131
0.0340717
0.0363935
0.0386763
0.0409183
0.0431174
0.0452717
0.0473793
0.0494383
0.0514469
0.0534034
0.0553061
0.0571532
0.0589432
0.0606744
0.0623453
0.0639546
0.0655006
0.0669822
0.0683979
0.0697466
0.0710271
0.0722381
0.0733788
0.0744479
0.0754447
0.0763683
0.0772177
0.0779924
0.0786915
0.0793145
0.0798608
0.08033
0.0807216
0.0810353
0.0812708
0.081428
0.0815066
0.00044339
0.00132805
0.00220924
0.00308619
0.00395811
0.00482424
0.00568383
0.00653611
0.00738033
0.00821575
0.00904163
0.00985726
0.0106619
0.0114549
0.0122354
0.0130029
0.0137567
0.014496
0.0152203
0.0159288
0.0166211
0.0172964
0.0179541
0.0185938
0.0192148
0.0198166
0.0203986
0.0209604
0.0215014
0.0220212
0.0225193
0.0229953
0.0234487
0.0238792
0.0242863
0.0246698
0.0250293
0.0253644
0.0256749
0.0259605
0.0262209
0.0264559
0.0266654
0.0268491
0.0270068
0.0271385
0.0272439
0.0273231
0.0273759
0.0274024
0.000149257
0.000447059
0.000743692
0.0010389
0.00133241
0.00162397
0.00191333
0.00220023
0.00248442
0.00276565
0.00304366
0.00331822
0.00358909
0.00385602
0.00411878
0.00437714
0.00463087
0.00487975
0.00512356
0.00536208
0.00559511
0.00582243
0.00604386
0.00625919
0.00646823
0.00667081
0.00686674
0.00705584
0.00723796
0.00741294
0.00758061
0.00774084
0.00789347
0.00803839
0.00817545
0.00830454
0.00842554
0.00853835
0.00864287
0.008739
0.00882667
0.00890579
0.0089763
0.00903813
0.00909123
0.00913555
0.00917105
0.00919771
0.00921549
0.00922439
5.0328e-05
0.000150744
0.000250765
0.000350305
0.000449274
0.000547587
0.000645156
0.000741896
0.000837721
0.000932547
0.00102629
0.00111887
0.0012102
0.00130021
0.00138881
0.00147592
0.00156148
0.0016454
0.00172761
0.00180804
0.00188661
0.00196326
0.00203793
0.00211053
0.00218102
0.00224933
0.00231539
0.00237916
0.00244057
0.00249957
0.0025561
0.00261013
0.0026616
0.00271046
0.00275667
0.0028002
0.002841
0.00287904
0.00291428
0.0029467
0.00297626
0.00300294
0.00302671
0.00304756
0.00306547
0.00308041
0.00309238
0.00310137
0.00310737
0.00311037
1.70033e-05
5.09288e-05
8.47211e-05
0.000118351
0.000151787
0.000185002
0.000217966
0.00025065
0.000283024
0.000315061
0.000346733
0.000378011
0.000408868
0.000439276
0.00046921
0.000498642
0.000527547
0.000555899
0.000583673
0.000610846
0.000637392
0.000663289
0.000688514
0.000713044
0.000736858
0.000759936
0.000782256
0.000803799
0.000824546
0.000844479
0.00086358
0.000881833
0.000899221
0.00091573
0.000931344
0.000946049
0.000959834
0.000972685
0.000984592
0.000995544
0.00100553
0.00101454
0.00102258
0.00102962
0.00103567
0.00104072
0.00104476
0.0010478
0.00104983
0.00105084
5.75693e-06
1.72433e-05
2.86846e-05
4.00707e-05
5.13916e-05
6.26374e-05
7.37982e-05
8.48641e-05
9.58253e-05
0.000106672
0.000117396
0.000127986
0.000138433
0.000148729
0.000158863
0.000168828
0.000178615
0.000188214
0.000197618
0.000206818
0.000215806
0.000224574
0.000233115
0.00024142
0.000249483
0.000257296
0.000264853
0.000272147
0.000279172
0.000285921
0.000292388
0.000298568
0.000304455
0.000310044
0.000315331
0.00032031
0.000324977
0.000329328
0.00033336
0.000337068
0.000340449
0.000343501
0.00034622
0.000348605
0.000350653
0.000352363
0.000353732
0.00035476
0.000355446
0.000355789
1.95356e-06
5.85134e-06
9.73382e-06
1.35976e-05
1.74392e-05
2.12554e-05
2.50427e-05
2.87978e-05
3.25174e-05
3.61982e-05
3.9837e-05
4.34306e-05
4.69758e-05
5.04695e-05
5.39087e-05
5.72902e-05
6.06112e-05
6.38686e-05
6.70597e-05
7.01816e-05
7.32316e-05
7.62069e-05
7.91051e-05
8.19234e-05
8.46595e-05
8.73109e-05
8.98753e-05
9.23504e-05
9.47341e-05
9.70243e-05
9.92189e-05
0.000101316
0.000103314
0.00010521
0.000107004
0.000108694
0.000110278
0.000111754
0.000113122
0.000114381
0.000115528
0.000116564
0.000117486
0.000118296
0.000118991
0.000119571
0.000120035
0.000120384
0.000120617
0.000120733
6.64443e-07
1.99016e-06
3.31066e-06
4.62481e-06
5.93143e-06
7.22937e-06
8.5175e-06
9.79469e-06
1.10598e-05
1.23117e-05
1.35493e-05
1.47716e-05
1.59774e-05
1.71657e-05
1.83354e-05
1.94855e-05
2.0615e-05
2.1723e-05
2.28083e-05
2.38701e-05
2.49075e-05
2.59195e-05
2.69052e-05
2.78638e-05
2.87944e-05
2.96962e-05
3.05684e-05
3.14102e-05
3.22209e-05
3.29999e-05
3.37463e-05
3.44596e-05
3.5139e-05
3.57841e-05
3.63943e-05
3.6969e-05
3.75076e-05
3.80098e-05
3.84751e-05
3.89031e-05
3.92933e-05
3.96455e-05
3.99594e-05
4.02347e-05
4.0471e-05
4.06683e-05
4.08264e-05
4.09451e-05
4.10242e-05
4.10638e-05
2.26509e-07
6.78445e-07
1.12861e-06
1.5766e-06
2.02203e-06
2.4645e-06
2.90362e-06
3.33901e-06
3.77029e-06
4.19707e-06
4.61898e-06
5.03565e-06
5.4467e-06
5.85179e-06
6.25055e-06
6.64262e-06
7.02768e-06
7.40537e-06
7.77537e-06
8.13734e-06
8.49098e-06
8.83596e-06
9.17199e-06
9.49877e-06
9.81601e-06
1.01234e-05
1.04208e-05
1.07078e-05
1.09841e-05
1.12497e-05
1.15041e-05
1.17473e-05
1.19789e-05
1.21988e-05
1.24068e-05
1.26027e-05
1.27864e-05
1.29576e-05
1.31162e-05
1.32621e-05
1.33951e-05
1.35152e-05
1.36222e-05
1.3716e-05
1.37966e-05
1.38639e-05
1.39177e-05
1.39582e-05
1.39852e-05
1.39987e-05
7.73917e-08
2.31805e-07
3.85613e-07
5.38679e-07
6.90869e-07
8.42049e-07
9.92086e-07
1.14085e-06
1.2882e-06
1.43402e-06
1.57817e-06
1.72054e-06
1.86098e-06
1.99939e-06
2.13564e-06
2.2696e-06
2.40116e-06
2.53021e-06
2.65662e-06
2.7803e-06
2.90113e-06
3.019e-06
3.13381e-06
3.24546e-06
3.35385e-06
3.45889e-06
3.56048e-06
3.65854e-06
3.75297e-06
3.8437e-06
3.93064e-06
4.01372e-06
4.09286e-06
4.168e-06
4.23907e-06
4.306e-06
4.36874e-06
4.42723e-06
4.48143e-06
4.53128e-06
4.57673e-06
4.61776e-06
4.65432e-06
4.68638e-06
4.71391e-06
4.73689e-06
4.7553e-06
4.76912e-06
4.77834e-06
4.78295e-06
2.65009e-08
7.93763e-08
1.32044e-07
1.84458e-07
2.36572e-07
2.8834e-07
3.39716e-07
3.90656e-07
4.41114e-07
4.91046e-07
5.40408e-07
5.89157e-07
6.3725e-07
6.84644e-07
7.31297e-07
7.7717e-07
8.2222e-07
8.66409e-07
9.09697e-07
9.52048e-07
9.93422e-07
1.03378e-06
1.0731e-06
1.11133e-06
1.14845e-06
1.18442e-06
1.2192e-06
1.25278e-06
1.28511e-06
1.31618e-06
1.34595e-06
1.3744e-06
1.4015e-06
1.42723e-06
1.45157e-06
1.47449e-06
1.49597e-06
1.516e-06
1.53456e-06
1.55163e-06
1.56719e-06
1.58124e-06
1.59376e-06
1.60474e-06
1.61417e-06
1.62204e-06
1.62834e-06
1.63307e-06
1.63623e-06
1.63781e-06
9.09404e-09
2.72387e-08
4.53121e-08
6.32984e-08
8.11817e-08
9.89463e-08
1.16577e-07
1.34057e-07
1.51372e-07
1.68507e-07
1.85446e-07
2.02175e-07
2.18678e-07
2.34942e-07
2.50951e-07
2.66693e-07
2.82152e-07
2.97316e-07
3.12171e-07
3.26704e-07
3.40902e-07
3.54752e-07
3.68243e-07
3.81363e-07
3.941e-07
4.06443e-07
4.1838e-07
4.29902e-07
4.40999e-07
4.5166e-07
4.61876e-07
4.71638e-07
4.80938e-07
4.89767e-07
4.98118e-07
5.05983e-07
5.13356e-07
5.20229e-07
5.26598e-07
5.32455e-07
5.37796e-07
5.42617e-07
5.46913e-07
5.5068e-07
5.53916e-07
5.56616e-07
5.58779e-07
5.60403e-07
5.61487e-07
5.62029e-07
3.12714e-09
9.36649e-09
1.55813e-08
2.17662e-08
2.79157e-08
3.40244e-08
4.00869e-08
4.60978e-08
5.2052e-08
5.7944e-08
6.37688e-08
6.95212e-08
7.51962e-08
8.07888e-08
8.62939e-08
9.17069e-08
9.70229e-08
1.02237e-07
1.07345e-07
1.12343e-07
1.17225e-07
1.21988e-07
1.26627e-07
1.31138e-07
1.35518e-07
1.39762e-07
1.43867e-07
1.47829e-07
1.51645e-07
1.55311e-07
1.58824e-07
1.62181e-07
1.65379e-07
1.68415e-07
1.71287e-07
1.73991e-07
1.76526e-07
1.7889e-07
1.8108e-07
1.83094e-07
1.84931e-07
1.86588e-07
1.88066e-07
1.89361e-07
1.90473e-07
1.91402e-07
1.92146e-07
1.92704e-07
1.93077e-07
1.93263e-07
1.07746e-09
3.22722e-09
5.36855e-09
7.49955e-09
9.61836e-09
1.17231e-08
1.38119e-08
1.5883e-08
1.79345e-08
1.99646e-08
2.19715e-08
2.39535e-08
2.59088e-08
2.78357e-08
2.97325e-08
3.15976e-08
3.34292e-08
3.52258e-08
3.69858e-08
3.87076e-08
4.03898e-08
4.20308e-08
4.36292e-08
4.51837e-08
4.66927e-08
4.81551e-08
4.95694e-08
5.09345e-08
5.22492e-08
5.35123e-08
5.47227e-08
5.58794e-08
5.69812e-08
5.80273e-08
5.90167e-08
5.99486e-08
6.08221e-08
6.16364e-08
6.23909e-08
6.30849e-08
6.37178e-08
6.42889e-08
6.47979e-08
6.52442e-08
6.56275e-08
6.59475e-08
6.62038e-08
6.63962e-08
6.65246e-08
6.65888e-08
3.71943e-10
1.11405e-09
1.85325e-09
2.58888e-09
3.3203e-09
4.04687e-09
4.76794e-09
5.48289e-09
6.19107e-09
6.89187e-09
7.58468e-09
8.26887e-09
8.94386e-09
9.60903e-09
1.02638e-08
1.09076e-08
1.15399e-08
1.21601e-08
1.27677e-08
1.33621e-08
1.39428e-08
1.45093e-08
1.5061e-08
1.55976e-08
1.61186e-08
1.66234e-08
1.71116e-08
1.75829e-08
1.80367e-08
1.84727e-08
1.88906e-08
1.92898e-08
1.96702e-08
2.00313e-08
2.03729e-08
2.06945e-08
2.09961e-08
2.12772e-08
2.15377e-08
2.17772e-08
2.19957e-08
2.21929e-08
2.23686e-08
2.25226e-08
2.2655e-08
2.27654e-08
2.28539e-08
2.29203e-08
2.29646e-08
2.29868e-08
1.2863e-10
3.85277e-10
6.40916e-10
8.95323e-10
1.14827e-09
1.39954e-09
1.64892e-09
1.89617e-09
2.14108e-09
2.38344e-09
2.62304e-09
2.85965e-09
3.09309e-09
3.32313e-09
3.54958e-09
3.77223e-09
3.9909e-09
4.20538e-09
4.4155e-09
4.62105e-09
4.82188e-09
5.01779e-09
5.20861e-09
5.39419e-09
5.57434e-09
5.74892e-09
5.91777e-09
6.08075e-09
6.2377e-09
6.38849e-09
6.53299e-09
6.67108e-09
6.80262e-09
6.9275e-09
7.04562e-09
7.15687e-09
7.26115e-09
7.35837e-09
7.44845e-09
7.5313e-09
7.60685e-09
7.67504e-09
7.7358e-09
7.78909e-09
7.83485e-09
7.87304e-09
7.90364e-09
7.92661e-09
7.94194e-09
7.9496e-09
4.45622e-11
1.33474e-10
2.22036e-10
3.10172e-10
3.97803e-10
4.84853e-10
5.71244e-10
6.569e-10
7.41748e-10
8.2571e-10
9.08714e-10
9.90687e-10
1.07156e-09
1.15125e-09
1.2297e-09
1.30684e-09
1.38259e-09
1.45689e-09
1.52969e-09
1.6009e-09
1.67047e-09
1.73834e-09
1.80445e-09
1.86874e-09
1.93115e-09
1.99163e-09
2.05013e-09
2.10659e-09
2.16096e-09
2.2132e-09
2.26326e-09
2.3111e-09
2.35667e-09
2.39994e-09
2.44086e-09
2.4794e-09
2.51552e-09
2.54921e-09
2.58041e-09
2.60911e-09
2.63529e-09
2.65891e-09
2.67996e-09
2.69842e-09
2.71427e-09
2.72751e-09
2.73811e-09
2.74606e-09
2.75137e-09
2.75403e-09
1.54636e-11
4.63171e-11
7.70494e-11
1.07634e-10
1.38043e-10
1.6825e-10
1.98229e-10
2.27953e-10
2.57396e-10
2.86532e-10
3.15335e-10
3.43781e-10
3.71843e-10
3.99498e-10
4.26721e-10
4.53488e-10
4.79776e-10
5.05561e-10
5.3082e-10
5.55532e-10
5.79674e-10
6.03226e-10
6.26167e-10
6.48476e-10
6.70134e-10
6.91121e-10
7.1142e-10
7.31012e-10
7.49881e-10
7.68009e-10
7.85381e-10
8.01981e-10
8.17794e-10
8.32808e-10
8.47008e-10
8.60382e-10
8.72918e-10
8.84606e-10
8.95434e-10
9.05394e-10
9.14477e-10
9.22674e-10
9.29979e-10
9.36385e-10
9.41886e-10
9.46478e-10
9.50156e-10
9.52918e-10
9.5476e-10
9.55682e-10
5.3746e-12
1.60981e-11
2.67796e-11
3.74095e-11
4.79786e-11
5.84776e-11
6.88971e-11
7.92281e-11
8.94614e-11
9.95881e-11
1.09599e-10
1.19486e-10
1.29239e-10
1.38851e-10
1.48313e-10
1.57616e-10
1.66753e-10
1.75715e-10
1.84494e-10
1.93083e-10
2.01474e-10
2.0966e-10
2.17633e-10
2.25387e-10
2.32914e-10
2.40209e-10
2.47264e-10
2.54074e-10
2.60632e-10
2.66932e-10
2.7297e-10
2.7874e-10
2.84236e-10
2.89454e-10
2.94389e-10
2.99038e-10
3.03395e-10
3.07457e-10
3.11221e-10
3.14683e-10
3.17839e-10
3.20688e-10
3.23227e-10
3.25454e-10
3.27366e-10
3.28962e-10
3.3024e-10
3.312e-10
3.3184e-10
3.32161e-10
1.87086e-12
5.60363e-12
9.32175e-12
1.3022e-11
1.6701e-11
2.03556e-11
2.39825e-11
2.75787e-11
3.11408e-11
3.46658e-11
3.81506e-11
4.1592e-11
4.49872e-11
4.8333e-11
5.16265e-11
5.48649e-11
5.80453e-11
6.11648e-11
6.42208e-11
6.72106e-11
7.01314e-11
7.29808e-11
7.57563e-11
7.84553e-11
8.10756e-11
8.36147e-11
8.60706e-11
8.84409e-11
9.07237e-11
9.29169e-11
9.50186e-11
9.7027e-11
9.89402e-11
1.00757e-10
1.02475e-10
1.04093e-10
1.05609e-10
1.07023e-10
1.08333e-10
1.09538e-10
1.10637e-10
1.11629e-10
1.12513e-10
1.13288e-10
1.13953e-10
1.14509e-10
1.14954e-10
1.15288e-10
1.15511e-10
1.15622e-10
6.52174e-13
1.95341e-12
3.24953e-12
4.53941e-12
5.8219e-12
7.09588e-12
8.36023e-12
9.61383e-12
1.08556e-11
1.20844e-11
1.32992e-11
1.44988e-11
1.56824e-11
1.68487e-11
1.79968e-11
1.91257e-11
2.02344e-11
2.13219e-11
2.23872e-11
2.34294e-11
2.44476e-11
2.54409e-11
2.64084e-11
2.73493e-11
2.82627e-11
2.91478e-11
3.00039e-11
3.08302e-11
3.1626e-11
3.23905e-11
3.31232e-11
3.38233e-11
3.44902e-11
3.51234e-11
3.57223e-11
3.62863e-11
3.6815e-11
3.7308e-11
3.77647e-11
3.81847e-11
3.85678e-11
3.89135e-11
3.92216e-11
3.94917e-11
3.97238e-11
3.99174e-11
4.00725e-11
4.0189e-11
4.02667e-11
4.03056e-11
2.27661e-13
6.81895e-13
1.13435e-12
1.58462e-12
2.03231e-12
2.47703e-12
2.91839e-12
3.35599e-12
3.78946e-12
4.21841e-12
4.64247e-12
5.06125e-12
5.4744e-12
5.88154e-12
6.28233e-12
6.6764e-12
7.06342e-12
7.44303e-12
7.81491e-12
8.17872e-12
8.53415e-12
8.88089e-12
9.21863e-12
9.54707e-12
9.86593e-12
1.01749e-11
1.04738e-11
1.07622e-11
1.104e-11
1.13069e-11
1.15626e-11
1.1807e-11
1.20398e-11
1.22609e-11
1.24699e-11
1.26668e-11
1.28514e-11
1.30235e-11
1.31829e-11
1.33295e-11
1.34632e-11
1.35839e-11
1.36915e-11
1.37858e-11
1.38668e-11
1.39344e-11
1.39885e-11
1.40292e-11
1.40563e-11
1.40699e-11
7.9577e-14
2.38351e-13
3.96502e-13
5.5389e-13
7.10377e-13
8.65826e-13
1.0201e-12
1.17306e-12
1.32458e-12
1.47451e-12
1.62274e-12
1.76912e-12
1.91353e-12
2.05585e-12
2.19594e-12
2.33368e-12
2.46896e-12
2.60165e-12
2.73164e-12
2.85881e-12
2.98305e-12
3.10425e-12
3.2223e-12
3.3371e-12
3.44856e-12
3.55656e-12
3.66102e-12
3.76184e-12
3.85894e-12
3.95223e-12
4.04163e-12
4.12705e-12
4.20843e-12
4.28569e-12
4.35876e-12
4.42759e-12
4.4921e-12
4.55225e-12
4.60797e-12
4.65923e-12
4.70597e-12
4.74815e-12
4.78574e-12
4.81871e-12
4.84702e-12
4.87065e-12
4.88957e-12
4.90379e-12
4.91327e-12
4.91801e-12
2.78508e-14
8.34193e-14
1.3877e-13
1.93853e-13
2.48621e-13
3.03026e-13
3.57019e-13
4.10554e-13
4.63582e-13
5.16057e-13
5.67934e-13
6.19166e-13
6.69708e-13
7.19516e-13
7.68546e-13
8.16754e-13
8.64099e-13
9.10539e-13
9.56033e-13
1.00054e-12
1.04402e-12
1.08644e-12
1.12776e-12
1.16794e-12
1.20694e-12
1.24474e-12
1.2813e-12
1.31659e-12
1.35057e-12
1.38322e-12
1.41451e-12
1.44441e-12
1.47289e-12
1.49993e-12
1.5255e-12
1.54959e-12
1.57217e-12
1.59322e-12
1.61272e-12
1.63066e-12
1.64702e-12
1.66178e-12
1.67494e-12
1.68647e-12
1.69638e-12
1.70465e-12
1.71128e-12
1.71625e-12
1.71957e-12
1.72123e-12
9.75916e-15
2.92309e-14
4.86261e-14
6.79279e-14
8.71192e-14
1.06183e-13
1.25103e-13
1.43862e-13
1.62443e-13
1.80831e-13
1.99009e-13
2.16961e-13
2.34672e-13
2.52125e-13
2.69305e-13
2.86198e-13
3.02788e-13
3.19061e-13
3.35003e-13
3.50598e-13
3.65835e-13
3.80698e-13
3.95176e-13
4.09256e-13
4.22924e-13
4.36169e-13
4.4898e-13
4.61345e-13
4.73253e-13
4.84693e-13
4.95657e-13
5.06133e-13
5.16113e-13
5.25588e-13
5.3455e-13
5.4299e-13
5.50902e-13
5.58278e-13
5.65112e-13
5.71398e-13
5.7713e-13
5.82303e-13
5.86913e-13
5.90956e-13
5.94428e-13
5.97326e-13
5.99647e-13
6.0139e-13
6.02553e-13
6.03134e-13
3.42367e-15
1.02546e-14
1.70588e-14
2.38302e-14
3.05628e-14
3.72507e-14
4.3888e-14
5.04689e-14
5.69876e-14
6.34384e-14
6.98155e-14
7.61134e-14
8.23265e-14
8.84493e-14
9.44765e-14
1.00403e-13
1.06223e-13
1.11932e-13
1.17524e-13
1.22995e-13
1.28341e-13
1.33555e-13
1.38634e-13
1.43573e-13
1.48368e-13
1.53015e-13
1.57509e-13
1.61847e-13
1.66024e-13
1.70038e-13
1.73884e-13
1.77559e-13
1.8106e-13
1.84384e-13
1.87528e-13
1.90489e-13
1.93265e-13
1.95853e-13
1.9825e-13
2.00455e-13
2.02466e-13
2.04281e-13
2.05898e-13
2.07317e-13
2.08535e-13
2.09551e-13
2.10366e-13
2.10977e-13
2.11385e-13
2.11589e-13
1.20241e-15
3.60149e-15
5.99115e-15
8.36929e-15
1.07338e-14
1.30826e-14
1.54137e-14
1.7725e-14
2.00144e-14
2.22799e-14
2.45196e-14
2.67314e-14
2.89135e-14
3.10639e-14
3.31807e-14
3.5262e-14
3.7306e-14
3.9311e-14
4.12751e-14
4.31966e-14
4.50739e-14
4.69052e-14
4.8689e-14
5.04237e-14
5.21077e-14
5.37397e-14
5.53181e-14
5.68415e-14
5.83087e-14
5.97183e-14
6.1069e-14
6.23598e-14
6.35894e-14
6.47568e-14
6.5861e-14
6.69009e-14
6.78757e-14
6.87845e-14
6.96265e-14
7.0401e-14
7.11072e-14
7.17446e-14
7.23126e-14
7.28107e-14
7.32385e-14
7.35955e-14
7.38815e-14
7.40963e-14
7.42395e-14
7.43112e-14
4.22743e-16
1.26621e-15
2.10636e-15
2.94247e-15
3.77379e-15
4.59959e-15
5.41914e-15
6.23173e-15
7.03664e-15
7.83316e-15
8.62058e-15
9.39822e-15
1.01654e-14
1.09214e-14
1.16656e-14
1.23974e-14
1.3116e-14
1.38209e-14
1.45115e-14
1.5187e-14
1.5847e-14
1.64909e-14
1.7118e-14
1.77279e-14
1.832e-14
1.88938e-14
1.94487e-14
1.99843e-14
2.05001e-14
2.09957e-14
2.14706e-14
2.19244e-14
2.23567e-14
2.27672e-14
2.31554e-14
2.3521e-14
2.38637e-14
2.41832e-14
2.44792e-14
2.47515e-14
2.49998e-14
2.52239e-14
2.54236e-14
2.55987e-14
2.57491e-14
2.58747e-14
2.59752e-14
2.60507e-14
2.61011e-14
2.61263e-14
1.48779e-16
4.45627e-16
7.4131e-16
1.03557e-15
1.32814e-15
1.61877e-15
1.9072e-15
2.19319e-15
2.47646e-15
2.75679e-15
3.03391e-15
3.3076e-15
3.57759e-15
3.84367e-15
4.10559e-15
4.36312e-15
4.61604e-15
4.86412e-15
5.10714e-15
5.3449e-15
5.57718e-15
5.80378e-15
6.0245e-15
6.23914e-15
6.44751e-15
6.64944e-15
6.84474e-15
7.03324e-15
7.21478e-15
7.3892e-15
7.55633e-15
7.71604e-15
7.86819e-15
8.01264e-15
8.14926e-15
8.27794e-15
8.39855e-15
8.511e-15
8.61519e-15
8.71101e-15
8.7984e-15
8.87727e-15
8.94755e-15
9.00918e-15
9.06211e-15
9.10629e-15
9.14168e-15
9.16825e-15
9.18597e-15
9.19484e-15
5.24125e-17
1.56987e-16
2.61151e-16
3.64813e-16
4.67882e-16
5.70266e-16
6.71876e-16
7.72622e-16
8.72416e-16
9.7117e-16
1.0688e-15
1.16521e-15
1.26033e-15
1.35406e-15
1.44633e-15
1.53705e-15
1.62615e-15
1.71355e-15
1.79916e-15
1.88292e-15
1.96475e-15
2.04457e-15
2.12233e-15
2.19794e-15
2.27135e-15
2.34249e-15
2.41129e-15
2.47769e-15
2.54165e-15
2.60309e-15
2.66197e-15
2.71823e-15
2.77183e-15
2.82272e-15
2.87085e-15
2.91618e-15
2.95867e-15
2.99828e-15
3.03498e-15
3.06874e-15
3.09953e-15
3.12731e-15
3.15207e-15
3.17378e-15
3.19243e-15
3.20799e-15
3.22046e-15
3.22982e-15
3.23606e-15
3.23919e-15
1.84814e-17
5.53559e-17
9.20857e-17
1.28638e-16
1.64982e-16
2.01084e-16
2.36913e-16
2.72438e-16
3.07627e-16
3.42449e-16
3.76873e-16
4.1087e-16
4.44409e-16
4.77461e-16
5.09997e-16
5.41987e-16
5.73405e-16
6.04222e-16
6.34411e-16
6.63945e-16
6.92799e-16
7.20947e-16
7.48364e-16
7.75027e-16
8.00911e-16
8.25995e-16
8.50255e-16
8.73671e-16
8.96221e-16
9.17887e-16
9.38649e-16
9.58488e-16
9.77388e-16
9.95332e-16
1.0123e-15
1.02829e-15
1.04327e-15
1.05724e-15
1.07018e-15
1.08208e-15
1.09294e-15
1.10274e-15
1.11147e-15
1.11912e-15
1.1257e-15
1.13119e-15
1.13558e-15
1.13888e-15
1.14108e-15
1.14218e-15
6.5227e-18
1.95369e-17
3.25001e-17
4.54008e-17
5.82276e-17
7.09693e-17
8.36146e-17
9.61524e-17
1.08572e-16
1.20862e-16
1.33011e-16
1.4501e-16
1.56847e-16
1.68512e-16
1.79995e-16
1.91285e-16
2.02374e-16
2.1325e-16
2.23905e-16
2.34328e-16
2.44512e-16
2.54446e-16
2.64123e-16
2.73533e-16
2.82668e-16
2.91521e-16
3.00083e-16
3.08347e-16
3.16306e-16
3.23953e-16
3.3128e-16
3.38282e-16
3.44953e-16
3.51286e-16
3.57275e-16
3.62917e-16
3.68205e-16
3.73134e-16
3.77702e-16
3.81903e-16
3.85734e-16
3.89192e-16
3.92273e-16
3.94975e-16
3.97296e-16
3.99233e-16
4.00784e-16
4.01949e-16
4.02726e-16
4.03115e-16
2.30408e-18
6.90123e-18
1.14803e-17
1.60374e-17
2.05683e-17
2.50692e-17
2.9536e-17
3.39649e-17
3.83519e-17
4.26931e-17
4.69848e-17
5.12232e-17
5.54045e-17
5.95251e-17
6.35813e-17
6.75696e-17
7.14864e-17
7.53284e-17
7.9092e-17
8.27741e-17
8.63713e-17
8.98805e-17
9.32987e-17
9.66227e-17
9.98497e-17
1.02977e-16
1.06001e-16
1.08921e-16
1.11732e-16
1.14433e-16
1.17021e-16
1.19495e-16
1.21851e-16
1.24088e-16
1.26204e-16
1.28197e-16
1.30065e-16
1.31806e-16
1.33419e-16
1.34903e-16
1.36257e-16
1.37478e-16
1.38567e-16
1.39521e-16
1.40341e-16
1.41025e-16
1.41573e-16
1.41984e-16
1.42259e-16
1.42396e-16
8.14572e-19
2.43983e-18
4.0587e-18
5.66977e-18
7.27162e-18
8.86283e-18
1.0442e-17
1.20078e-17
1.35587e-17
1.50935e-17
1.66108e-17
1.81092e-17
1.95874e-17
2.10442e-17
2.24782e-17
2.38882e-17
2.5273e-17
2.66312e-17
2.79618e-17
2.92635e-17
3.05353e-17
3.17759e-17
3.29843e-17
3.41595e-17
3.53004e-17
3.64059e-17
3.74752e-17
3.85073e-17
3.95012e-17
4.04561e-17
4.13712e-17
4.22456e-17
4.30786e-17
4.38695e-17
4.46175e-17
4.5322e-17
4.59824e-17
4.6598e-17
4.71684e-17
4.76931e-17
4.81716e-17
4.86034e-17
4.89882e-17
4.93256e-17
4.96154e-17
4.98573e-17
5.0051e-17
5.01965e-17
5.02935e-17
5.03421e-17
2.88211e-19
8.63258e-19
1.43605e-18
2.00607e-18
2.57284e-18
3.13584e-18
3.69459e-18
4.24858e-18
4.79734e-18
5.34038e-18
5.87722e-18
6.40739e-18
6.93042e-18
7.44585e-18
7.95323e-18
8.45212e-18
8.94206e-18
9.42264e-18
9.89343e-18
1.0354e-17
1.0804e-17
1.12429e-17
1.16705e-17
1.20863e-17
1.249e-17
1.28811e-17
1.32595e-17
1.36246e-17
1.39763e-17
1.43142e-17
1.46379e-17
1.49473e-17
1.52421e-17
1.55219e-17
1.57865e-17
1.60358e-17
1.62695e-17
1.64873e-17
1.66891e-17
1.68747e-17
1.7044e-17
1.71968e-17
1.7333e-17
1.74524e-17
1.75549e-17
1.76405e-17
1.7709e-17
1.77605e-17
1.77948e-17
1.7812e-17
1.02054e-19
3.05674e-19
5.08495e-19
7.10338e-19
9.11026e-19
1.11038e-18
1.30823e-18
1.5044e-18
1.69871e-18
1.89099e-18
2.08108e-18
2.26881e-18
2.45402e-18
2.63653e-18
2.81619e-18
2.99284e-18
3.16633e-18
3.3365e-18
3.5032e-18
3.66629e-18
3.82562e-18
3.98105e-18
4.13245e-18
4.27968e-18
4.42261e-18
4.56112e-18
4.69509e-18
4.82439e-18
4.94891e-18
5.06855e-18
5.1832e-18
5.29275e-18
5.39711e-18
5.49619e-18
5.58991e-18
5.67817e-18
5.76091e-18
5.83804e-18
5.90951e-18
5.97524e-18
6.03518e-18
6.08928e-18
6.13749e-18
6.17976e-18
6.21607e-18
6.24637e-18
6.27065e-18
6.28887e-18
6.30103e-18
6.30712e-18
3.61635e-20
1.08318e-19
1.80189e-19
2.51714e-19
3.22829e-19
3.93472e-19
4.63581e-19
5.33094e-19
6.0195e-19
6.70088e-19
7.37448e-19
8.03972e-19
8.696e-19
9.34274e-19
9.97938e-19
1.06054e-18
1.12201e-18
1.18231e-18
1.24139e-18
1.29918e-18
1.35564e-18
1.41072e-18
1.46437e-18
1.51654e-18
1.56719e-18
1.61627e-18
1.66374e-18
1.70956e-18
1.75369e-18
1.79608e-18
1.83671e-18
1.87553e-18
1.91251e-18
1.94762e-18
1.98083e-18
2.0121e-18
2.04142e-18
2.06876e-18
2.09408e-18
2.11737e-18
2.13861e-18
2.15778e-18
2.17487e-18
2.18985e-18
2.20271e-18
2.21345e-18
2.22205e-18
2.22851e-18
2.23282e-18
2.23498e-18
1.28241e-20
3.84109e-20
6.38973e-20
8.92609e-20
1.14479e-19
1.3953e-19
1.64392e-19
1.89042e-19
2.13459e-19
2.37622e-19
2.61509e-19
2.85099e-19
3.08371e-19
3.31305e-19
3.53882e-19
3.7608e-19
3.9788e-19
4.19263e-19
4.40211e-19
4.60705e-19
4.80726e-19
5.00258e-19
5.19283e-19
5.37783e-19
5.55744e-19
5.73149e-19
5.89983e-19
6.06231e-19
6.21879e-19
6.36913e-19
6.51319e-19
6.65086e-19
6.782e-19
6.90651e-19
7.02427e-19
7.13518e-19
7.23914e-19
7.33607e-19
7.42587e-19
7.50847e-19
7.58379e-19
7.65177e-19
7.71235e-19
7.76548e-19
7.8111e-19
7.84918e-19
7.87968e-19
7.90259e-19
7.91786e-19
7.92551e-19
4.55073e-21
1.36305e-20
2.26745e-20
3.1675e-20
4.0624e-20
4.95136e-20
5.83359e-20
6.70832e-20
7.57479e-20
8.43222e-20
9.27987e-20
1.0117e-19
1.09428e-19
1.17567e-19
1.25578e-19
1.33455e-19
1.41191e-19
1.48779e-19
1.56213e-19
1.63485e-19
1.7059e-19
1.77521e-19
1.84272e-19
1.90837e-19
1.97211e-19
2.03387e-19
2.09361e-19
2.15127e-19
2.20679e-19
2.26014e-19
2.31126e-19
2.36012e-19
2.40665e-19
2.45084e-19
2.49262e-19
2.53198e-19
2.56887e-19
2.60327e-19
2.63514e-19
2.66445e-19
2.69118e-19
2.7153e-19
2.7368e-19
2.75565e-19
2.77184e-19
2.78535e-19
2.79618e-19
2.8043e-19
2.80973e-19
2.81244e-19
1.61595e-21
4.84013e-21
8.05166e-21
1.12477e-20
1.44254e-20
1.75821e-20
2.07149e-20
2.3821e-20
2.68978e-20
2.99425e-20
3.29525e-20
3.59251e-20
3.88576e-20
4.17476e-20
4.45924e-20
4.73895e-20
5.01366e-20
5.28311e-20
5.54707e-20
5.80531e-20
6.05759e-20
6.30371e-20
6.54344e-20
6.77657e-20
7.00289e-20
7.22221e-20
7.43434e-20
7.63908e-20
7.83625e-20
8.02569e-20
8.20722e-20
8.38069e-20
8.54595e-20
8.70284e-20
8.85123e-20
8.99099e-20
9.12199e-20
9.24413e-20
9.35729e-20
9.46137e-20
9.55628e-20
9.64194e-20
9.71828e-20
9.78522e-20
9.84271e-20
9.89069e-20
9.92913e-20
9.95799e-20
9.97724e-20
9.98687e-20
5.7419e-22
1.71983e-21
2.86097e-21
3.99661e-21
5.12574e-21
6.24739e-21
7.36055e-21
8.46425e-21
9.55751e-21
1.06394e-20
1.17089e-20
1.27651e-20
1.38071e-20
1.4834e-20
1.58448e-20
1.68388e-20
1.78148e-20
1.87723e-20
1.97102e-20
2.06278e-20
2.15242e-20
2.23988e-20
2.32506e-20
2.4079e-20
2.48831e-20
2.56624e-20
2.64162e-20
2.71437e-20
2.78443e-20
2.85174e-20
2.91624e-20
2.97788e-20
3.0366e-20
3.09235e-20
3.14508e-20
3.19474e-20
3.24129e-20
3.28468e-20
3.32489e-20
3.36188e-20
3.3956e-20
3.42604e-20
3.45316e-20
3.47695e-20
3.49738e-20
3.51443e-20
3.52808e-20
3.53834e-20
3.54518e-20
3.5486e-20
2.04152e-22
6.11482e-22
1.01721e-21
1.42099e-21
1.82245e-21
2.22125e-21
2.61703e-21
3.00945e-21
3.39816e-21
3.78282e-21
4.16309e-21
4.53863e-21
4.90911e-21
5.27422e-21
5.63362e-21
5.987e-21
6.33405e-21
6.67446e-21
7.00794e-21
7.33419e-21
7.65292e-21
7.96385e-21
8.26672e-21
8.56124e-21
8.84717e-21
9.12425e-21
9.39224e-21
9.6509e-21
9.9e-21
1.01393e-20
1.03687e-20
1.05878e-20
1.07966e-20
1.09948e-20
1.11823e-20
1.13588e-20
1.15244e-20
1.16787e-20
1.18216e-20
1.19531e-20
1.2073e-20
1.21812e-20
1.22777e-20
1.23622e-20
1.24349e-20
1.24955e-20
1.25441e-20
1.25805e-20
1.26048e-20
1.2617e-20
7.263e-23
2.17543e-22
3.61888e-22
5.05536e-22
6.48362e-22
7.9024e-22
9.31046e-22
1.07065e-21
1.20894e-21
1.34579e-21
1.48107e-21
1.61468e-21
1.74648e-21
1.87637e-21
2.00424e-21
2.12996e-21
2.25342e-21
2.37453e-21
2.49317e-21
2.60924e-21
2.72263e-21
2.83325e-21
2.941e-21
3.04578e-21
3.1475e-21
3.24608e-21
3.34142e-21
3.43344e-21
3.52206e-21
3.60721e-21
3.6888e-21
3.76676e-21
3.84104e-21
3.91155e-21
3.97825e-21
4.04106e-21
4.09995e-21
4.15484e-21
4.2057e-21
4.25248e-21
4.29514e-21
4.33364e-21
4.36795e-21
4.39804e-21
4.42388e-21
4.44544e-21
4.46272e-21
4.47569e-21
4.48434e-21
4.48867e-21
2.58542e-23
7.74392e-23
1.28822e-22
1.79957e-22
2.30799e-22
2.81303e-22
3.31426e-22
3.81123e-22
4.30349e-22
4.79063e-22
5.27221e-22
5.7478e-22
6.21699e-22
6.67936e-22
7.13451e-22
7.58204e-22
8.02155e-22
8.45266e-22
8.87498e-22
9.28815e-22
9.69179e-22
1.00856e-21
1.04691e-21
1.08421e-21
1.12042e-21
1.15551e-21
1.18945e-21
1.22221e-21
1.25375e-21
1.28406e-21
1.31311e-21
1.34086e-21
1.3673e-21
1.3924e-21
1.41614e-21
1.4385e-21
1.45946e-21
1.47901e-21
1.49711e-21
1.51376e-21
1.52895e-21
1.54265e-21
1.55487e-21
1.56558e-21
1.57478e-21
1.58245e-21
1.5886e-21
1.59322e-21
1.5963e-21
1.59784e-21
9.20859e-24
2.75818e-23
4.58829e-23
6.40957e-23
8.22043e-23
1.00193e-22
1.18045e-22
1.35746e-22
1.53279e-22
1.70629e-22
1.87782e-22
2.04721e-22
2.21432e-22
2.37901e-22
2.54112e-22
2.70052e-22
2.85706e-22
3.01061e-22
3.16103e-22
3.30819e-22
3.45196e-22
3.59221e-22
3.72882e-22
3.86167e-22
3.99064e-22
4.11562e-22
4.2365e-22
4.35317e-22
4.46554e-22
4.57349e-22
4.67694e-22
4.77579e-22
4.86996e-22
4.95936e-22
5.04393e-22
5.12357e-22
5.19822e-22
5.26782e-22
5.33231e-22
5.39162e-22
5.44571e-22
5.49452e-22
5.53802e-22
5.57617e-22
5.60893e-22
5.63627e-22
5.65818e-22
5.67462e-22
5.68559e-22
5.69108e-22
3.28165e-24
9.82927e-24
1.63512e-23
2.28417e-23
2.9295e-23
3.57055e-23
4.20675e-23
4.83754e-23
5.46237e-23
6.08069e-23
6.69195e-23
7.29562e-23
7.89115e-23
8.47804e-23
9.05576e-23
9.6238e-23
1.01817e-22
1.07289e-22
1.12649e-22
1.17893e-22
1.23017e-22
1.28015e-22
1.32883e-22
1.37618e-22
1.42214e-22
1.46668e-22
1.50976e-22
1.55133e-22
1.59138e-22
1.62985e-22
1.66671e-22
1.70194e-22
1.7355e-22
1.76736e-22
1.7975e-22
1.82588e-22
1.85248e-22
1.87728e-22
1.90026e-22
1.9214e-22
1.94068e-22
1.95807e-22
1.97358e-22
1.98717e-22
1.99884e-22
2.00859e-22
2.01639e-22
2.02226e-22
2.02616e-22
2.02812e-22
1.17228e-24
3.50471e-24
5.83016e-24
8.14441e-24
1.04454e-23
1.27312e-23
1.49997e-23
1.72497e-23
1.94795e-23
2.16828e-23
2.38591e-23
2.60173e-23
2.81296e-23
3.0175e-23
3.22475e-23
3.42823e-23
3.62711e-23
3.82238e-23
4.01366e-23
4.20246e-23
4.38297e-23
4.56167e-23
4.73646e-23
4.90563e-23
5.06883e-23
5.2289e-23
5.38166e-23
5.52999e-23
5.67311e-23
5.80903e-23
5.94062e-23
6.066e-23
6.18671e-23
6.30186e-23
6.40919e-23
6.51021e-23
6.60546e-23
6.69393e-23
6.77488e-23
6.84915e-23
6.91723e-23
6.97926e-23
7.03253e-23
7.0794e-23
7.12436e-23
7.15821e-23
7.18259e-23
7.20285e-23
7.21697e-23
7.22562e-23
