0.0507163
0.136569
0.207803
0.280315
0.36113
0.453742
0.557765
0.669333
0.781804
0.888068
0.983696
1.06667
1.13995
1.20629
1.2696
1.33083
1.37707
1.39437
1.42743
1.49564
0.00334491
0.0104398
0.0179523
0.0275077
0.0404551
0.0575958
0.0791008
0.103922
0.129052
0.150963
0.168172
0.181944
0.19353
0.202993
0.210792
0.219758
0.229614
0.232969
0.238572
0.253447
0.000148909
0.000591228
0.00126507
0.00240527
0.00437511
0.00756808
0.0121383
0.0176165
0.0226646
0.0263177
0.0285874
0.0299017
0.0307833
0.0314483
0.0320206
0.0325049
0.0333814
0.0339986
0.0346703
0.0365336
4.79935e-06
2.53583e-05
7.59367e-05
0.000199079
0.00048242
0.0010534
0.00199633
0.0031438
0.00403801
0.00445352
0.00456642
0.00450163
0.00436225
0.0042444
0.0041792
0.00413061
0.00413577
0.00417584
0.00421525
0.0043573
6.30493e-07
2.06816e-06
5.02913e-06
1.71636e-05
5.85992e-05
0.000162833
0.000356391
0.000578582
0.000706044
0.000718948
0.000680538
0.000622203
0.000558151
0.000504741
0.000470032
0.000447073
0.00043287
0.000428065
0.000428302
0.000434918
4.78791e-08
1.49764e-07
3.28716e-07
1.44693e-06
7.63122e-06
2.78192e-05
6.75208e-05
0.000106501
0.000116994
0.000108709
9.44726e-05
7.90146e-05
6.45162e-05
5.31922e-05
4.62199e-05
4.18521e-05
3.90329e-05
3.73968e-05
3.69979e-05
3.72271e-05
3.46657e-09
1.05038e-08
2.059e-08
1.13302e-07
1.01426e-06
5.12865e-06
1.31918e-05
1.87853e-05
1.8117e-05
1.53358e-05
1.20956e-05
9.13079e-06
6.65766e-06
4.92673e-06
3.94297e-06
3.37196e-06
3.03891e-06
2.82594e-06
2.75773e-06
2.75952e-06
2.48241e-10
7.4868e-10
1.44649e-09
9.64726e-09
1.37903e-07
1.00636e-06
2.56534e-06
3.07345e-06
2.62393e-06
1.99357e-06
1.37855e-06
9.1934e-07
5.92111e-07
3.88352e-07
2.84665e-07
2.3064e-07
2.02467e-07
1.85781e-07
1.80781e-07
1.80743e-07
1.77647e-11
5.34818e-11
1.08772e-10
1.05703e-09
2.16767e-08
2.01843e-07
4.70638e-07
4.69264e-07
3.5705e-07
2.36613e-07
1.39492e-07
7.97431e-08
4.47964e-08
2.59363e-08
1.7561e-08
1.37044e-08
1.19137e-08
1.10285e-08
1.08863e-08
1.09499e-08
1.2697e-12
3.84606e-12
8.04124e-12
1.1312e-10
3.28407e-09
4.05384e-08
7.95609e-08
6.81381e-08
4.55148e-08
2.54246e-08
1.24441e-08
5.9981e-09
2.9342e-09
1.50346e-09
9.6181e-10
7.42715e-10
6.53492e-10
6.24717e-10
6.37134e-10
6.50754e-10
9.12215e-14
2.77512e-13
6.17473e-13
1.50285e-11
5.34974e-10
8.01712e-09
1.24287e-08
9.44018e-09
5.35625e-09
2.39937e-09
9.39018e-10
3.76047e-10
1.63065e-10
7.56719e-11
4.80585e-11
3.85943e-11
3.54072e-11
3.54099e-11
3.76324e-11
3.91776e-11
6.60759e-15
2.00665e-14
4.62086e-14
1.64156e-12
8.20488e-11
1.48135e-09
1.83945e-09
1.25111e-09
5.69161e-10
1.97378e-10
6.08808e-11
2.03084e-11
8.0692e-12
3.62258e-12
2.45633e-12
2.12125e-12
2.04047e-12
2.12004e-12
2.33534e-12
2.47053e-12
4.83241e-16
1.45912e-15
3.48661e-15
1.81308e-13
1.18632e-11
2.50657e-10
2.63659e-10
1.56126e-10
5.42905e-11
1.43917e-11
3.48551e-12
9.88293e-13
3.86616e-13
1.83708e-13
1.39166e-13
1.2831e-13
1.27253e-13
1.35229e-13
1.52491e-13
1.63179e-13
3.56187e-17
1.07092e-16
2.62729e-16
2.04786e-14
1.63038e-12
3.91861e-11
3.67977e-11
1.81492e-11
4.68001e-12
9.40734e-13
1.79958e-13
4.6037e-14
1.94653e-14
1.04064e-14
8.7523e-15
8.42164e-15
8.56537e-15
9.09565e-15
1.01709e-14
1.10317e-14
2.64142e-18
7.92703e-18
1.98296e-17
2.36022e-15
2.15049e-13
5.82929e-12
4.99536e-12
1.93728e-12
3.6799e-13
5.5912e-14
8.66091e-15
2.21116e-15
1.07861e-15
6.52084e-16
5.90397e-16
5.85677e-16
6.1223e-16
6.45955e-16
6.97963e-16
7.6238e-16
1.96861e-19
5.90614e-19
1.55882e-18
2.60438e-16
2.69576e-14
8.34246e-13
6.52137e-13
1.89263e-13
2.68676e-14
3.18894e-15
4.32439e-16
1.20268e-16
6.60342e-17
4.37221e-17
4.12809e-17
4.16849e-17
4.41107e-17
4.72552e-17
5.02886e-17
5.47602e-17
1.47432e-20
4.42345e-20
1.2824e-19
3.16474e-17
3.65169e-15
1.16899e-13
8.06376e-14
1.70111e-14
1.81553e-15
1.70621e-16
2.20932e-17
7.18455e-18
4.2307e-18
2.97473e-18
2.90691e-18
2.96269e-18
3.12255e-18
3.37221e-18
3.63162e-18
3.96354e-18
1.10891e-21
3.32958e-21
1.15569e-20
3.93606e-18
4.98132e-16
1.65087e-14
9.33556e-15
1.41513e-15
1.13749e-16
8.66079e-18
1.1901e-18
4.59061e-19
2.78578e-19
1.98994e-19
2.03105e-19
2.08397e-19
2.16789e-19
2.34366e-19
2.58329e-19
2.84254e-19
8.37253e-23
2.51745e-22
1.18475e-21
5.0258e-19
6.62841e-17
2.34081e-15
9.92818e-16
1.08546e-16
6.6365e-18
4.2882e-19
6.83209e-20
3.01681e-20
1.89195e-20
1.33396e-20
1.40174e-20
1.457e-20
1.4956e-20
1.60643e-20
1.80831e-20
2.01324e-20
6.34509e-24
1.91112e-23
1.44425e-22
6.19446e-20
8.41433e-18
2.84462e-16
8.72664e-17
6.9652e-18
3.1772e-19
1.91836e-20
3.77348e-21
1.83499e-21
1.1908e-21
8.54968e-22
9.19082e-22
9.57472e-22
9.66754e-22
1.03561e-21
1.17568e-21
1.31763e-21
