0.0537286
0.144523
0.219151
0.294355
0.37749
0.47218
0.578088
0.691348
0.805314
0.912909
1.00976
1.09387
1.16821
1.23552
1.29963
1.3615
1.40815
1.42563
1.45909
1.5285
0.00434733
0.013268
0.02232
0.0334536
0.0481815
0.0673835
0.0912059
0.118488
0.146009
0.170038
0.189052
0.204465
0.217588
0.228361
0.237191
0.247218
0.258113
0.261858
0.268164
0.284589
0.000265267
0.00096973
0.00194202
0.00348771
0.0060385
0.0100557
0.0156881
0.0223502
0.0284753
0.0329698
0.0358668
0.0376695
0.0389786
0.0400061
0.0408681
0.0415908
0.0427731
0.0435937
0.0445142
0.0468658
7.34357e-06
4.55515e-05
0.000137245
0.000337699
0.000759929
0.00156999
0.0028632
0.00440718
0.00561332
0.00620412
0.00640902
0.00638514
0.00626347
0.00616341
0.00612181
0.00608998
0.00613027
0.00620866
0.00628685
0.00649712
6.05267e-07
2.25821e-06
7.93559e-06
3.13533e-05
0.000102145
0.000267595
0.000561754
0.00089222
0.0010854
0.00111484
0.00106995
0.000995073
0.00091047
0.000839472
0.000793686
0.000763525
0.000746017
0.000742166
0.000746175
0.000757977
4.74963e-08
1.55239e-07
4.69072e-07
2.80083e-06
1.45625e-05
4.99942e-05
0.000116551
0.000180933
0.00020009
0.000188869
0.000167395
0.000143296
0.000120197
0.000101803
9.02823e-05
8.29909e-05
7.824e-05
7.55635e-05
7.51949e-05
7.57103e-05
3.45856e-09
1.06606e-08
2.84173e-08
2.53894e-07
2.17595e-06
1.00854e-05
2.49727e-05
3.53989e-05
3.47859e-05
3.01343e-05
2.44006e-05
1.89639e-05
1.4293e-05
1.09213e-05
8.9363e-06
7.75382e-06
7.04749e-06
6.59477e-06
6.46158e-06
6.4638e-06
2.48814e-10
7.59619e-10
1.98638e-09
2.54483e-08
3.38123e-07
2.17125e-06
5.35302e-06
6.48846e-06
5.70865e-06
4.47613e-06
3.20397e-06
2.21162e-06
1.47761e-06
1.0011e-06
7.46104e-07
6.07628e-07
5.32926e-07
4.8793e-07
4.73432e-07
4.71592e-07
1.78418e-11
5.44217e-11
1.62103e-10
3.17372e-09
5.87126e-08
4.7895e-07
1.09119e-06
1.12025e-06
8.87541e-07
6.13116e-07
3.77496e-07
2.24172e-07
1.30315e-07
7.72705e-08
5.22237e-08
4.00552e-08
3.41292e-08
3.10334e-08
3.0198e-08
3.00975e-08
1.27446e-12
3.90804e-12
1.30102e-11
3.90936e-10
9.96871e-09
1.06087e-07
2.06954e-07
1.85254e-07
1.30235e-07
7.6697e-08
3.95064e-08
1.97566e-08
9.86898e-09
5.0488e-09
3.10018e-09
2.26569e-09
1.90271e-09
1.75515e-09
1.74611e-09
1.75946e-09
9.14335e-14
2.81432e-13
1.16901e-12
5.90023e-11
1.81935e-09
2.32526e-08
3.66182e-08
2.94037e-08
1.77753e-08
8.49275e-09
3.50733e-09
1.43763e-09
6.15313e-10
2.69101e-10
1.53018e-10
1.1125e-10
9.58967e-11
9.21491e-11
9.5549e-11
9.82688e-11
6.61458e-15
2.02807e-14
9.55746e-14
7.35202e-12
3.14188e-10
4.7945e-09
6.18188e-09
4.48742e-09
2.20557e-09
8.22497e-10
2.6566e-10
8.75904e-11
3.21448e-11
1.22839e-11
6.88071e-12
5.29682e-12
4.84666e-12
4.90685e-12
5.33391e-12
5.6083e-12
4.83482e-16
1.4698e-15
8.09617e-15
9.27346e-13
5.14094e-11
9.1254e-10
1.01532e-09
6.4807e-10
2.46791e-10
7.04126e-11
1.74125e-11
4.54114e-12
1.47192e-12
5.28269e-13
3.22329e-13
2.75006e-13
2.6714e-13
2.81563e-13
3.16981e-13
3.38998e-13
3.56316e-17
1.07653e-16
6.98408e-16
1.1988e-13
8.03702e-12
1.61711e-10
1.62948e-10
8.76017e-11
2.49999e-11
5.35518e-12
9.91974e-13
2.05267e-13
6.31034e-14
2.41166e-14
1.74204e-14
1.63404e-14
1.66024e-14
1.76586e-14
1.98172e-14
2.15376e-14
2.64237e-18
7.96141e-18
6.1522e-17
1.58435e-14
1.21118e-12
2.74405e-11
2.55177e-11
1.09192e-11
2.30649e-12
3.64538e-13
4.97559e-14
8.49831e-15
2.79309e-15
1.28266e-15
1.08886e-15
1.08164e-15
1.13693e-15
1.20519e-15
1.3072e-15
1.43157e-15
1.96926e-19
5.93322e-19
5.95142e-18
2.01146e-15
1.74271e-13
4.49808e-12
3.85373e-12
1.24865e-12
1.96591e-13
2.33195e-14
2.43486e-15
3.71036e-16
1.42433e-16
7.9849e-17
7.39361e-17
7.5158e-17
8.00651e-17
8.62218e-17
9.20303e-17
1.00446e-16
1.47485e-20
4.44663e-20
6.2234e-19
2.80134e-16
2.7053e-14
7.23758e-13
5.52774e-13
1.31371e-13
1.53901e-14
1.35454e-15
1.11144e-16
1.74334e-17
8.20761e-18
5.26372e-18
5.12159e-18
5.26239e-18
5.58786e-18
6.06735e-18
6.55376e-18
7.1678e-18
1.10936e-21
3.35418e-21
7.53752e-20
3.9913e-17
4.23298e-15
1.175e-13
7.44348e-14
1.27682e-14
1.10491e-15
7.11926e-17
4.86893e-18
9.29442e-19
5.14117e-19
3.45395e-19
3.52721e-19
3.65411e-19
3.83296e-19
4.16907e-19
4.6128e-19
5.08723e-19
8.37627e-23
2.54886e-22
1.05861e-20
5.83235e-18
6.46061e-16
1.91439e-14
9.21878e-15
1.13911e-15
7.2721e-17
3.40877e-18
2.14514e-19
5.5725e-20
3.38775e-20
2.26686e-20
2.3934e-20
2.51578e-20
2.60684e-20
2.82134e-20
3.19314e-20
3.56532e-20
6.34843e-24
1.96771e-23
1.82869e-21
8.32126e-19
9.36207e-17
2.62017e-15
9.26574e-16
8.28906e-17
3.76473e-18
1.33069e-19
9.11615e-21
3.25472e-21
2.06489e-21
1.41302e-21
1.53598e-21
1.62137e-21
1.6554e-21
1.79054e-21
2.04797e-21
2.30408e-21
