0.0618624
0.165906
0.249499
0.331672
0.42062
0.520285
0.630454
0.747278
0.864162
0.97418
1.07314
1.15916
1.23527
1.3041
1.36942
1.43216
1.4793
1.49702
1.53102
1.60204
0.00872605
0.025386
0.0405922
0.0576297
0.0786235
0.104679
0.135818
0.170528
0.205023
0.235107
0.259248
0.2793
0.296744
0.311158
0.322825
0.335723
0.349373
0.354163
0.362337
0.382741
0.00130393
0.00404229
0.006913
0.0106915
0.0161453
0.0239675
0.0341947
0.0457431
0.0562273
0.0641712
0.0697271
0.0736866
0.0769213
0.0795788
0.0817219
0.0834872
0.0859372
0.0875876
0.0895339
0.093748
0.000136264
0.000520121
0.00107352
0.00193828
0.00336964
0.00572761
0.00908129
0.0128231
0.0157514
0.0173927
0.018253
0.0186393
0.0188139
0.0189899
0.0192164
0.019378
0.0197066
0.0200585
0.0204158
0.0210299
2.12463e-06
2.50153e-05
0.000110892
0.000314911
0.00071215
0.001433
0.00252106
0.00364185
0.00432504
0.00452284
0.00449833
0.00437911
0.00422335
0.00409415
0.00402056
0.00397679
0.00397053
0.00400316
0.00406514
0.0041281
5.85085e-08
7.33249e-07
7.73838e-06
4.3658e-05
0.000150399
0.000376617
0.00072382
0.00103103
0.00114105
0.00111789
0.00104566
0.00095741
0.000868978
0.000795964
0.0007495
0.000720622
0.000701966
0.000694629
0.000702725
0.000709416
3.99312e-09
3.82785e-08
6.2321e-07
6.11458e-06
3.2299e-05
0.000104221
0.000212487
0.000284115
0.000287868
0.000263719
0.000230002
0.000195538
0.000163949
0.000139505
0.000124015
0.000114476
0.000108454
0.000104948
0.000105196
0.000105811
2.74437e-10
2.59315e-09
6.52838e-08
9.87886e-07
7.35073e-06
3.04702e-05
6.26345e-05
7.47516e-05
6.96529e-05
5.90673e-05
4.67994e-05
3.62543e-05
2.77082e-05
2.15139e-05
1.77736e-05
1.55555e-05
1.42593e-05
1.35276e-05
1.34351e-05
1.3462e-05
1.94103e-11
2.02476e-10
7.8458e-09
1.76108e-07
1.78618e-06
9.12927e-06
1.78397e-05
1.88691e-05
1.62422e-05
1.25113e-05
8.82599e-06
6.05946e-06
4.13466e-06
2.88353e-06
2.18502e-06
1.79552e-06
1.58399e-06
1.47533e-06
1.45427e-06
1.45033e-06
1.35122e-12
1.68631e-11
1.00191e-09
3.21082e-08
4.32358e-07
2.76037e-06
4.83493e-06
4.62742e-06
3.64378e-06
2.49184e-06
1.5326e-06
9.14842e-07
5.47185e-07
3.35453e-07
2.29551e-07
1.75151e-07
1.47569e-07
1.35153e-07
1.33e-07
1.32469e-07
9.42048e-14
1.23597e-12
1.40881e-10
6.51737e-09
1.12032e-07
8.34899e-07
1.24983e-06
1.10359e-06
7.78556e-07
4.55321e-07
2.35507e-07
1.18654e-07
6.11595e-08
3.20985e-08
1.94498e-08
1.37393e-08
1.1149e-08
1.01331e-08
1.00672e-08
1.00875e-08
6.70805e-15
9.0479e-14
1.79071e-11
1.19558e-09
2.78945e-08
2.41952e-07
3.13248e-07
2.56575e-07
1.55409e-07
7.51968e-08
3.19138e-08
1.3236e-08
5.7397e-09
2.50808e-09
1.32608e-09
8.70448e-10
6.92008e-10
6.34874e-10
6.46937e-10
6.57832e-10
4.86926e-16
6.89137e-15
2.40014e-12
2.22736e-10
6.6698e-09
6.61408e-08
7.71771e-08
5.74159e-08
2.87221e-08
1.126e-08
3.81993e-09
1.2622e-09
4.52314e-10
1.60055e-10
7.25956e-11
4.48341e-11
3.59182e-11
3.40821e-11
3.62197e-11
3.77025e-11
3.58034e-17
5.57542e-16
3.30023e-13
4.27967e-11
1.54395e-09
1.71858e-08
1.87502e-08
1.2266e-08
4.91632e-09
1.52349e-09
3.99665e-10
1.01739e-10
2.96401e-11
8.25631e-12
3.17248e-12
1.92463e-12
1.6466e-12
1.64953e-12
1.81372e-12
1.95294e-12
2.65379e-18
4.9611e-17
4.63635e-14
8.4619e-12
3.48291e-10
4.34622e-09
4.4891e-09
2.47118e-09
7.80432e-10
1.86031e-10
3.63237e-11
6.89372e-12
1.60591e-12
3.42125e-13
1.12841e-13
7.48194e-14
7.37574e-14
7.89831e-14
8.70597e-14
9.6387e-14
1.97917e-19
5.78216e-18
7.27624e-15
1.63155e-12
7.60458e-11
1.07348e-09
1.04823e-09
4.66508e-10
1.15631e-10
2.12529e-11
3.10687e-12
4.30679e-13
7.7281e-14
1.29746e-14
3.98125e-15
3.15434e-15
3.51353e-15
3.97967e-15
4.35577e-15
4.85429e-15
1.48528e-20
7.20282e-19
1.19192e-15
3.40443e-13
1.7789e-11
2.62063e-10
2.3572e-10
8.24357e-11
1.58615e-11
2.19402e-12
2.34962e-13
2.35157e-14
3.21871e-15
4.32782e-16
1.47573e-16
1.52986e-16
1.79751e-16
2.05699e-16
2.27814e-16
2.54776e-16
1.12317e-21
1.14605e-19
2.23679e-16
7.29004e-14
4.21251e-12
6.47335e-11
5.05844e-11
1.36351e-11
2.003e-12
2.02231e-13
1.55961e-14
1.12378e-15
1.15555e-16
1.37399e-17
6.89724e-18
8.61408e-18
9.81956e-18
1.10398e-17
1.2509e-17
1.40793e-17
8.5859e-23
2.22483e-20
4.76322e-17
1.60312e-14
9.73427e-13
1.59599e-11
1.01024e-11
2.07894e-12
2.30511e-13
1.64936e-14
8.97825e-16
4.66726e-17
3.56183e-18
4.5754e-19
4.06891e-19
5.22008e-19
5.632e-19
6.21802e-19
7.2077e-19
8.19131e-19
7.31521e-24
8.48353e-21
1.48294e-17
3.56998e-15
2.07571e-13
3.05652e-12
1.5292e-12
2.37713e-13
1.88162e-14
9.38851e-16
3.68923e-17
1.40362e-18
8.9405e-20
1.86282e-20
2.5421e-20
3.03855e-20
3.15427e-20
3.48223e-20
4.08174e-20
4.66359e-20
