0.0627678
0.168275
0.252845
0.335761
0.425309
0.525463
0.636022
0.753144
0.870245
0.980422
1.07951
1.16563
1.24183
1.31074
1.37611
1.43887
1.48602
1.50374
1.53775
1.60881
0.00942683
0.0273008
0.0434341
0.0613175
0.083163
0.110102
0.142138
0.177718
0.212999
0.243751
0.268452
0.289006
0.306913
0.321714
0.333679
0.346873
0.3608
0.365698
0.374058
0.394846
0.00156056
0.00477219
0.00804086
0.012246
0.0182162
0.0266746
0.0376312
0.0499265
0.0610674
0.0695366
0.0755069
0.079811
0.0833555
0.0862741
0.0886199
0.0905485
0.0931883
0.0949614
0.0970584
0.101528
0.000192701
0.000701637
0.0013878
0.00241837
0.00408141
0.00676982
0.0105374
0.0147055
0.0179699
0.0198301
0.0208411
0.021335
0.0215961
0.0218509
0.0221484
0.0223613
0.0227575
0.0231695
0.0235878
0.0242808
3.95093e-06
4.02486e-05
0.000162082
0.000429383
0.00092367
0.00179306
0.00307758
0.00438659
0.00519041
0.00543867
0.00543234
0.00531695
0.00515874
0.00502839
0.00495765
0.00491751
0.00491993
0.00496602
0.00504649
0.00512346
7.50193e-08
1.25898e-06
1.25956e-05
6.48366e-05
0.00020794
0.000496392
0.000927079
0.0013038
0.00144224
0.0014196
0.00133715
0.0012348
0.00113166
0.00104619
0.000991876
0.000958412
0.000936916
0.000929448
0.000941638
0.000950751
4.66422e-09
6.53256e-08
1.08562e-06
9.72228e-06
4.72745e-05
0.000144063
0.000285036
0.000377518
0.000383734
0.000354049
0.000311815
0.000268249
0.000228024
0.000196658
0.000176625
0.000164278
0.000156429
0.000151983
0.000152715
0.000153701
3.04736e-10
4.58578e-09
1.21263e-07
1.66681e-06
1.13351e-05
4.40457e-05
8.79802e-05
0.000104565
9.80461e-05
8.39646e-05
6.74201e-05
5.30464e-05
4.12772e-05
3.26338e-05
2.7343e-05
2.41776e-05
2.23104e-05
2.12795e-05
2.12045e-05
2.12694e-05
2.10887e-11
3.74167e-10
1.5389e-08
3.13823e-07
2.8957e-06
1.37897e-05
2.62811e-05
2.78324e-05
2.41753e-05
1.88737e-05
1.35528e-05
9.49149e-06
6.62307e-06
4.7268e-06
3.64717e-06
3.03577e-06
2.69995e-06
2.53047e-06
2.50352e-06
2.4998e-06
1.43397e-12
3.32507e-11
2.07171e-09
6.03841e-08
7.37131e-07
4.35773e-06
7.48817e-06
7.20496e-06
5.74442e-06
4.00107e-06
2.51844e-06
1.5411e-06
9.46906e-07
5.97384e-07
4.17946e-07
3.23725e-07
2.75187e-07
2.53555e-07
2.5026e-07
2.49453e-07
9.70564e-14
2.512e-12
3.01514e-10
1.27669e-08
2.00542e-07
1.37875e-06
2.03955e-06
1.81559e-06
1.30315e-06
7.81468e-07
4.16493e-07
2.16353e-07
1.15084e-07
6.25752e-08
3.89276e-08
2.79289e-08
2.28214e-08
2.08091e-08
2.06816e-08
2.07103e-08
6.81342e-15
1.93358e-13
4.04591e-11
2.46922e-09
5.25206e-08
4.18836e-07
5.39328e-07
4.46505e-07
2.77047e-07
1.3856e-07
6.10714e-08
2.62942e-08
1.18217e-08
5.39083e-09
2.93784e-09
1.95459e-09
1.55597e-09
1.42405e-09
1.44503e-09
1.46523e-09
4.91274e-16
1.55796e-14
5.71834e-12
4.84943e-10
1.32275e-08
1.20323e-07
1.40288e-07
1.05876e-07
5.47178e-08
2.23656e-08
7.94969e-09
2.74908e-09
1.02599e-09
3.81577e-10
1.78788e-10
1.11045e-10
8.81116e-11
8.27371e-11
8.70812e-11
9.01857e-11
3.60302e-17
1.34336e-15
8.29088e-13
9.82523e-11
3.22925e-09
3.29327e-08
3.60057e-08
2.40217e-08
1.00414e-08
3.27388e-09
9.08623e-10
2.44287e-10
7.44115e-11
2.19123e-11
8.66689e-12
5.1781e-12
4.31086e-12
4.24319e-12
4.60828e-12
4.93134e-12
2.66922e-18
1.28621e-16
1.22806e-13
2.04921e-11
7.68986e-10
8.78782e-09
9.11406e-09
5.15447e-09
1.71413e-09
4.33837e-10
9.05164e-11
1.83187e-11
4.47438e-12
1.00976e-12
3.34947e-13
2.0888e-13
1.97299e-13
2.07886e-13
2.2739e-13
2.50667e-13
1.99543e-19
1.64737e-17
2.035e-14
4.17529e-12
1.77492e-10
2.2926e-09
2.25275e-09
1.03949e-09
2.73756e-10
5.38586e-11
8.48234e-12
1.26531e-12
2.389e-13
4.20531e-14
1.21385e-14
8.5119e-15
9.16041e-15
1.03342e-14
1.13103e-14
1.26017e-14
1.5053e-20
2.21863e-18
3.50608e-15
9.18431e-13
4.38233e-11
5.91504e-10
5.37142e-10
1.96782e-10
4.05726e-11
6.05486e-12
7.03355e-13
7.62609e-14
1.09982e-14
1.49912e-15
4.12505e-16
3.73108e-16
4.40977e-16
5.10457e-16
5.68519e-16
6.38182e-16
1.15429e-21
3.78807e-19
6.91506e-16
2.07385e-13
1.09574e-11
1.54407e-10
1.22483e-10
3.49531e-11
5.54652e-12
6.08724e-13
5.11902e-14
4.01152e-15
4.33376e-16
4.79224e-17
1.57433e-17
1.88944e-17
2.23914e-17
2.55743e-17
2.92314e-17
3.31145e-17
9.12245e-23
7.77745e-20
1.54599e-16
4.80883e-14
2.67218e-12
4.01536e-11
2.60194e-11
5.7273e-12
6.91077e-13
5.41366e-14
3.22685e-15
1.82663e-16
1.44073e-17
1.40262e-18
7.66744e-19
1.07049e-18
1.19739e-18
1.33424e-18
1.56183e-18
1.78837e-18
1.03878e-23
3.25879e-20
5.18489e-17
1.13291e-14
5.97401e-13
8.00796e-12
4.14078e-12
6.9451e-13
6.01487e-14
3.29809e-15
1.41974e-16
5.86343e-18
3.66738e-19
4.16837e-20
4.49599e-20
6.02645e-20
6.32404e-20
7.00411e-20
8.29065e-20
9.54024e-20
