0.0642199
0.17207
0.258195
0.342285
0.432771
0.533675
0.64482
0.762375
0.879776
0.990162
1.08941
1.17566
1.25196
1.32095
1.38636
1.44913
1.49627
1.514
1.548
1.61908
0.0106707
0.030686
0.0484337
0.0677653
0.0910419
0.119437
0.152924
0.189887
0.226402
0.258191
0.283757
0.305086
0.323703
0.339094
0.351511
0.365152
0.379496
0.384555
0.393195
0.414548
0.0020895
0.00625835
0.0103041
0.0153144
0.0222288
0.0318231
0.0440573
0.0576428
0.0699114
0.0792844
0.0859717
0.0908749
0.0949581
0.098329
0.101024
0.103234
0.106195
0.108175
0.110524
0.115412
0.000336094
0.00114295
0.0021172
0.00348787
0.00561903
0.00895398
0.0135126
0.0184849
0.0223858
0.0246699
0.0259816
0.0266975
0.0271412
0.0275607
0.0280038
0.0283219
0.0288521
0.0293806
0.0299165
0.030756
1.14972e-05
8.98211e-05
0.000306359
0.00072313
0.00143262
0.00261919
0.00431132
0.00600632
0.00706206
0.00742407
0.00746772
0.00737375
0.00722404
0.00710306
0.00704688
0.0070205
0.00704604
0.0071237
0.00724564
0.00735258
1.72414e-07
3.48031e-06
2.92371e-05
0.00012735
0.000361297
0.000794693
0.00141293
0.00194419
0.00214898
0.00213247
0.00203267
0.00190441
0.00177369
0.00166473
0.00159587
0.00155436
0.00152808
0.00152181
0.00154492
0.00156011
8.30406e-09
1.90574e-07
2.88266e-06
2.16873e-05
9.10496e-05
0.00025091
0.000471228
0.000614053
0.000627717
0.000586445
0.000525361
0.000461275
0.000401349
0.000354011
0.000323385
0.00030453
0.000292385
0.000285909
0.000288347
0.000290467
4.79406e-10
1.45902e-08
3.59903e-07
4.1355e-06
2.39672e-05
8.30232e-05
0.000157723
0.000186133
0.000176465
0.000153757
0.000126386
0.000102166
8.19869e-05
6.68294e-05
5.73345e-05
5.15723e-05
4.81179e-05
4.63008e-05
4.63784e-05
4.65965e-05
3.11408e-11
1.30164e-09
5.04025e-08
8.58757e-07
6.69125e-06
2.80863e-05
5.12291e-05
5.43715e-05
4.79798e-05
3.83497e-05
2.84059e-05
2.05959e-05
1.49378e-05
1.10884e-05
8.82307e-06
7.50675e-06
6.77025e-06
6.41312e-06
6.38312e-06
6.38671e-06
1.96141e-12
1.28081e-10
7.44642e-09
1.81979e-07
1.86234e-06
9.59246e-06
1.59368e-05
1.54735e-05
1.26058e-05
9.06417e-06
5.93903e-06
3.79484e-06
2.44311e-06
1.61888e-06
1.17674e-06
9.35876e-07
8.08605e-07
7.53367e-07
7.47615e-07
7.46378e-07
1.15887e-13
1.02785e-11
1.15157e-09
4.14044e-08
5.52078e-07
3.28451e-06
4.757e-06
4.29324e-06
3.1743e-06
1.98757e-06
1.11549e-06
6.11087e-07
3.43401e-07
1.98447e-07
1.29299e-07
9.54962e-08
7.91894e-08
7.27721e-08
7.24592e-08
7.25291e-08
7.57271e-15
8.72763e-13
1.69837e-10
8.78954e-09
1.58019e-07
1.0836e-06
1.38151e-06
1.16451e-06
7.52918e-07
3.98519e-07
1.87441e-07
8.61172e-08
4.12585e-08
2.02632e-08
1.16682e-08
7.99062e-09
6.41349e-09
5.86993e-09
5.92624e-09
5.98606e-09
5.25543e-16
7.77372e-14
2.63192e-11
1.89347e-09
4.35919e-08
3.39529e-07
3.95008e-07
3.05382e-07
1.66826e-07
7.3234e-08
2.81992e-08
1.05544e-08
4.23506e-09
1.72053e-09
8.59101e-10
5.45922e-10
4.30705e-10
3.99446e-10
4.1438e-10
4.25728e-10
3.79662e-17
7.43455e-15
4.18234e-12
4.20793e-10
1.16795e-08
1.01757e-07
1.11526e-07
7.69037e-08
3.45285e-08
1.22803e-08
3.75503e-09
1.11065e-09
3.66919e-10
1.19744e-10
5.07655e-11
3.04106e-11
2.45322e-11
2.35004e-11
2.49671e-11
2.64119e-11
2.81123e-18
7.91914e-16
6.78671e-13
9.62816e-11
3.0562e-09
2.98112e-08
3.1091e-08
1.8401e-08
6.68178e-09
1.87447e-09
4.38654e-10
9.94172e-11
2.65529e-11
6.73193e-12
2.37684e-12
1.41063e-12
1.24654e-12
1.26789e-12
1.36025e-12
1.48287e-12
2.16071e-19
1.13946e-16
1.23487e-13
2.15825e-11
7.76818e-10
8.55218e-09
8.47864e-09
4.15857e-09
1.2146e-09
2.6873e-10
4.81991e-11
8.1939e-12
1.71023e-12
3.3911e-13
9.99197e-14
6.10054e-14
6.03343e-14
6.62324e-14
7.1857e-14
7.95374e-14
1.72684e-20
1.69418e-17
2.31962e-14
5.1987e-12
2.10547e-10
2.42818e-09
2.23652e-09
8.8638e-10
2.05758e-10
3.50356e-11
4.69691e-12
5.88645e-13
9.48088e-14
1.43847e-14
3.55751e-15
2.52292e-15
2.84001e-15
3.28246e-15
3.66216e-15
4.10872e-15
1.52664e-21
3.16862e-18
4.98069e-15
1.28584e-12
5.78127e-11
6.97171e-10
5.66114e-10
1.77987e-10
3.22665e-11
4.09819e-12
4.02071e-13
3.67809e-14
4.48156e-15
5.28138e-16
1.17734e-16
1.10397e-16
1.34485e-16
1.56946e-16
1.81269e-16
2.06493e-16
1.59314e-22
7.03286e-19
1.20983e-15
3.26468e-13
1.54607e-11
1.98545e-10
1.33618e-10
3.29912e-11
4.6108e-12
4.23824e-13
2.97421e-14
1.97713e-15
1.76774e-16
1.62483e-17
4.05695e-18
5.3805e-18
6.51918e-18
7.45238e-18
8.874e-18
1.02731e-17
5.66067e-23
3.43534e-19
4.60576e-16
8.45552e-14
3.73948e-12
4.23573e-11
2.31156e-11
4.41663e-12
4.47684e-13
2.90371e-14
1.47495e-15
7.15115e-17
5.0279e-18
3.93558e-19
1.67924e-19
2.75949e-19
3.0994e-19
3.48191e-19
4.20888e-19
4.91352e-19
