0.038176
0.103
0.158783
0.217702
0.28533
0.364457
0.454619
0.552154
0.650767
0.743549
0.826057
0.896418
0.957478
1.01251
1.06589
1.11877
1.15934
1.17415
1.20209
1.25465
0.00134626
0.00450663
0.00811559
0.0129386
0.0197498
0.0290202
0.0408
0.0544595
0.0680872
0.0794091
0.0874156
0.0928092
0.0965472
0.0992917
0.101722
0.105127
0.10947
0.110732
0.112744
0.119484
7.81211e-05
0.000266733
0.000493476
0.00085233
0.00148594
0.0025273
0.00402784
0.00581639
0.00737842
0.00833981
0.0087241
0.00871865
0.00855515
0.00838341
0.00829336
0.00824169
0.00834906
0.00844745
0.00851104
0.00895605
8.20874e-06
2.58773e-05
4.27347e-05
6.97137e-05
0.000128363
0.000244732
0.000429753
0.000644399
0.000789233
0.00082147
0.000791797
0.000733568
0.0006696
0.000621645
0.000594876
0.000578503
0.000573612
0.000578296
0.000580537
0.000603677
6.86421e-07
2.1187e-06
3.45615e-06
5.54357e-06
1.15872e-05
2.56614e-05
4.83208e-05
7.06644e-05
7.86634e-05
7.33854e-05
6.46832e-05
5.59758e-05
4.81067e-05
4.25085e-05
3.97048e-05
3.83267e-05
3.779e-05
3.81348e-05
3.86533e-05
3.98645e-05
4.97946e-08
1.50114e-07
2.46064e-07
3.74379e-07
9.33885e-07
2.77554e-06
5.50986e-06
7.38858e-06
7.01059e-06
5.89014e-06
4.86015e-06
3.99455e-06
3.28879e-06
2.81698e-06
2.61753e-06
2.5436e-06
2.51492e-06
2.53117e-06
2.59984e-06
2.68496e-06
3.4984e-09
1.04781e-08
1.72945e-08
2.51942e-08
6.42626e-08
3.04317e-07
6.1837e-07
7.02696e-07
5.61684e-07
4.39181e-07
3.46571e-07
2.76346e-07
2.21163e-07
1.87025e-07
1.74692e-07
1.71556e-07
1.70989e-07
1.71695e-07
1.77822e-07
1.84332e-07
2.46814e-10
7.37956e-10
1.22374e-09
1.77477e-09
4.35457e-09
3.41816e-08
6.5992e-08
5.91313e-08
4.19894e-08
3.1359e-08
2.36414e-08
1.85338e-08
1.47661e-08
1.24834e-08
1.17815e-08
1.16703e-08
1.17226e-08
1.18348e-08
1.2359e-08
1.28468e-08
1.75473e-11
5.24357e-11
8.72846e-11
1.27958e-10
3.30764e-10
3.8709e-09
6.35833e-09
4.55559e-09
3.05592e-09
2.20191e-09
1.59393e-09
1.22431e-09
9.86048e-10
8.41215e-10
8.02488e-10
7.99999e-10
8.07776e-10
8.24072e-10
8.69174e-10
9.04625e-10
1.25604e-12
3.76038e-12
6.27667e-12
9.26669e-12
2.55761e-11
4.34201e-10
5.45141e-10
3.39156e-10
2.21717e-10
1.5381e-10
1.07631e-10
8.19066e-11
6.70795e-11
5.76971e-11
5.54413e-11
5.52145e-11
5.57461e-11
5.77083e-11
6.16976e-11
6.43949e-11
9.06074e-14
2.71599e-13
4.55646e-13
6.75e-13
2.10395e-12
4.6557e-11
4.24384e-11
2.51805e-11
1.60414e-11
1.05389e-11
7.21925e-12
5.52267e-12
4.62449e-12
4.0089e-12
3.87433e-12
3.85219e-12
3.87688e-12
4.04782e-12
4.37944e-12
4.58221e-12
6.58728e-15
1.97392e-14
3.32476e-14
4.92375e-14
1.66607e-13
4.49285e-12
3.16247e-12
1.90237e-12
1.13628e-12
7.09602e-13
4.87791e-13
3.79006e-13
3.21288e-13
2.80636e-13
2.74218e-13
2.73095e-13
2.74586e-13
2.87608e-13
3.14005e-13
3.29113e-13
4.82533e-16
1.44403e-15
2.43798e-15
3.62437e-15
1.26865e-14
3.84071e-13
2.3666e-13
1.44694e-13
7.83401e-14
4.81278e-14
3.37445e-14
2.64492e-14
2.26526e-14
1.98719e-14
1.96775e-14
1.96471e-14
1.97231e-14
2.06457e-14
2.26568e-14
2.37903e-14
3.55803e-17
1.06374e-16
1.79359e-16
2.69405e-16
9.41825e-16
2.98741e-14
1.81761e-14
1.09513e-14
5.32592e-15
3.30287e-15
2.36975e-15
1.86113e-15
1.60897e-15
1.42348e-15
1.43003e-15
1.43311e-15
1.44863e-15
1.49807e-15
1.61947e-15
1.7146e-15
2.63861e-18
7.8854e-18
1.32414e-17
2.02086e-17
6.91278e-17
2.23473e-15
1.44392e-15
8.10551e-16
3.63069e-16
2.29484e-16
1.66962e-16
1.31412e-16
1.1458e-16
1.03353e-16
1.04855e-16
1.05711e-16
1.08454e-16
1.11051e-16
1.16474e-16
1.2417e-16
1.96668e-19
5.877e-19
9.84154e-19
1.52228e-18
5.04038e-18
1.66801e-16
1.17103e-16
5.78482e-17
2.50128e-17
1.63941e-17
1.19061e-17
9.43155e-18
8.23942e-18
7.56999e-18
7.69931e-18
7.79213e-18
8.03118e-18
8.32698e-18
8.63424e-18
9.19123e-18
1.47274e-20
4.40104e-20
7.35747e-20
1.15132e-19
4.0081e-19
1.28598e-17
9.47318e-18
3.99968e-18
1.75364e-18
1.1909e-18
8.54958e-19
6.84459e-19
5.93707e-19
5.53476e-19
5.66461e-19
5.74176e-19
5.87526e-19
6.11731e-19
6.39441e-19
6.81032e-19
1.10755e-21
3.31026e-21
5.52958e-21
8.72344e-21
3.31784e-20
1.06143e-18
7.48383e-19
2.72202e-19
1.24966e-19
8.58118e-20
6.1155e-20
5.00036e-20
4.32653e-20
3.99308e-20
4.17148e-20
4.24442e-20
4.29249e-20
4.45028e-20
4.71093e-20
5.03111e-20
8.36141e-23
2.49974e-22
4.17934e-22
6.65132e-22
2.75331e-21
9.31031e-20
5.64029e-20
1.84557e-20
8.86932e-21
6.13238e-21
4.35911e-21
3.64731e-21
3.2387e-21
2.91091e-21
3.06478e-21
3.15637e-21
3.16483e-21
3.2466e-21
3.46188e-21
3.71421e-21
6.33521e-24
1.89437e-23
3.17102e-23
5.00866e-23
2.24361e-22
7.66898e-21
3.77836e-21
1.18125e-21
5.9364e-22
4.11676e-22
2.9849e-22
2.54228e-22
2.31154e-22
2.09793e-22
2.20742e-22
2.28117e-22
2.26538e-22
2.30737e-22
2.4491e-22
2.62469e-22
