0.0653295
0.174964
0.262267
0.347239
0.438419
0.539867
0.651425
0.769272
0.886863
0.99737
1.0967
1.18301
1.25937
1.32838
1.39381
1.45656
1.50367
1.5214
1.55538
1.62645
0.0117327
0.033563
0.0526594
0.0731781
0.097597
0.127128
0.161722
0.199717
0.237137
0.269678
0.295866
0.317749
0.336871
0.352678
0.365415
0.379368
0.394
0.399172
0.408005
0.429741
0.00262063
0.00773121
0.0125113
0.0182515
0.0259994
0.0365653
0.0498655
0.0645081
0.0776931
0.0878011
0.095074
0.100468
0.104992
0.108732
0.111711
0.114147
0.117363
0.119506
0.122053
0.127259
0.000515463
0.00167386
0.00295833
0.00467322
0.00725934
0.0112038
0.0164899
0.0221916
0.0266722
0.029352
0.0309528
0.0318885
0.0325164
0.0331004
0.0336864
0.0341076
0.0347643
0.0354006
0.0360444
0.0370129
2.66731e-05
0.000170964
0.000510657
0.00110007
0.00204477
0.0035625
0.00566716
0.00774835
0.0090618
0.00954993
0.00965873
0.00960222
0.00947694
0.00937912
0.00934767
0.00934238
0.00939705
0.00951061
0.00967774
0.00981574
4.63298e-07
8.34753e-06
5.85605e-05
0.000221345
0.000568119
0.00116855
0.00199482
0.00269603
0.00297826
0.00297537
0.00286405
0.0027149
0.00256112
0.00243234
0.00235168
0.00230439
0.00227505
0.00227215
0.00230963
0.00233237
1.91296e-08
5.03177e-07
6.56959e-06
4.22743e-05
0.000156637
0.000396538
0.000712968
0.000916735
0.000941757
0.000889304
0.000808225
0.000721792
0.000640077
0.000574842
0.000532211
0.000506058
0.00048901
0.00048053
0.000485871
0.000489723
1.03776e-09
4.1918e-08
9.04558e-07
8.85755e-06
4.47253e-05
0.000140387
0.000255668
0.000300013
0.000287158
0.000253971
0.000212985
0.000176156
0.000145025
0.000121193
0.00010598
9.66448e-05
9.0971e-05
8.81406e-05
8.86244e-05
8.91455e-05
6.54315e-11
4.05744e-09
1.38262e-07
2.00429e-06
1.34811e-05
5.07403e-05
8.91764e-05
9.48422e-05
8.48444e-05
6.92045e-05
5.26399e-05
3.93131e-05
2.9453e-05
2.25828e-05
1.84283e-05
1.59632e-05
1.45638e-05
1.39146e-05
1.39135e-05
1.39434e-05
3.89516e-12
4.31648e-10
2.21687e-08
4.62312e-07
4.05262e-06
1.85161e-05
2.98953e-05
2.92538e-05
2.4278e-05
1.7939e-05
1.21627e-05
8.06333e-06
5.40007e-06
3.72697e-06
2.79639e-06
2.27404e-06
1.99258e-06
1.87428e-06
1.86833e-06
1.86784e-06
1.88444e-13
3.65516e-11
3.61847e-09
1.1224e-07
1.29322e-06
6.78096e-06
9.6465e-06
8.80894e-06
6.67967e-06
4.33847e-06
2.54379e-06
1.45802e-06
8.58449e-07
5.2185e-07
3.53496e-07
2.6779e-07
2.25189e-07
2.08571e-07
2.08127e-07
2.0834e-07
1.07654e-14
3.37367e-12
5.78656e-10
2.58181e-08
3.9944e-07
2.39974e-06
3.03372e-06
2.59666e-06
1.73824e-06
9.65053e-07
4.79425e-07
2.32736e-07
1.17721e-07
6.1509e-08
3.71262e-08
2.61274e-08
2.11972e-08
1.94576e-08
1.95915e-08
1.97409e-08
6.825e-16
3.25969e-13
9.69858e-11
6.02062e-09
1.1912e-07
8.09494e-07
9.39915e-07
7.4162e-07
4.24442e-07
1.97821e-07
8.146e-08
3.25983e-08
1.3921e-08
6.09229e-09
3.21766e-09
2.09936e-09
1.66082e-09
1.53125e-09
1.57271e-09
1.60631e-09
4.75838e-17
3.38037e-14
1.66557e-11
1.44765e-09
3.45513e-08
2.62028e-07
2.87703e-07
2.03983e-07
9.72271e-08
3.71925e-08
1.23344e-08
3.95457e-09
1.40195e-09
4.99669e-10
2.26238e-10
1.38085e-10
1.09861e-10
1.03318e-10
1.07865e-10
1.13017e-10
3.57418e-18
3.90048e-15
2.91857e-12
3.58284e-10
9.79563e-09
8.30847e-08
8.70235e-08
5.35063e-08
2.091e-08
6.39512e-09
1.64812e-09
4.11143e-10
1.18831e-10
3.34049e-11
1.26928e-11
7.49025e-12
6.34441e-12
6.25732e-12
6.58686e-12
7.10026e-12
3.127e-19
6.09432e-16
5.74404e-13
8.70514e-11
2.70167e-09
2.58275e-08
2.57828e-08
1.33085e-08
4.23837e-09
1.0351e-09
2.07223e-10
3.93819e-11
8.99328e-12
1.99705e-12
6.31655e-13
3.66253e-13
3.37324e-13
3.57608e-13
3.82713e-13
4.1957e-13
3.12045e-20
9.7445e-17
1.15965e-13
2.26272e-11
7.92061e-10
7.94942e-09
7.40443e-09
3.13383e-09
8.035e-10
1.52957e-10
2.31698e-11
3.28981e-12
5.86203e-13
1.00186e-13
2.58916e-14
1.60805e-14
1.67573e-14
1.89414e-14
2.09841e-14
2.33908e-14
4.03232e-21
1.9517e-17
2.67222e-14
6.03923e-12
2.3526e-10
2.47206e-09
2.04567e-09
6.97404e-10
1.41436e-10
2.03423e-11
2.27885e-12
2.38604e-13
3.25631e-14
4.3077e-15
9.19299e-16
6.89916e-16
8.08509e-16
9.43477e-16
1.08878e-15
1.23647e-15
6.40363e-22
4.60077e-18
6.95266e-15
1.65345e-12
6.79281e-11
7.58858e-10
5.26872e-10
1.43215e-10
2.26676e-11
2.38974e-12
1.93244e-13
1.4808e-14
1.50153e-15
1.52574e-16
2.96808e-17
3.12018e-17
3.88717e-17
4.5177e-17
5.40482e-17
6.26166e-17
4.39126e-22
2.54951e-18
2.93806e-15
4.62432e-13
1.74981e-11
1.70879e-10
9.74939e-11
2.07809e-11
2.40872e-12
1.80639e-13
1.06046e-14
5.93754e-16
4.78426e-17
3.90875e-18
9.44501e-19
1.48598e-18
1.79737e-18
2.05509e-18
2.50722e-18
2.9413e-18
