0.0672021
0.179836
0.269104
0.355529
0.447832
0.550136
0.662318
0.78058
0.898415
1.00905
1.10845
1.19481
1.27119
1.34021
1.40561
1.46829
1.51533
1.53305
1.56699
1.63795
0.0137784
0.0390718
0.0606912
0.0833722
0.109806
0.141275
0.177697
0.217346
0.25618
0.289872
0.317003
0.339719
0.359593
0.376015
0.389221
0.403629
0.418674
0.42401
0.433118
0.455388
0.00387733
0.0111607
0.0175511
0.0248065
0.0342054
0.0466161
0.0618719
0.0784042
0.0932058
0.104609
0.112916
0.11918
0.12448
0.128864
0.132334
0.135161
0.138806
0.141222
0.144095
0.149807
0.0010832
0.00328038
0.00537539
0.00790833
0.0115112
0.0167612
0.0235559
0.0307439
0.0364115
0.0399252
0.0421543
0.0435825
0.0446285
0.0455816
0.0464809
0.0471277
0.0480498
0.0489061
0.0497675
0.0509827
0.000114343
0.000539695
0.00128
0.00235251
0.00391619
0.00625204
0.0093342
0.0123183
0.0142535
0.0150769
0.0153873
0.0154702
0.015453
0.0154529
0.015511
0.0155777
0.0157183
0.0159276
0.0162092
0.0164216
3.66959e-06
4.34275e-05
0.000212088
0.000614062
0.00131262
0.00238619
0.00377384
0.00493062
0.005439
0.00550144
0.00539121
0.00521853
0.00503415
0.0048783
0.00478439
0.00473509
0.0047071
0.00472158
0.00480611
0.00485215
1.59061e-07
3.45247e-06
3.16432e-05
0.000148558
0.000433027
0.000932771
0.00154359
0.00193552
0.0020075
0.00193557
0.00180833
0.0016673
0.00153083
0.00141969
0.0013458
0.00130127
0.00127142
0.00125958
0.00127812
0.0012891
9.34613e-09
3.48014e-07
5.37849e-06
3.78677e-05
0.000145632
0.000377098
0.000633192
0.000735369
0.000717422
0.000653736
0.000570321
0.000493099
0.000426003
0.000372689
0.000337419
0.000315376
0.000301604
0.000295709
0.000299059
0.000301331
6.51526e-10
4.00553e-08
9.88571e-07
1.02218e-05
5.11487e-05
0.000155174
0.000253809
0.000271182
0.000249391
0.000211893
0.000169928
0.000134547
0.000107311
8.7443e-05
7.47883e-05
6.69825e-05
6.24356e-05
6.05796e-05
6.10322e-05
6.13224e-05
4.17192e-11
4.97254e-09
1.88399e-07
2.80845e-06
1.79348e-05
6.44669e-05
9.84516e-05
9.78855e-05
8.43408e-05
6.58156e-05
4.77662e-05
3.40775e-05
2.4657e-05
1.83896e-05
1.46537e-05
1.24345e-05
1.11982e-05
1.07267e-05
1.07778e-05
1.08031e-05
1.75613e-12
4.71761e-10
3.45538e-08
7.81137e-07
6.62506e-06
2.69237e-05
3.69888e-05
3.45981e-05
2.75995e-05
1.92816e-05
1.2332e-05
7.73637e-06
4.99578e-06
3.34583e-06
2.44209e-06
1.94529e-06
1.68472e-06
1.58701e-06
1.59133e-06
1.59409e-06
9.08357e-14
5.13005e-11
6.50582e-09
2.11275e-07
2.38054e-06
1.09283e-05
1.35922e-05
1.20053e-05
8.61195e-06
5.25529e-06
2.90893e-06
1.57582e-06
8.88209e-07
5.2261e-07
3.45548e-07
2.57347e-07
2.14501e-07
1.98993e-07
1.99882e-07
2.00764e-07
5.22835e-15
5.79978e-12
1.27546e-09
5.77609e-08
8.28803e-07
4.2584e-06
4.92737e-06
4.05359e-06
2.54359e-06
1.33409e-06
6.26943e-07
2.86451e-07
1.38594e-07
6.99845e-08
4.12561e-08
2.85889e-08
2.30257e-08
2.11774e-08
2.14417e-08
2.17006e-08
3.68179e-16
7.0187e-13
2.5547e-10
1.62479e-08
2.81393e-07
1.60254e-06
1.76677e-06
1.32547e-06
7.10695e-07
3.13799e-07
1.22052e-07
4.58752e-08
1.87463e-08
7.9228e-09
4.09089e-09
2.64268e-09
2.09451e-09
1.92316e-09
1.95115e-09
2.01004e-09
3.2709e-17
9.41725e-14
5.20665e-11
4.69656e-09
9.34894e-08
5.93088e-07
6.26989e-07
4.16279e-07
1.87946e-07
6.81525e-08
2.1231e-08
6.39679e-09
2.16981e-09
7.46249e-10
3.3097e-10
2.02266e-10
1.63406e-10
1.53105e-10
1.55352e-10
1.63645e-10
4.56247e-18
1.71613e-14
1.1946e-11
1.33704e-09
3.02848e-08
2.15653e-07
2.18477e-07
1.24888e-07
4.71523e-08
1.39968e-08
3.48083e-09
8.24088e-10
2.25926e-10
6.29415e-11
2.36633e-11
1.36151e-11
1.13137e-11
1.11398e-11
1.15119e-11
1.23239e-11
7.23961e-19
3.14559e-15
2.77363e-12
4.03155e-10
1.03521e-08
7.76815e-08
7.40813e-08
3.5726e-08
1.11438e-08
2.64657e-09
5.11136e-10
9.30029e-11
2.03591e-11
4.46563e-12
1.38352e-12
7.78141e-13
6.95007e-13
7.2966e-13
7.84607e-13
8.56144e-13
1.43437e-19
7.15619e-16
7.32292e-13
1.24717e-10
3.58221e-09
2.81869e-08
2.42625e-08
9.71058e-09
2.4593e-09
4.5336e-10
6.62909e-11
9.1073e-12
1.56695e-12
2.69246e-13
6.7164e-14
3.94175e-14
3.93483e-14
4.38418e-14
4.94536e-14
5.51452e-14
2.9605e-20
1.89635e-16
2.17383e-13
3.94736e-11
1.19799e-09
9.96805e-09
7.38103e-09
2.42675e-09
4.92063e-10
6.83313e-11
7.36647e-12
7.54311e-13
9.9273e-14
1.32135e-14
2.70182e-15
1.88779e-15
2.14842e-15
2.477e-15
2.91295e-15
3.32203e-15
3.09347e-20
1.33512e-16
1.11765e-13
1.2711e-11
3.45603e-10
2.47512e-09
1.54575e-09
4.09286e-10
6.20739e-11
6.24961e-12
4.93292e-13
3.72041e-14
4.00511e-15
4.25123e-16
8.38562e-17
8.87298e-17
1.10998e-16
1.28892e-16
1.54838e-16
1.79149e-16
