0.0657904
0.176164
0.263954
0.349288
0.440751
0.542416
0.654137
0.772095
0.889755
1.0003
1.09966
1.18599
1.26236
1.33138
1.3968
1.45954
1.50664
1.52436
1.55834
1.62938
0.0122052
0.0348392
0.054527
0.0755594
0.100465
0.130472
0.165521
0.203935
0.241718
0.274557
0.300991
0.323092
0.342412
0.358381
0.371242
0.385317
0.400059
0.405275
0.414182
0.436063
0.00288194
0.00845021
0.0135786
0.019656
0.027781
0.0387775
0.0525423
0.0676399
0.0812167
0.091639
0.0991627
0.104768
0.109481
0.113377
0.116477
0.119008
0.122331
0.124542
0.127171
0.132507
0.00061694
0.00196775
0.00341255
0.00529778
0.00810233
0.0123337
0.0179569
0.0239939
0.0287415
0.0316063
0.0333445
0.0343865
0.035104
0.0357678
0.0364221
0.0368926
0.0376086
0.0382947
0.0389881
0.0400143
3.79923e-05
0.000225074
0.000635432
0.00131687
0.00238421
0.00406902
0.00637756
0.0086483
0.0100901
0.0106442
0.0107899
0.010757
0.0106489
0.0105669
0.0105508
0.0105582
0.0106291
0.0107615
0.0109518
0.0111053
7.43044e-07
1.22729e-05
7.92451e-05
0.000281396
0.000691625
0.00138186
0.00231737
0.00310746
0.00343182
0.00343859
0.00332405
0.00316681
0.00300369
0.0028668
0.00278157
0.00273244
0.00270233
0.00270193
0.00274773
0.00277471
2.99223e-08
7.80935e-07
9.45437e-06
5.66576e-05
0.000198609
0.000484304
0.00085421
0.00109196
0.00112425
0.00106672
0.000975676
0.000877858
0.000784913
0.00071037
0.000661449
0.000631517
0.000611893
0.000602502
0.000609796
0.000614757
1.62163e-09
6.77234e-08
1.36243e-06
1.23973e-05
5.88393e-05
0.000176726
0.000315884
0.000369772
0.000355461
0.000316509
0.000267828
0.000223784
0.000186316
0.000157391
0.000138772
0.000127295
0.000120276
0.000116872
0.000117691
0.000118438
1.03009e-10
6.80748e-09
2.16831e-07
2.91753e-06
1.8359e-05
6.57924e-05
0.00011374
0.000121087
0.000108996
8.97244e-05
6.90692e-05
5.22721e-05
3.97293e-05
3.08972e-05
2.54919e-05
2.22555e-05
2.04067e-05
1.95692e-05
1.96047e-05
1.96597e-05
6.11482e-12
7.49466e-10
3.61053e-08
6.9959e-07
5.71419e-06
2.47301e-05
3.94235e-05
3.87151e-05
3.24013e-05
2.42372e-05
1.66874e-05
1.12479e-05
7.66661e-06
5.38698e-06
4.09869e-06
3.366e-06
2.96796e-06
2.80359e-06
2.80006e-06
2.80105e-06
2.74555e-13
6.50528e-11
6.04344e-09
1.75001e-07
1.88487e-06
9.33264e-06
1.31712e-05
1.20921e-05
9.27433e-06
6.12364e-06
3.66166e-06
2.14188e-06
1.28773e-06
8.00477e-07
5.51638e-07
4.22689e-07
3.57771e-07
3.32605e-07
3.32251e-07
3.32626e-07
1.47571e-14
6.23115e-12
1.00245e-09
4.17431e-08
6.02466e-07
3.40787e-06
4.29215e-06
3.69948e-06
2.51543e-06
1.42672e-06
7.26325e-07
3.61415e-07
1.87323e-07
1.00587e-07
6.19965e-08
4.41838e-08
3.60463e-08
3.31519e-08
3.3352e-08
3.35763e-08
8.88777e-16
6.23977e-13
1.74047e-10
1.00885e-08
1.8607e-07
1.18806e-06
1.37833e-06
1.09766e-06
6.4143e-07
3.07056e-07
1.30283e-07
5.37207e-08
2.35941e-08
1.06708e-08
5.77925e-09
3.81985e-09
3.03047e-09
2.78982e-09
2.85436e-09
2.9085e-09
6.08458e-17
6.70327e-14
3.09472e-11
2.51318e-09
5.59282e-08
3.98023e-07
4.37397e-07
3.14042e-07
1.53733e-07
6.07499e-08
2.08889e-08
6.94272e-09
2.541e-09
9.41767e-10
4.3936e-10
2.71173e-10
2.15048e-10
2.00861e-10
2.08191e-10
2.17242e-10
4.67586e-18
8.00715e-15
5.61201e-12
6.44241e-10
1.64362e-08
1.3074e-07
1.37209e-07
8.58237e-08
3.46556e-08
1.10155e-08
2.96358e-09
7.71637e-10
2.3116e-10
6.80546e-11
2.67737e-11
1.58616e-11
1.32396e-11
1.2889e-11
1.34513e-11
1.44239e-11
4.59017e-19
1.29617e-15
1.14376e-12
1.62263e-10
4.70176e-09
4.21225e-08
4.21824e-08
2.22781e-08
7.3739e-09
1.88209e-09
3.95749e-10
7.9052e-11
1.88065e-11
4.39709e-12
1.44385e-12
8.28808e-13
7.42098e-13
7.73503e-13
8.21793e-13
8.9644e-13
5.31934e-20
2.13878e-16
2.38411e-13
4.36289e-11
1.42751e-09
1.34393e-08
1.25817e-08
5.48387e-09
1.46981e-09
2.94118e-10
4.70622e-11
7.0674e-12
1.31874e-12
2.38337e-13
6.38173e-14
3.81622e-14
3.8313e-14
4.26917e-14
4.70513e-14
5.22347e-14
8.13779e-21
4.41284e-17
5.66791e-14
1.20444e-11
4.39063e-10
4.32989e-09
3.61388e-09
1.27742e-09
2.7239e-10
4.14268e-11
4.92684e-12
5.48321e-13
7.8819e-14
1.1042e-14
2.40388e-15
1.66871e-15
1.89634e-15
2.20023e-15
2.53137e-15
2.86588e-15
1.44957e-21
1.06794e-17
1.52007e-14
3.40928e-12
1.31136e-10
1.37363e-09
9.6726e-10
2.74456e-10
4.59322e-11
5.15106e-12
4.44173e-13
3.63108e-14
3.90252e-15
4.19852e-16
7.95969e-17
7.49007e-17
9.27483e-17
1.08121e-16
1.29173e-16
1.49332e-16
1.14347e-21
6.25587e-18
6.72373e-15
9.85733e-13
3.47052e-11
3.16576e-10
1.84272e-10
4.12461e-11
5.07816e-12
4.06706e-13
2.55013e-14
1.5252e-15
1.31039e-16
1.12558e-17
2.40919e-18
3.50537e-18
4.33771e-18
4.99176e-18
6.08772e-18
7.13411e-18
