0.0635454
0.170308
0.255713
0.33926
0.429315
0.529875
0.640754
0.758115
0.875384
0.98568
1.08486
1.17106
1.24732
1.31627
1.38167
1.44444
1.49158
1.50932
1.54332
1.6144
0.0100737
0.0290633
0.046041
0.0646857
0.0872879
0.115001
0.147813
0.184137
0.220085
0.251398
0.276568
0.297543
0.315837
0.330958
0.34317
0.356608
0.370763
0.375749
0.384263
0.405362
0.00182343
0.00551356
0.00917502
0.0137915
0.0202484
0.0292967
0.0409208
0.0538933
0.0656273
0.0745715
0.0809182
0.0855363
0.0893633
0.0925192
0.0950488
0.0971251
0.0999347
0.101817
0.104048
0.108741
0.000259557
0.000910061
0.00173688
0.00293626
0.00483387
0.00784906
0.0120193
0.0165982
0.0201874
0.0222624
0.0234245
0.024029
0.0243805
0.0247169
0.0250871
0.0253525
0.0258162
0.0262874
0.0267654
0.0275337
6.95388e-06
6.15145e-05
0.000226946
0.000565474
0.00116432
0.00218967
0.00367635
0.00517746
0.00610591
0.00640914
0.00642565
0.00631877
0.00616265
0.0060351
0.00597022
0.00593593
0.00594903
0.00601022
0.0061108
0.00620251
1.089e-07
2.12706e-06
1.95909e-05
9.24743e-05
0.000278059
0.000635821
0.0011572
0.00160887
0.00177897
0.00175849
0.00166674
0.00155094
0.00143358
0.00133603
0.00127418
0.00123646
0.00121239
0.00120526
0.00122246
0.00123441
5.95548e-09
1.12457e-07
1.80673e-06
1.48006e-05
6.66727e-05
0.000192792
0.000371189
0.000487439
0.000496925
0.000461477
0.000410058
0.000356556
0.000306831
0.000267791
0.000242686
0.000227215
0.000217314
0.000211867
0.000213316
0.0002148
3.65201e-10
8.23947e-09
2.13832e-07
2.6808e-06
1.67781e-05
6.14187e-05
0.000119511
0.000141509
0.00013345
0.000115315
9.37293e-05
7.4795e-05
5.9149e-05
4.75222e-05
4.0318e-05
3.5975e-05
3.33913e-05
3.19983e-05
3.19753e-05
3.21016e-05
2.45024e-11
7.03451e-10
2.85514e-08
5.30978e-07
4.48845e-06
2.002e-05
3.72913e-05
3.95367e-05
3.46252e-05
2.73649e-05
1.99704e-05
1.42413e-05
1.01404e-05
7.38822e-06
5.79375e-06
4.87843e-06
4.3707e-06
4.11938e-06
4.08863e-06
4.087e-06
1.60865e-12
6.60556e-11
4.03343e-09
1.07398e-07
1.19679e-06
6.58774e-06
1.11229e-05
1.0753e-05
8.67012e-06
6.13998e-06
3.94658e-06
2.47011e-06
1.55521e-06
1.00677e-06
7.18618e-07
5.64349e-07
4.83789e-07
4.48328e-07
4.43753e-07
4.42677e-07
1.03193e-13
5.14712e-12
6.05751e-10
2.35841e-08
3.40466e-07
2.17192e-06
3.17767e-06
2.84915e-06
2.07697e-06
1.27395e-06
6.97566e-07
3.72555e-07
2.03933e-07
1.14485e-07
7.29623e-08
5.31352e-08
4.37392e-08
4.00346e-08
3.98219e-08
3.9865e-08
7.05274e-15
4.16842e-13
8.53864e-11
4.78769e-09
9.33858e-08
6.88788e-07
8.82374e-07
7.37438e-07
4.67537e-07
2.40876e-07
1.09842e-07
4.89243e-08
2.27366e-08
1.07787e-08
6.04434e-09
4.07998e-09
3.25941e-09
2.98145e-09
3.01644e-09
3.05203e-09
5.01716e-16
3.54104e-14
1.26624e-11
9.86673e-10
2.46619e-08
2.07039e-07
2.41135e-07
1.84301e-07
9.80604e-08
4.161e-08
1.54234e-08
5.55871e-09
2.15417e-09
8.38931e-10
4.06087e-10
2.54858e-10
2.01326e-10
1.87668e-10
1.95961e-10
2.02071e-10
3.66017e-17
3.22771e-15
1.926e-12
2.09784e-10
6.31984e-09
5.94142e-08
6.50488e-08
4.41576e-08
1.9164e-08
6.5397e-09
1.90954e-09
5.39627e-10
1.71424e-10
5.32379e-11
2.17931e-11
1.29925e-11
1.06151e-11
1.02945e-11
1.10517e-11
1.17561e-11
2.70988e-18
3.27574e-16
2.99233e-13
4.59232e-11
1.58084e-09
1.66465e-08
1.73175e-08
1.00306e-08
3.4933e-09
9.33132e-10
2.06741e-10
4.43852e-11
1.13506e-11
2.71815e-12
9.26568e-13
5.58863e-13
5.08817e-13
5.26644e-13
5.70642e-13
6.25673e-13
2.04106e-19
4.47848e-17
5.20744e-14
9.83583e-12
3.83728e-10
4.56374e-09
4.50622e-09
2.1471e-09
5.97003e-10
1.24899e-10
2.10528e-11
3.36144e-12
6.67981e-13
1.24701e-13
3.58979e-14
2.31281e-14
2.38568e-14
2.66036e-14
2.90195e-14
3.22491e-14
1.56457e-20
6.37115e-18
9.38793e-15
2.26895e-12
9.94811e-11
1.23791e-09
1.13278e-09
4.325e-10
9.48901e-11
1.51715e-11
1.89897e-12
2.21954e-13
3.38472e-14
4.84213e-15
1.21996e-15
9.63508e-16
1.1196e-15
1.29986e-15
1.45113e-15
1.63036e-15
1.25102e-21
1.14363e-18
1.93603e-15
5.37392e-13
2.6124e-11
3.39663e-10
2.72826e-10
8.19199e-11
1.39376e-11
1.65072e-12
1.5039e-13
1.27655e-14
1.46407e-15
1.64541e-16
4.15493e-17
4.45827e-17
5.41245e-17
6.26586e-17
7.21071e-17
8.2027e-17
1.08529e-22
2.44932e-19
4.52113e-16
1.30685e-13
6.6867e-12
9.26494e-11
6.12531e-11
1.43203e-11
1.86579e-12
1.58842e-13
1.03036e-14
6.33487e-16
5.30561e-17
4.80653e-18
1.64594e-18
2.33252e-18
2.72469e-18
3.07503e-18
3.63489e-18
4.19014e-18
2.1363e-23
1.11282e-19
1.62076e-16
3.23666e-14
1.55852e-12
1.91487e-11
1.0188e-11
1.82955e-12
1.72e-13
1.02905e-14
4.82557e-16
2.16323e-17
1.42262e-18
1.21145e-19
8.27511e-20
1.25671e-19
1.35613e-19
1.51066e-19
1.80811e-19
2.09705e-19
