0.057988
0.15574
0.235101
0.314014
0.400279
0.497697
0.605995
0.721311
0.837016
0.946097
1.04427
1.12959
1.20507
1.27337
1.33829
1.40077
1.44779
1.46543
1.49927
1.56981
0.00626844
0.018622
0.030463
0.04434
0.0620506
0.0845909
0.112053
0.143098
0.1742
0.201364
0.223041
0.240868
0.256247
0.268928
0.279251
0.2908
0.303167
0.307467
0.314772
0.333355
0.000609744
0.00202233
0.00370685
0.00614033
0.00989152
0.0155353
0.023185
0.0320332
0.0401221
0.0461613
0.0502332
0.0529746
0.0551168
0.0568505
0.0582713
0.0594509
0.0612017
0.0623968
0.0637802
0.0670003
3.09334e-05
0.000151402
0.00037991
0.000799833
0.00157838
0.00296147
0.00504785
0.00745745
0.00934057
0.0103287
0.0107645
0.0108692
0.0108296
0.0108078
0.0108485
0.010876
0.0110147
0.0111913
0.0113698
0.0117365
5.64738e-07
4.70691e-06
2.5644e-05
9.40666e-05
0.000259797
0.000601518
0.00116304
0.00176791
0.00212841
0.00220744
0.00215786
0.00205468
0.00193225
0.00182949
0.00176541
0.00172424
0.00170502
0.00170926
0.00172876
0.0017564
4.7549e-08
2.03447e-07
1.39207e-06
9.86574e-06
4.38951e-05
0.000131182
0.000280418
0.000418973
0.000464382
0.000446865
0.000406949
0.000360325
0.000314554
0.000277348
0.000253735
0.000238796
0.000229041
0.000224098
0.000225067
0.000226966
3.46979e-09
1.26823e-08
9.16263e-08
1.10096e-06
7.74574e-06
3.06113e-05
6.9595e-05
9.63387e-05
9.63727e-05
8.59388e-05
7.2225e-05
5.86798e-05
4.66239e-05
3.75864e-05
3.20454e-05
2.86672e-05
2.65906e-05
2.52946e-05
2.50702e-05
2.51436e-05
2.50896e-10
8.73814e-10
7.41521e-09
1.41689e-07
1.45847e-06
7.61102e-06
1.73416e-05
2.09841e-05
1.90679e-05
1.55737e-05
1.17289e-05
8.56566e-06
6.1081e-06
4.41803e-06
3.45325e-06
2.90287e-06
2.59307e-06
2.40838e-06
2.35884e-06
2.35342e-06
1.80448e-11
6.33847e-11
7.32623e-10
2.08158e-08
2.95471e-07
1.94214e-06
4.14739e-06
4.35249e-06
3.61155e-06
2.6403e-06
1.7399e-06
1.10787e-06
6.94229e-07
4.43085e-07
3.13665e-07
2.4602e-07
2.11057e-07
1.92447e-07
1.87271e-07
1.86064e-07
1.28581e-12
4.55152e-12
7.50597e-11
3.11582e-09
5.94806e-08
4.9925e-07
9.3432e-07
8.72249e-07
6.52702e-07
4.15205e-07
2.33467e-07
1.26849e-07
6.86056e-08
3.77851e-08
2.39129e-08
1.73998e-08
1.4322e-08
1.29381e-08
1.26574e-08
1.26093e-08
9.1913e-14
3.2425e-13
9.0184e-12
5.45297e-10
1.28652e-08
1.27799e-07
1.988e-07
1.691e-07
1.11118e-07
5.88308e-08
2.70857e-08
1.21664e-08
5.5946e-09
2.58662e-09
1.44357e-09
9.85441e-10
7.97418e-10
7.29202e-10
7.311e-10
7.38212e-10
6.63015e-15
2.28936e-14
9.26244e-13
8.21099e-11
2.65379e-09
3.10743e-08
4.07357e-08
3.177e-08
1.74348e-08
7.4e-09
2.71364e-09
9.80548e-10
3.75523e-10
1.42557e-10
7.0217e-11
4.63093e-11
3.82309e-11
3.63441e-11
3.81027e-11
3.93671e-11
4.84014e-16
1.63304e-15
1.00567e-13
1.25427e-11
5.22412e-10
7.05359e-09
8.17156e-09
5.69915e-09
2.49774e-09
8.30897e-10
2.35983e-10
6.62794e-11
2.09112e-11
6.45234e-12
2.8763e-12
1.94791e-12
1.71575e-12
1.73082e-12
1.91387e-12
2.03084e-12
3.56594e-17
1.18605e-16
1.12074e-14
1.97096e-12
9.89631e-11
1.50697e-09
1.61036e-09
9.664e-10
3.27178e-10
8.32399e-11
1.77022e-11
3.74201e-12
9.70841e-13
2.47306e-13
1.09076e-13
8.40497e-14
8.21638e-14
8.68776e-14
9.80367e-14
1.06869e-13
2.64436e-18
8.78703e-18
1.27733e-15
3.17832e-13
1.81817e-11
3.11003e-10
3.11352e-10
1.52722e-10
3.92992e-11
7.45585e-12
1.14561e-12
1.77508e-13
3.83498e-14
8.70685e-15
4.59292e-15
4.31522e-15
4.61744e-15
4.97314e-15
5.45982e-15
6.02668e-15
1.97063e-19
6.76332e-19
1.61857e-16
4.96004e-14
3.21213e-12
6.23704e-11
5.83894e-11
2.23487e-11
4.37137e-12
6.23193e-13
7.01978e-14
7.89479e-15
1.43105e-15
3.53087e-16
2.52761e-16
2.65511e-16
2.90593e-16
3.17844e-16
3.41876e-16
3.75738e-16
1.47598e-20
5.335e-20
2.17352e-17
8.44121e-15
6.10644e-13
1.23248e-11
1.04697e-11
3.02939e-12
4.46935e-13
4.68525e-14
3.81598e-15
3.15476e-16
5.2683e-17
1.74298e-17
1.63209e-17
1.75748e-17
1.90035e-17
2.0848e-17
2.26482e-17
2.48996e-17
1.11037e-21
4.56356e-21
3.35431e-18
1.47182e-15
1.17275e-13
2.46193e-12
1.77579e-12
3.8105e-13
4.18372e-14
3.13793e-15
1.83312e-16
1.15821e-17
2.12315e-18
1.0275e-18
1.10207e-18
1.17766e-18
1.24994e-18
1.37066e-18
1.52531e-18
1.68937e-18
8.38512e-23
4.55377e-22
5.89928e-19
2.63384e-16
2.19858e-14
4.92941e-13
2.78636e-13
4.40256e-14
3.56911e-15
1.86486e-16
7.7381e-18
4.06279e-19
1.04592e-19
6.58133e-20
7.31109e-20
7.84844e-20
8.22913e-20
8.98748e-20
1.02428e-19
1.14841e-19
6.35948e-24
7.48489e-23
1.37591e-19
4.69213e-17
3.87373e-15
8.00815e-14
3.44361e-14
3.99252e-15
2.27902e-16
8.27669e-18
2.55081e-19
1.31449e-20
5.75993e-21
4.02577e-21
4.54009e-21
4.9017e-21
5.07896e-21
5.55501e-21
6.40855e-21
7.24335e-21
