0.0468572
0.126352
0.193182
0.262149
0.339854
0.429579
0.530906
0.639975
0.750163
0.854337
0.948014
1.02916
1.10068
1.16544
1.2274
1.28754
1.33306
1.35005
1.38241
1.44857
0.00238849
0.00770127
0.013642
0.0215081
0.0324732
0.0472749
0.0660669
0.087929
0.110126
0.129405
0.144353
0.156068
0.165719
0.173527
0.180013
0.187618
0.196133
0.198982
0.203686
0.216557
7.81286e-05
0.000339493
0.000775879
0.00156378
0.00299784
0.00539758
0.00890866
0.0131724
0.017099
0.0198768
0.0215037
0.0223293
0.0227905
0.0231002
0.0233863
0.0236344
0.0242004
0.0246092
0.0250313
0.0263849
5.35833e-06
1.94295e-05
4.61621e-05
0.000115857
0.0002923
0.000666643
0.00130548
0.00209602
0.00270604
0.00296649
0.00300557
0.00291722
0.0027775
0.00265856
0.00258443
0.00253012
0.00251305
0.00252536
0.00253694
0.00262195
6.41794e-07
2.04424e-06
3.91118e-06
1.00359e-05
3.25192e-05
9.29392e-05
0.000209111
0.000344201
0.000418572
0.000419853
0.0003896
0.000348146
0.000304406
0.000268574
0.000245457
0.000230311
0.00022064
0.000216714
0.000215619
0.000218935
4.8428e-08
1.48432e-07
2.69053e-07
7.90213e-07
3.80273e-06
1.43082e-05
3.54859e-05
5.61481e-05
6.05898e-05
5.49165e-05
4.6469e-05
3.77674e-05
2.9893e-05
2.39407e-05
2.04044e-05
1.8253e-05
1.68977e-05
1.61156e-05
1.58959e-05
1.60173e-05
3.47626e-09
1.04758e-08
1.79938e-08
5.33705e-08
4.32791e-07
2.35689e-06
6.17089e-06
8.67165e-06
8.07605e-06
6.60657e-06
5.04102e-06
3.68555e-06
2.60193e-06
1.87655e-06
1.48702e-06
1.27172e-06
1.15092e-06
1.07583e-06
1.05561e-06
1.06217e-06
2.47736e-10
7.43806e-10
1.28377e-09
3.91604e-09
4.91504e-08
4.1045e-07
1.05828e-06
1.2239e-06
9.94073e-07
7.23567e-07
4.81353e-07
3.11337e-07
1.95682e-07
1.27199e-07
9.47329e-08
7.88708e-08
7.1034e-08
6.66473e-08
6.60575e-08
6.68135e-08
1.76911e-11
5.30338e-11
9.28579e-11
3.54057e-10
6.67935e-09
7.27822e-08
1.69212e-07
1.59155e-07
1.13878e-07
7.17542e-08
4.06258e-08
2.27538e-08
1.27793e-08
7.62033e-09
5.49387e-09
4.58432e-09
4.19496e-09
4.03611e-09
4.09898e-09
4.18817e-09
1.26507e-12
3.81255e-12
6.7016e-12
3.15333e-11
8.71243e-10
1.28823e-08
2.46035e-08
1.95088e-08
1.21424e-08
6.42026e-09
3.03998e-09
1.47361e-09
7.56378e-10
4.26838e-10
3.09552e-10
2.64983e-10
2.48965e-10
2.48507e-10
2.60746e-10
2.70189e-10
9.10139e-14
2.75282e-13
4.91935e-13
3.2853e-12
1.22364e-10
2.23104e-09
3.26516e-09
2.26767e-09
1.18996e-09
5.05772e-10
1.96596e-10
8.37975e-11
4.13222e-11
2.31989e-11
1.76136e-11
1.57449e-11
1.52228e-11
1.56887e-11
1.69734e-11
1.78213e-11
6.60074e-15
1.99441e-14
3.60734e-14
2.99209e-13
1.60896e-11
3.57791e-10
4.07079e-10
2.51175e-10
1.05198e-10
3.51855e-11
1.13993e-11
4.4613e-12
2.23165e-12
1.31199e-12
1.06458e-12
9.90519e-13
9.78822e-13
1.03034e-12
1.14186e-12
1.21113e-12
4.83003e-16
1.45345e-15
2.64899e-15
2.75013e-14
1.98188e-12
5.19918e-11
4.89275e-11
2.61408e-11
8.38336e-12
2.22618e-12
6.23978e-13
2.37885e-13
1.27125e-13
7.97659e-14
6.87087e-14
6.56595e-14
6.56741e-14
6.99469e-14
7.8784e-14
8.42313e-14
3.56058e-17
1.06822e-16
1.93905e-16
2.57687e-15
2.30572e-13
6.9094e-12
5.71058e-12
2.53401e-12
6.09806e-13
1.31192e-13
3.36021e-14
1.33118e-14
7.73963e-15
5.1503e-15
4.65834e-15
4.54027e-15
4.61554e-15
4.88548e-15
5.43979e-15
5.88487e-15
2.64048e-18
7.91144e-18
1.41717e-17
2.46094e-16
2.56208e-14
8.66825e-13
6.47405e-13
2.26097e-13
4.11303e-14
7.39631e-15
1.84698e-15
7.92033e-16
4.94268e-16
3.47458e-16
3.27005e-16
3.25038e-16
3.37973e-16
3.54553e-16
3.81326e-16
4.15189e-16
1.96797e-19
5.89519e-19
1.04827e-18
2.256e-17
2.69404e-15
1.0415e-13
7.05942e-14
1.85754e-14
2.63244e-15
4.22618e-16
1.09874e-16
5.06402e-17
3.27885e-17
2.41903e-17
2.33557e-17
2.35082e-17
2.46808e-17
2.626e-17
2.78292e-17
3.02114e-17
1.47379e-20
4.415e-20
7.8427e-20
2.28029e-18
3.07202e-16
1.22299e-14
7.30212e-15
1.41785e-15
1.60433e-16
2.43529e-17
6.86494e-18
3.35688e-18
2.20203e-18
1.68873e-18
1.66982e-18
1.69043e-18
1.76509e-18
1.89169e-18
2.02788e-18
2.20643e-18
1.10846e-21
3.32214e-21
5.95243e-21
2.37166e-19
3.53307e-17
1.44798e-15
7.09378e-16
1.01465e-16
9.39609e-18
1.43055e-18
4.41354e-19
2.27105e-19
1.50115e-19
1.15517e-19
1.18487e-19
1.20527e-19
1.24089e-19
1.3293e-19
1.45618e-19
1.59642e-19
8.36882e-23
2.5103e-22
4.61378e-22
2.55063e-20
3.97631e-18
1.72563e-16
6.36829e-17
6.80753e-18
5.35193e-19
8.66534e-20
2.86563e-20
1.54588e-20
1.0555e-20
7.93689e-21
8.33531e-21
8.58278e-21
8.71185e-21
9.25207e-21
1.03221e-20
1.14358e-20
6.34179e-24
1.90352e-23
3.6601e-23
2.63397e-21
4.29997e-19
1.80514e-17
4.84616e-18
3.95986e-19
2.687e-20
4.90346e-21
1.72584e-21
9.77788e-22
6.91206e-22
5.2559e-22
5.60841e-22
5.7847e-22
5.76876e-22
6.09321e-22
6.83305e-22
7.60828e-22
