0.0648097
0.173609
0.260361
0.344922
0.43578
0.536976
0.648344
0.766059
0.883566
0.994019
1.09331
1.1796
1.25594
1.32494
1.39037
1.45312
1.50025
1.51798
1.55197
1.62305
0.0112223
0.0321818
0.0506333
0.0705871
0.0944661
0.123463
0.15754
0.195055
0.232057
0.264251
0.290153
0.311781
0.330671
0.346287
0.358878
0.372689
0.387189
0.392309
0.401055
0.422617
0.00235605
0.0069996
0.0114188
0.0168035
0.024148
0.0342472
0.0470385
0.0611788
0.0739293
0.0836888
0.0906839
0.0958451
0.10016
0.103725
0.106569
0.108898
0.111994
0.114061
0.116515
0.121573
0.000421618
0.00139823
0.0025254
0.00406821
0.00642963
0.010075
0.015006
0.0203527
0.024551
0.027037
0.0284953
0.0293221
0.0298583
0.0303606
0.030876
0.0312463
0.0318409
0.0324246
0.0330159
0.0339222
1.79508e-05
0.000126058
0.000400895
0.000901932
0.00172683
0.00307801
0.00497673
0.0068656
0.00805004
0.00847392
0.00854851
0.00847148
0.00833219
0.00822125
0.00817631
0.00815968
0.00819916
0.00829437
0.00843861
0.00856104
2.82865e-07
5.48884e-06
4.20552e-05
0.000170129
0.000457964
0.000972515
0.00169271
0.00230741
0.00254968
0.00253902
0.00243265
0.0022932
0.00215027
0.00203084
0.00195567
0.00191094
0.00188288
0.00187802
0.00190791
0.00192671
1.23737e-08
3.14421e-07
4.42702e-06
3.07297e-05
0.000120898
0.000318759
0.000585203
0.000757262
0.000776086
0.000729095
0.000658062
0.000582934
0.000512284
0.000456165
0.000419665
0.000397227
0.000382686
0.000375188
0.000378916
0.000381822
6.84689e-10
2.51283e-08
5.81176e-07
6.15057e-06
3.31898e-05
0.000109239
0.000203012
0.000238865
0.000227578
0.00019983
0.000165972
0.000135772
0.000110419
9.11877e-05
7.90208e-05
7.15938e-05
6.71095e-05
6.4811e-05
6.50525e-05
6.53998e-05
4.34753e-11
2.3376e-09
8.51329e-08
1.33502e-06
9.64094e-06
3.82457e-05
6.84253e-05
7.26983e-05
6.46066e-05
5.21837e-05
3.91882e-05
2.88531e-05
2.12829e-05
1.60681e-05
1.29553e-05
1.11267e-05
1.00957e-05
9.60645e-06
9.58502e-06
9.5985e-06
2.64136e-12
2.3964e-10
1.31178e-08
2.95534e-07
2.79245e-06
1.35191e-05
2.2129e-05
2.15724e-05
1.77436e-05
1.29397e-05
8.62989e-06
5.62057e-06
3.69345e-06
2.49996e-06
1.84752e-06
1.48649e-06
1.29373e-06
1.21136e-06
1.20494e-06
1.20382e-06
1.40984e-13
1.97704e-11
2.08553e-09
6.95226e-08
8.60006e-07
4.79347e-06
6.87802e-06
6.24525e-06
4.67836e-06
2.9855e-06
1.71403e-06
9.61261e-07
5.53413e-07
3.28369e-07
2.1833e-07
1.63383e-07
1.36454e-07
1.25897e-07
1.25491e-07
1.25612e-07
8.64761e-15
1.75326e-12
3.20741e-10
1.53842e-08
2.56062e-07
1.64011e-06
2.08182e-06
1.76876e-06
1.1644e-06
6.31791e-07
3.05723e-07
1.44531e-07
7.12204e-08
3.61261e-08
2.1318e-08
1.48042e-08
1.19448e-08
1.09462e-08
1.10341e-08
1.11304e-08
5.77001e-16
1.62957e-13
5.17659e-11
3.45297e-09
7.35491e-08
5.33973e-07
6.20581e-07
4.8486e-07
2.71356e-07
1.22887e-07
4.89986e-08
1.89876e-08
7.86876e-09
3.32309e-09
1.70825e-09
1.09991e-09
8.68405e-10
8.02553e-10
8.28046e-10
8.48041e-10
4.10383e-17
1.62616e-14
8.5642e-12
7.99359e-10
2.05334e-08
1.66562e-07
1.82722e-07
1.27826e-07
5.92037e-08
2.18691e-08
6.97552e-09
2.15147e-09
7.37191e-10
2.51862e-10
1.10451e-10
6.67247e-11
5.33744e-11
5.06149e-11
5.32772e-11
5.60772e-11
3.04882e-18
1.80669e-15
1.44633e-12
1.90507e-10
5.6012e-09
5.0844e-08
5.31446e-08
3.20816e-08
1.21032e-08
3.55129e-09
8.73808e-10
2.08165e-10
5.79107e-11
1.54891e-11
5.67497e-12
3.34821e-12
2.88946e-12
2.89174e-12
3.07232e-12
3.33014e-12
2.45362e-19
2.71535e-16
2.74132e-13
4.45298e-11
1.48536e-09
1.52074e-08
1.51308e-08
7.62074e-09
2.32828e-09
5.42266e-10
1.02976e-10
1.85491e-11
4.05531e-12
8.52319e-13
2.59751e-13
1.53494e-13
1.4613e-13
1.57656e-13
1.69927e-13
1.87215e-13
2.13937e-20
4.19484e-17
5.34648e-14
1.11595e-11
4.19362e-10
4.50277e-09
4.17157e-09
1.71071e-09
4.18179e-10
7.54508e-11
1.07768e-11
1.44088e-12
2.44463e-13
3.93988e-14
9.88707e-15
6.4857e-15
7.02795e-15
8.04517e-15
8.95071e-15
1.00137e-14
2.25212e-21
8.13327e-18
1.19105e-14
2.87179e-12
1.19954e-10
1.34767e-09
1.10513e-09
3.62391e-10
6.96382e-11
9.434e-12
9.91374e-13
9.72484e-14
1.25599e-14
1.56694e-15
3.34652e-16
2.77544e-16
3.33453e-16
3.90034e-16
4.50788e-16
5.13093e-16
2.96405e-22
1.86318e-18
2.99871e-15
7.58376e-13
3.33874e-11
3.99139e-10
2.72993e-10
7.08584e-11
1.05637e-11
1.04247e-12
7.87185e-14
5.63097e-15
5.36931e-16
5.16368e-17
1.08613e-17
1.28809e-17
1.59481e-17
1.8416e-17
2.20143e-17
2.55226e-17
1.59855e-22
9.72045e-19
1.20562e-15
2.04496e-13
8.34761e-12
8.7605e-11
4.89259e-11
9.89485e-12
1.07518e-12
7.51739e-14
4.11471e-15
2.14837e-16
1.61856e-17
1.27278e-18
3.82405e-19
6.3253e-19
7.40059e-19
8.39179e-19
1.02103e-18
1.19655e-18
