0.0607966
0.163113
0.245551
0.326839
0.415067
0.514139
0.623824
0.740271
0.85687
0.966672
1.06546
1.15132
1.22729
1.29601
1.36126
1.42395
1.47108
1.48879
1.52276
1.5937
0.00796753
0.0233068
0.0374942
0.0535903
0.0736225
0.0986662
0.128764
0.162453
0.196013
0.225298
0.248768
0.268215
0.285099
0.299046
0.310351
0.322889
0.336198
0.340858
0.348801
0.368729
0.00105681
0.00333234
0.0058029
0.00914147
0.0140507
0.0211905
0.030624
0.0413511
0.0511101
0.0584753
0.0635769
0.0671606
0.0700574
0.0724298
0.0743509
0.0759366
0.0781756
0.0796891
0.0814667
0.0853893
9.06187e-05
0.000367577
0.000799062
0.00150447
0.0027089
0.0047358
0.00766758
0.010971
0.0135543
0.0149753
0.0156876
0.0159715
0.0160655
0.0161677
0.0163265
0.0164392
0.0167013
0.016993
0.0172892
0.0178217
1.13828e-06
1.47363e-05
7.21416e-05
0.000221647
0.000530915
0.00111278
0.0020128
0.00295165
0.0035197
0.00367215
0.0036344
0.00351609
0.00336732
0.00324327
0.00316993
0.00312482
0.00311202
0.00313308
0.00317855
0.00322846
5.12801e-08
4.35466e-07
4.53437e-06
2.80643e-05
0.000104631
0.00027632
0.000548238
0.000792127
0.000877133
0.000854864
0.000793433
0.000719484
0.000645832
0.000585277
0.000546728
0.000522592
0.000506926
0.000500115
0.000505017
0.000509706
3.66761e-09
2.36161e-08
3.4127e-07
3.65992e-06
2.11415e-05
7.26029e-05
0.000152994
0.000206736
0.000208723
0.000189718
0.000163679
0.000137325
0.000113368
9.4992e-05
8.34525e-05
7.63584e-05
7.19152e-05
6.92617e-05
6.92174e-05
6.95689e-05
2.60118e-10
1.57207e-09
3.32191e-08
5.53921e-07
4.54626e-06
2.02136e-05
4.28775e-05
5.14059e-05
4.75646e-05
3.99004e-05
3.11489e-05
2.37172e-05
1.77646e-05
1.35136e-05
1.09867e-05
9.50366e-06
8.64612e-06
8.15189e-06
8.06427e-06
8.07031e-06
1.86136e-11
1.18293e-10
3.76444e-09
9.30702e-08
1.04593e-06
5.77155e-06
1.15904e-05
1.224e-05
1.04292e-05
7.9142e-06
5.47375e-06
3.67591e-06
2.44633e-06
1.66233e-06
1.23433e-06
9.99899e-07
8.74278e-07
8.08727e-07
7.93896e-07
7.90684e-07
1.31312e-12
9.19707e-12
4.52899e-10
1.60011e-08
2.39599e-07
1.66253e-06
2.97303e-06
2.8277e-06
2.19545e-06
1.47077e-06
8.81464e-07
5.11825e-07
2.97109e-07
1.76401e-07
1.17799e-07
8.84475e-08
7.38451e-08
6.72286e-08
6.59632e-08
6.56597e-08
9.28987e-14
6.58478e-13
6.12245e-11
3.10716e-09
5.88433e-08
4.78514e-07
7.25482e-07
6.34498e-07
4.38904e-07
2.49519e-07
1.24787e-07
6.07681e-08
3.02537e-08
1.52682e-08
8.99461e-09
6.25709e-09
5.0491e-09
4.58052e-09
4.55322e-09
4.56792e-09
6.66248e-15
4.64318e-14
7.32451e-12
5.37701e-10
1.38573e-08
1.31646e-07
1.71355e-07
1.38592e-07
8.16686e-08
3.80651e-08
1.54824e-08
6.16024e-09
2.56831e-09
1.07143e-09
5.4942e-10
3.56983e-10
2.84613e-10
2.62577e-10
2.69208e-10
2.74776e-10
4.85163e-16
3.36993e-15
9.24999e-13
9.44902e-11
3.12861e-09
3.40647e-08
3.97494e-08
2.90765e-08
1.40148e-08
5.24083e-09
1.68729e-09
5.30248e-10
1.81963e-10
6.11156e-11
2.69462e-11
1.67169e-11
1.36346e-11
1.31315e-11
1.41194e-11
1.47847e-11
3.57155e-17
2.56014e-16
1.19838e-13
1.71165e-11
6.82758e-10
8.35566e-09
9.08474e-09
5.80797e-09
2.21914e-09
6.49375e-10
1.59975e-10
3.83667e-11
1.06775e-11
2.81825e-12
1.06995e-12
6.75158e-13
6.00037e-13
6.13127e-13
6.82352e-13
7.39076e-13
2.64804e-18
2.08976e-17
1.58634e-14
3.18876e-12
1.45028e-10
1.99079e-09
2.0439e-09
1.09041e-09
3.24764e-10
7.23815e-11
1.31333e-11
2.32625e-12
5.17794e-13
1.05494e-13
3.64167e-14
2.6692e-14
2.74709e-14
2.97404e-14
3.29109e-14
3.65139e-14
1.97362e-19
2.10826e-18
2.34203e-15
5.78074e-13
2.97646e-11
4.62634e-10
4.47834e-10
1.91165e-10
4.42472e-11
7.53874e-12
1.01565e-12
1.30307e-13
2.23834e-14
3.72392e-15
1.3596e-15
1.24284e-15
1.40477e-15
1.5813e-15
1.72388e-15
1.91567e-15
1.47892e-20
2.30953e-19
3.62447e-16
1.13692e-13
6.55463e-12
1.06182e-10
9.4307e-11
3.12718e-11
5.5675e-12
7.08073e-13
6.94293e-14
6.39874e-15
8.46299e-16
1.23689e-16
6.10653e-17
6.86667e-17
7.8514e-17
8.83468e-17
9.71072e-17
1.07948e-16
1.11395e-21
3.24327e-20
6.43084e-17
2.2937e-14
1.46046e-12
2.46564e-11
1.89044e-11
4.77543e-12
6.43619e-13
5.92985e-14
4.16773e-15
2.76248e-16
2.81939e-17
4.43097e-18
3.5251e-18
4.22649e-18
4.63973e-18
5.14927e-18
5.78707e-18
6.46856e-18
8.43541e-23
5.72514e-21
1.29623e-17
4.75185e-15
3.17645e-13
5.7243e-12
3.52149e-12
6.71536e-13
6.77958e-14
4.39567e-15
2.17354e-16
1.04334e-17
8.52251e-19
1.96292e-19
2.29424e-19
2.67752e-19
2.83313e-19
3.11253e-19
3.58004e-19
4.04281e-19
6.555e-24
1.92814e-21
3.71132e-18
9.92566e-16
6.41611e-14
1.04643e-12
5.03295e-13
7.18264e-14
5.14921e-15
2.32066e-16
8.29068e-18
2.95065e-19
2.41557e-20
1.07451e-20
1.43336e-20
1.60125e-20
1.66229e-20
1.83048e-20
2.13018e-20
2.42127e-20
