0.0662015
0.177235
0.265456
0.351111
0.442822
0.544678
0.656539
0.774591
0.892308
1.00289
1.10226
1.1886
1.26498
1.334
1.39942
1.46215
1.50923
1.52696
1.56092
1.63194
0.012643
0.0360199
0.0562511
0.0777517
0.103096
0.133529
0.168982
0.207764
0.245863
0.278961
0.305607
0.327895
0.347385
0.363493
0.37646
0.390638
0.405474
0.410727
0.419697
0.4417
0.003139
0.00915429
0.0146178
0.0210148
0.0294918
0.0408856
0.0550747
0.0705845
0.084515
0.0952209
0.102971
0.108766
0.113649
0.117688
0.120895
0.123513
0.12693
0.129202
0.131904
0.137353
0.000725266
0.00227758
0.00388449
0.00593733
0.00895325
0.0134588
0.0194011
0.0257537
0.0307532
0.0337939
0.0356639
0.0368087
0.0376133
0.0383541
0.0390743
0.0395921
0.0403643
0.0410973
0.0418372
0.0429168
5.21951e-05
0.000288779
0.000775085
0.00155163
0.00274311
0.00459425
0.00710335
0.00955986
0.0111287
0.0117498
0.0119346
0.0119279
0.0118396
0.0117757
0.0117766
0.0117977
0.0118854
0.0120371
0.0122507
0.0124195
1.15801e-06
1.74979e-05
0.00010456
0.000350563
0.000828239
0.00161141
0.00265844
0.00353911
0.00390746
0.00392571
0.0038097
0.00364607
0.0034752
0.00333154
0.00324269
0.00319244
0.0031621
0.00316473
0.00321948
0.00325096
4.65776e-08
1.17707e-06
1.32371e-05
7.41982e-05
0.000247077
0.000582001
0.00100848
0.00128226
0.00132289
0.0012608
0.00116003
0.00105092
0.000946745
0.00086284
0.000807566
0.000773852
0.000751625
0.000741421
0.000751014
0.000757246
2.55389e-09
1.06138e-07
1.99272e-06
1.6917e-05
7.57775e-05
0.000218453
0.00038376
0.000448231
0.000432633
0.000387671
0.00033081
0.000279038
0.000234736
0.000200263
0.000177904
0.000164065
0.000155553
0.000151544
0.000152806
0.000153835
1.65069e-10
1.10601e-08
3.29582e-07
4.1316e-06
2.44221e-05
8.36011e-05
0.000142331
0.000151672
0.000137327
0.000114025
8.87641e-05
6.80159e-05
5.23902e-05
4.12791e-05
3.44033e-05
3.0252e-05
2.78673e-05
2.68132e-05
2.69069e-05
2.69979e-05
9.90166e-12
1.25753e-09
5.68923e-08
1.02777e-06
7.85307e-06
3.23028e-05
5.08897e-05
5.01437e-05
4.22993e-05
3.20083e-05
2.23575e-05
1.53054e-05
1.0605e-05
7.57622e-06
5.83909e-06
4.83909e-06
4.29186e-06
4.07004e-06
4.07198e-06
4.07572e-06
4.25005e-13
1.11757e-10
9.7556e-09
2.64505e-07
2.67198e-06
1.25359e-05
1.75616e-05
1.62045e-05
1.25622e-05
8.42337e-06
5.13023e-06
3.05871e-06
1.87524e-06
1.19003e-06
8.33261e-07
6.45327e-07
5.49608e-07
5.12767e-07
5.12746e-07
5.13392e-07
2.19838e-14
1.1082e-11
1.67482e-09
6.52843e-08
8.81869e-07
4.71308e-06
5.91557e-06
5.13247e-06
3.54117e-06
2.04908e-06
1.0673e-06
5.43527e-07
2.88228e-07
1.58737e-07
9.9756e-08
7.19478e-08
5.90224e-08
5.4396e-08
5.46908e-08
5.50178e-08
1.2752e-15
1.14725e-12
3.00564e-10
1.63165e-08
2.81441e-07
1.69428e-06
1.96417e-06
1.57797e-06
9.40237e-07
4.61486e-07
2.0136e-07
8.53869e-08
3.85025e-08
1.79523e-08
9.95301e-09
6.6616e-09
5.30278e-09
4.87742e-09
4.97401e-09
5.05799e-09
8.65278e-17
1.27349e-13
5.52105e-11
4.2017e-09
8.74624e-08
5.86097e-07
6.4462e-07
4.68349e-07
2.35056e-07
9.57489e-08
3.40533e-08
1.17052e-08
4.41429e-09
1.69653e-09
8.13909e-10
5.08153e-10
4.02318e-10
3.73667e-10
3.84843e-10
4.00087e-10
6.87851e-18
1.57072e-14
1.03375e-11
1.11306e-09
2.65817e-08
1.98952e-07
2.09194e-07
1.32982e-07
5.53647e-08
1.82434e-08
5.10913e-09
1.38452e-09
4.28982e-10
1.31836e-10
5.35976e-11
3.19497e-11
2.63636e-11
2.53722e-11
2.62687e-11
2.80298e-11
7.61336e-19
2.62718e-15
2.17654e-12
2.89917e-10
7.86774e-09
6.62719e-08
6.65676e-08
3.59211e-08
1.23257e-08
3.27844e-09
7.21722e-10
1.5103e-10
3.73407e-11
9.16159e-12
3.11986e-12
1.78337e-12
1.55918e-12
1.59941e-12
1.68697e-12
1.83115e-12
9.99427e-20
4.46295e-16
4.67369e-13
8.0448e-11
2.46787e-09
2.18635e-08
2.05681e-08
9.2152e-09
2.57444e-09
5.39798e-10
9.09205e-11
1.43888e-11
2.80393e-12
5.34228e-13
1.48491e-13
8.65222e-14
8.39359e-14
9.21343e-14
1.00958e-13
1.11603e-13
1.70983e-20
9.46343e-17
1.14376e-13
2.29169e-11
7.84104e-10
7.27949e-09
6.12552e-09
2.23979e-09
5.00551e-10
8.02184e-11
1.00913e-11
1.18932e-12
1.79523e-13
2.65716e-14
5.95986e-15
3.89609e-15
4.28331e-15
4.92947e-15
5.64833e-15
6.37208e-15
3.24807e-21
2.34692e-17
3.15481e-14
6.69035e-12
2.41648e-10
2.3805e-09
1.69888e-09
5.0181e-10
8.84878e-11
1.05164e-11
9.63366e-13
8.37059e-14
9.5044e-15
1.08177e-15
2.05577e-16
1.75829e-16
2.14558e-16
2.50175e-16
2.98039e-16
3.43539e-16
2.81339e-21
1.44712e-17
1.45541e-14
1.9941e-12
6.55415e-11
5.60351e-10
3.32391e-10
7.78852e-11
1.01479e-11
8.64645e-13
5.76912e-14
3.67275e-15
3.35363e-16
3.03938e-17
6.11948e-18
8.16946e-18
1.02415e-17
1.18394e-17
1.44038e-17
1.68391e-17
