0.0595258
0.15978
0.24083
0.321051
0.408402
0.506741
0.615818
0.731777
0.847997
0.957499
1.05603
1.14168
1.21745
1.286
1.35112
1.41374
1.46083
1.47851
1.51244
1.58323
0.00714853
0.0210536
0.0341219
0.0491686
0.0681128
0.0919937
0.120878
0.153358
0.185801
0.214126
0.236786
0.255501
0.271707
0.285085
0.295949
0.308044
0.320933
0.325432
0.333091
0.352423
0.000823643
0.00265418
0.00472714
0.00761548
0.0119555
0.018368
0.026942
0.0367696
0.0457309
0.0524616
0.0570682
0.0602452
0.0627771
0.0648408
0.0665207
0.0679109
0.0699167
0.0712784
0.0728684
0.0764605
5.56793e-05
0.000244753
0.000567293
0.00112337
0.00210872
0.00380864
0.00631572
0.00917294
0.0114063
0.0126084
0.0131782
0.0133674
0.0133892
0.0134247
0.013521
0.0135885
0.0137867
0.0140195
0.0142556
0.014705
6.97571e-07
8.31867e-06
4.43152e-05
0.000148569
0.000380294
0.000835036
0.00155847
0.00232437
0.00278433
0.00289709
0.00285105
0.00273824
0.00260076
0.00248567
0.00241559
0.0023714
0.00235429
0.00236585
0.00239708
0.00243514
4.84814e-08
2.79127e-07
2.54455e-06
1.71197e-05
6.95666e-05
0.000194879
0.000400583
0.000588064
0.000651536
0.000631265
0.000580759
0.000520851
0.00046158
0.000413094
0.000382253
0.000362827
0.000350172
0.000344193
0.000346747
0.000349846
3.52396e-09
1.61735e-08
1.79007e-07
2.07127e-06
1.31689e-05
4.83859e-05
0.000105733
0.000144544
0.000145333
0.000130938
0.000111598
9.22401e-05
7.48101e-05
6.15785e-05
5.33584e-05
4.83207e-05
4.51928e-05
4.32807e-05
4.30933e-05
4.32706e-05
2.53705e-10
1.08596e-09
1.59887e-08
2.91095e-07
2.66051e-06
1.27673e-05
2.80283e-05
3.37637e-05
3.09877e-05
2.56769e-05
1.97135e-05
1.4721e-05
1.07768e-05
8.00823e-06
6.39235e-06
5.45586e-06
4.92094e-06
4.60687e-06
4.5362e-06
4.53299e-06
1.82364e-11
7.9763e-11
1.69904e-09
4.58604e-08
5.76306e-07
3.4568e-06
7.15087e-06
7.53415e-06
6.34365e-06
4.73228e-06
3.20051e-06
2.09655e-06
1.35648e-06
8.95038e-07
6.49649e-07
5.18054e-07
4.48664e-07
4.12001e-07
4.02644e-07
4.00473e-07
1.29525e-12
5.87302e-12
1.9044e-10
7.38879e-09
1.24215e-07
9.43708e-07
1.72555e-06
1.62834e-06
1.24351e-06
8.13542e-07
4.73395e-07
2.66458e-07
1.49588e-07
8.56919e-08
5.57283e-08
4.1158e-08
3.40738e-08
3.08608e-08
3.02082e-08
3.00646e-08
9.22695e-14
4.16771e-13
2.45189e-11
1.36639e-09
2.87395e-08
2.57051e-07
3.9486e-07
3.4125e-07
2.30661e-07
1.2692e-07
6.10835e-08
2.86335e-08
1.37208e-08
6.63417e-09
3.79747e-09
2.60744e-09
2.09927e-09
1.90646e-09
1.89973e-09
1.9102e-09
6.64164e-15
2.90931e-14
2.73631e-12
2.21546e-10
6.36031e-09
6.67351e-08
8.72683e-08
6.94839e-08
3.96462e-08
1.76992e-08
6.85905e-09
2.6063e-09
1.04177e-09
4.13962e-10
2.06616e-10
1.33992e-10
1.07968e-10
1.00698e-10
1.04181e-10
1.06886e-10
4.8441e-16
2.06677e-15
3.22681e-13
3.64645e-11
1.34673e-09
1.62404e-08
1.89173e-08
1.35534e-08
6.25559e-09
2.21592e-09
6.725e-10
2.00071e-10
6.56832e-11
2.09829e-11
9.12495e-12
5.80544e-12
4.88218e-12
4.79961e-12
5.23169e-12
5.51469e-12
3.56789e-17
1.51112e-16
3.90401e-14
6.18154e-12
2.75087e-10
3.73439e-09
4.03541e-09
2.50886e-09
9.06865e-10
2.48603e-10
5.70952e-11
1.285e-11
3.42649e-12
8.68657e-13
3.40056e-13
2.32086e-13
2.1638e-13
2.2548e-13
2.5336e-13
2.75669e-13
2.64567e-18
1.15012e-17
4.82691e-15
1.07674e-12
5.46071e-11
8.32029e-10
8.46164e-10
4.34797e-10
1.21046e-10
2.50082e-11
4.18628e-12
6.90677e-13
1.48577e-13
3.02216e-14
1.20867e-14
1.01125e-14
1.07345e-14
1.16422e-14
1.28625e-14
1.42543e-14
1.97161e-19
9.79543e-19
6.64496e-16
1.82049e-13
1.04512e-11
1.80515e-10
1.72483e-10
7.0086e-11
1.50012e-11
2.34838e-12
2.89651e-13
3.44421e-14
5.82271e-15
1.0651e-15
5.34764e-16
5.44787e-16
6.09663e-16
6.76629e-16
7.32633e-16
8.09771e-16
1.47686e-20
8.90291e-20
9.63546e-17
3.34774e-14
2.14938e-12
3.86411e-11
3.3711e-11
1.05045e-11
1.71268e-12
1.98528e-13
1.77272e-14
1.51534e-15
2.0608e-16
4.04065e-17
3.00094e-17
3.3693e-17
3.72762e-17
4.13005e-17
4.50818e-17
4.98006e-17
1.1113e-21
9.88213e-21
1.60333e-17
6.31165e-15
4.46949e-13
8.36595e-12
6.25347e-12
1.46541e-12
1.79305e-13
1.49504e-14
9.54211e-16
5.92146e-17
6.89036e-18
1.88748e-18
1.95614e-18
2.1904e-18
2.34866e-18
2.58667e-18
2.88985e-18
3.21235e-18
8.3962e-23
1.41409e-21
3.03477e-18
1.22169e-15
9.07332e-14
1.8135e-12
1.07584e-12
1.8802e-13
1.7103e-14
9.9726e-16
4.4759e-17
2.06216e-18
2.42304e-19
1.09331e-19
1.29846e-19
1.428e-19
1.50145e-19
1.64476e-19
1.88163e-19
2.11558e-19
6.39115e-24
3.81703e-22
7.89949e-19
2.37089e-16
1.72114e-14
3.14055e-13
1.43834e-13
1.86282e-14
1.19743e-15
4.84419e-17
1.57878e-18
5.71148e-20
9.73844e-21
6.68638e-21
8.02964e-21
8.74617e-21
9.08793e-21
9.97674e-21
1.15528e-20
1.30877e-20
