0.06657
0.178193
0.266801
0.352741
0.444673
0.546696
0.658679
0.776812
0.894575
1.00518
1.10456
1.19091
1.2673
1.33632
1.40173
1.46444
1.51151
1.52923
1.56319
1.63419
0.0130494
0.0371136
0.0578451
0.0797738
0.105516
0.136331
0.172144
0.21125
0.249626
0.282948
0.309778
0.332229
0.351865
0.368093
0.381152
0.395418
0.410334
0.415619
0.424642
0.446749
0.00339098
0.00984159
0.0156271
0.0223264
0.0311321
0.0428923
0.057469
0.0733529
0.0876031
0.098565
0.10652
0.112487
0.117524
0.121689
0.124994
0.127689
0.131191
0.133516
0.136282
0.14183
0.000839616
0.00260105
0.00437089
0.0065879
0.00980754
0.0145742
0.0208179
0.027467
0.0327035
0.0359109
0.0379067
0.0391503
0.0400389
0.0408538
0.0416368
0.0421999
0.0430252
0.0438021
0.0445855
0.0457141
6.95264e-05
0.000362358
0.000929358
0.00180328
0.00311943
0.00513506
0.00784043
0.0104781
0.0121718
0.0128605
0.0130861
0.0131077
0.0130415
0.0129974
0.0130165
0.0130523
0.0131574
0.0133284
0.0135651
0.0137488
1.75064e-06
2.42657e-05
0.000134909
0.000429025
0.000977599
0.00185608
0.00301612
0.00398845
0.00440234
0.00443379
0.00431804
0.00414972
0.00397274
0.00382367
0.00373218
0.00368155
0.00365149
0.00365764
0.00372189
0.00375807
7.14899e-08
1.72648e-06
1.80822e-05
9.519e-05
0.000302233
0.000689477
0.00117522
0.00148687
0.00153692
0.00147086
0.00136074
0.00124058
0.00112532
0.00103212
0.00097052
0.00093308
0.000908259
0.000897363
0.000909603
0.000917266
3.99633e-09
1.6171e-07
2.83887e-06
2.25678e-05
9.57624e-05
0.000265709
0.000459316
0.000535388
0.000518723
0.000467584
0.000402147
0.000342214
0.000290647
0.000250224
0.00022382
0.000207418
0.000197273
0.000192639
0.000194464
0.000195839
2.64308e-10
1.7442e-08
4.87094e-07
5.70867e-06
3.18158e-05
0.00010434
0.000175125
0.000186791
0.000170057
0.000142353
0.000111988
8.6814e-05
6.77057e-05
5.39941e-05
4.54212e-05
4.02052e-05
3.71937e-05
3.58962e-05
3.6075e-05
3.62156e-05
1.61494e-11
2.04474e-09
8.7026e-08
1.47041e-06
1.05485e-05
4.13682e-05
6.44558e-05
6.37128e-05
5.41484e-05
4.14219e-05
2.93268e-05
2.03714e-05
1.43338e-05
1.03987e-05
8.11061e-06
6.7786e-06
6.04485e-06
5.75317e-06
5.76496e-06
5.77325e-06
6.7901e-13
1.85873e-10
1.52735e-08
3.88806e-07
3.69503e-06
1.64785e-05
2.29256e-05
2.12554e-05
1.66448e-05
1.13238e-05
7.01686e-06
4.25931e-06
2.65967e-06
1.72057e-06
1.22271e-06
9.56444e-07
8.19379e-07
7.67044e-07
7.6776e-07
7.68843e-07
3.45992e-14
1.90407e-11
2.70862e-09
9.91049e-08
1.25675e-06
6.36637e-06
7.96498e-06
6.95394e-06
4.86431e-06
2.86807e-06
1.52632e-06
7.94403e-07
4.30425e-07
2.42698e-07
1.55304e-07
1.13282e-07
9.3438e-08
8.63005e-08
8.67298e-08
8.71947e-08
1.97166e-15
2.03348e-12
5.01468e-10
2.55647e-08
4.13616e-07
2.35513e-06
2.72845e-06
2.21027e-06
1.34129e-06
6.73953e-07
3.01879e-07
1.31426e-07
6.07508e-08
2.9141e-08
1.65126e-08
1.11862e-08
8.93758e-09
8.21755e-09
8.357e-09
8.48289e-09
1.34276e-16
2.32734e-13
9.49724e-11
6.79169e-09
1.32624e-07
8.39452e-07
9.24037e-07
6.78947e-07
3.4881e-07
1.46191e-07
5.36642e-08
1.90376e-08
7.38506e-09
2.93583e-09
1.44574e-09
9.13096e-10
7.22585e-10
6.68034e-10
6.84152e-10
7.08875e-10
1.10976e-17
2.95757e-14
1.83239e-11
1.8555e-09
4.15974e-08
2.9384e-07
3.0954e-07
1.99798e-07
8.5601e-08
2.91765e-08
8.4843e-09
2.38691e-09
7.63478e-10
2.44215e-10
1.02396e-10
6.15022e-11
5.02967e-11
4.7918e-11
4.9249e-11
5.23094e-11
1.35846e-18
5.09976e-15
3.97729e-12
4.98745e-10
1.27119e-08
1.00974e-07
1.01723e-07
5.6016e-08
1.98813e-08
5.49699e-09
1.26335e-09
2.76158e-10
7.08036e-11
1.81729e-11
6.40755e-12
3.66176e-12
3.13794e-12
3.17148e-12
3.32151e-12
3.58813e-12
1.94755e-19
8.90076e-16
8.7806e-13
1.42533e-10
4.11074e-09
3.43689e-08
3.24845e-08
1.49364e-08
4.33835e-09
9.50486e-10
1.68006e-10
2.79301e-11
5.6701e-12
1.13541e-12
3.27587e-13
1.8758e-13
1.76437e-13
1.90756e-13
2.07749e-13
2.28656e-13
3.57167e-20
1.93565e-16
2.20758e-13
4.18094e-11
1.34628e-09
1.17991e-08
1.00067e-08
3.77736e-09
8.82238e-10
1.48531e-10
1.97003e-11
2.45056e-12
3.87346e-13
6.04128e-14
1.40227e-14
8.75475e-15
9.30885e-15
1.06087e-14
1.20978e-14
1.35964e-14
7.0483e-21
4.91249e-17
6.25041e-14
1.25619e-11
4.27171e-10
3.96827e-09
2.8685e-09
8.79903e-10
1.62982e-10
2.04594e-11
1.98444e-12
1.82657e-13
2.18446e-14
2.62539e-15
5.07751e-16
4.00793e-16
4.79248e-16
5.57661e-16
6.61857e-16
7.60322e-16
6.56088e-21
3.17623e-17
2.99778e-14
3.8501e-12
1.18484e-10
9.52339e-10
5.75147e-10
1.40697e-10
1.93374e-11
1.74694e-12
1.23626e-13
8.35086e-15
8.07855e-16
7.72703e-17
1.51674e-17
1.86173e-17
2.34562e-17
2.71931e-17
3.29628e-17
3.84145e-17
