0.0669019
0.179056
0.268011
0.354206
0.446334
0.548506
0.660595
0.778797
0.896599
1.00722
1.10662
1.19297
1.26935
1.33837
1.40378
1.46648
1.51353
1.53125
1.5652
1.63618
0.013427
0.0381285
0.0593215
0.0816423
0.107746
0.138905
0.175039
0.214433
0.253051
0.286571
0.313561
0.336153
0.355916
0.372249
0.385386
0.399728
0.414713
0.420025
0.429095
0.451289
0.00363725
0.0105107
0.0166051
0.0235903
0.0327028
0.0448012
0.0597324
0.0759559
0.0904953
0.101689
0.109829
0.115951
0.121126
0.125407
0.128799
0.131563
0.13514
0.137514
0.140336
0.145972
0.000959182
0.00293599
0.00486877
0.00724594
0.0106613
0.0156761
0.0222036
0.029131
0.03459
0.037955
0.0400705
0.0414086
0.0423778
0.0432635
0.0441062
0.0447123
0.0455876
0.0464056
0.0472294
0.0484032
9.0189e-05
0.000445978
0.00109784
0.00207066
0.00351111
0.00568855
0.00858513
0.0113989
0.0132148
0.0139711
0.0142386
0.0142903
0.0142479
0.0142252
0.0142635
0.0143145
0.0144373
0.0146276
0.0148869
0.0150852
2.56966e-06
3.28255e-05
0.00017065
0.000516862
0.00113924
0.00211473
0.00338852
0.00445306
0.00491372
0.00495994
0.00484615
0.00467484
0.00449337
0.00434024
0.00424707
0.00419677
0.0041675
0.00417762
0.00425183
0.00429288
1.07715e-07
2.46962e-06
2.416e-05
0.000119898
0.000364197
0.0008065
0.00135382
0.00170492
0.00176544
0.00169608
0.00157711
0.00144627
0.00132021
0.0012179
0.00115007
0.00110901
0.00108164
0.00107019
0.00108542
0.00109467
6.16578e-09
2.40065e-07
3.9496e-06
2.95014e-05
0.000118991
0.000318578
0.000542498
0.000631153
0.000613692
0.000556287
0.000481969
0.000413524
0.000354335
0.000307612
0.000276891
0.000257747
0.000245844
0.000240578
0.000243096
0.000244884
4.18431e-10
2.67646e-08
7.01905e-07
7.71535e-06
4.06802e-05
0.000128157
0.000212253
0.000226592
0.000207366
0.000174918
0.000138975
0.000108916
8.59329e-05
6.93e-05
5.88006e-05
5.23668e-05
4.8635e-05
4.70692e-05
4.73657e-05
4.75719e-05
2.61491e-11
3.2307e-09
1.29606e-07
2.05412e-06
1.38818e-05
5.20515e-05
8.02671e-05
7.95801e-05
6.81125e-05
5.26401e-05
3.77474e-05
2.65832e-05
1.89758e-05
1.39648e-05
1.10135e-05
9.27734e-06
8.31528e-06
7.94055e-06
7.96813e-06
7.98339e-06
1.09472e-12
3.0014e-10
2.32618e-08
5.57375e-07
4.99746e-06
2.12465e-05
2.9368e-05
2.73522e-05
2.16238e-05
1.49134e-05
9.39277e-06
5.79888e-06
3.68412e-06
2.42638e-06
1.74827e-06
1.38041e-06
1.1892e-06
1.11683e-06
1.1189e-06
1.12066e-06
5.59071e-14
3.17038e-11
4.25395e-09
1.46465e-07
1.74849e-06
8.42032e-06
1.05029e-05
9.22435e-06
6.53659e-06
3.92283e-06
2.1303e-06
1.13179e-06
6.258e-07
3.60706e-07
2.34752e-07
1.73072e-07
1.43514e-07
1.32844e-07
1.33464e-07
1.3411e-07
3.18393e-15
3.48648e-12
8.11075e-10
3.89266e-08
5.92357e-07
3.19962e-06
3.70448e-06
3.02473e-06
1.86741e-06
9.59251e-07
4.40409e-07
1.96555e-07
9.30107e-08
4.58139e-08
2.64954e-08
1.81579e-08
1.45651e-08
1.33918e-08
1.35867e-08
1.37697e-08
2.19846e-16
4.10655e-13
1.58095e-10
1.06499e-08
1.9561e-07
1.17286e-06
1.29207e-06
9.5955e-07
5.03932e-07
2.16944e-07
8.20426e-08
2.9983e-08
1.19458e-08
4.90129e-09
2.47335e-09
1.58003e-09
1.2509e-09
1.1521e-09
1.17403e-09
1.21279e-09
1.88728e-17
5.3667e-14
3.13751e-11
2.99525e-09
6.31985e-08
4.22518e-07
4.45894e-07
2.92005e-07
1.28525e-07
4.52244e-08
1.3625e-08
3.97072e-09
1.30891e-09
4.34645e-10
1.87596e-10
1.13628e-10
9.2284e-11
8.71421e-11
8.89641e-11
9.40881e-11
2.49108e-18
9.52138e-15
7.00753e-12
8.29262e-10
1.99016e-08
1.49487e-07
1.51026e-07
8.47757e-08
3.1061e-08
8.90741e-09
2.13187e-09
4.85536e-10
1.28839e-10
3.44962e-11
1.25708e-11
7.20156e-12
6.06868e-12
6.05041e-12
6.29348e-12
6.7673e-12
3.79072e-19
1.70433e-15
1.58776e-12
2.43629e-10
6.62239e-09
5.23908e-08
4.97436e-08
2.34391e-08
7.06222e-09
1.61272e-09
2.98335e-10
5.19527e-11
1.09631e-11
2.30065e-12
6.88326e-13
3.89736e-13
3.56646e-13
3.79878e-13
4.11108e-13
4.50522e-13
7.27302e-20
3.79413e-16
4.09391e-13
7.34511e-11
2.23132e-09
1.8508e-08
1.58155e-08
6.15224e-09
1.49796e-09
2.64216e-10
3.68426e-11
4.82274e-12
7.96234e-13
1.30513e-13
3.14019e-14
1.8928e-14
1.94842e-14
2.19637e-14
2.49149e-14
2.78921e-14
1.47232e-20
9.8438e-17
1.18778e-13
2.26698e-11
7.27493e-10
6.38874e-09
4.67519e-09
1.48613e-09
2.88362e-10
3.81228e-11
3.90353e-12
3.79479e-13
4.76685e-14
6.03597e-15
1.19773e-15
8.84395e-16
1.03269e-15
1.19701e-15
1.41445e-15
1.61905e-15
1.45674e-20
6.65118e-17
5.90573e-14
7.12885e-12
2.05962e-10
1.56067e-09
9.58819e-10
2.44287e-10
3.53148e-11
3.37251e-12
2.52388e-13
1.80378e-14
1.84325e-15
1.85872e-16
3.63373e-17
4.12608e-17
5.19222e-17
6.02799e-17
7.27541e-17
8.4488e-17
