0.0420948
0.113684
0.174916
0.239222
0.312666
0.398247
0.495513
0.600633
0.707051
0.807654
0.897919
0.97582
1.04421
1.1061
1.16558
1.22364
1.26777
1.28416
1.31522
1.3775
0.00162333
0.00544458
0.00994997
0.0161368
0.0249942
0.0371776
0.0527928
0.0710576
0.0895808
0.105493
0.117515
0.126552
0.133676
0.139309
0.14405
0.149845
0.156567
0.158732
0.162255
0.172482
5.54113e-05
0.000229298
0.000509002
0.00102516
0.00200152
0.0036809
0.00617315
0.00921782
0.0119909
0.0138683
0.0148499
0.0152064
0.0152809
0.0152714
0.0153004
0.0153377
0.0156142
0.015827
0.0160215
0.0168729
6.85389e-06
2.12813e-05
3.85241e-05
7.77054e-05
0.000180489
0.000404721
0.000792559
0.00127292
0.00163161
0.00176072
0.00174783
0.00165741
0.00153936
0.0014411
0.00137787
0.00133315
0.00131169
0.00131123
0.00130986
0.00135383
6.56202e-07
2.0617e-06
3.53179e-06
6.92739e-06
1.85973e-05
5.02997e-05
0.000110695
0.000179437
0.000213478
0.000208169
0.000187666
0.00016302
0.000138602
0.000119442
0.000107649
0.000100281
9.57261e-05
9.39941e-05
9.34562e-05
9.51943e-05
4.90722e-08
1.49021e-07
2.48258e-07
4.93962e-07
1.86521e-06
6.75867e-06
1.61738e-05
2.47274e-05
2.55558e-05
2.22581e-05
1.82319e-05
1.44256e-05
1.11713e-05
8.84262e-06
7.56576e-06
6.84886e-06
6.42524e-06
6.21003e-06
6.19412e-06
6.29578e-06
3.48683e-09
1.04761e-08
1.73654e-08
3.13567e-08
1.68008e-07
9.51013e-07
2.38671e-06
3.16499e-06
2.76166e-06
2.15758e-06
1.59853e-06
1.15164e-06
8.1201e-07
5.9722e-07
4.92891e-07
4.41208e-07
4.14498e-07
3.99672e-07
4.02168e-07
4.1074e-07
2.47264e-10
7.40648e-10
1.23682e-09
2.20246e-09
1.51079e-08
1.39802e-07
3.41965e-07
3.62788e-07
2.72291e-07
1.89717e-07
1.2427e-07
8.15582e-08
5.34577e-08
3.74369e-08
3.06063e-08
2.76718e-08
2.64065e-08
2.58499e-08
2.64509e-08
2.72207e-08
1.76187e-11
5.27194e-11
8.86551e-11
1.66877e-10
1.60945e-09
2.08404e-08
4.49183e-08
3.77632e-08
2.49175e-08
1.52461e-08
8.77514e-09
5.2512e-09
3.29519e-09
2.27508e-09
1.89148e-09
1.74976e-09
1.70367e-09
1.70601e-09
1.78098e-09
1.84578e-09
1.26052e-12
3.78571e-12
6.39321e-12
1.25823e-11
1.69193e-10
3.09147e-09
5.27814e-09
3.68302e-09
2.1357e-09
1.1319e-09
5.77203e-10
3.23081e-10
2.01249e-10
1.40473e-10
1.20014e-10
1.13076e-10
1.11597e-10
1.14585e-10
1.22353e-10
1.27865e-10
9.08093e-14
2.73399e-13
4.66159e-13
9.64715e-13
1.92026e-11
4.44751e-10
5.58733e-10
3.40997e-10
1.70796e-10
7.70446e-11
3.5447e-11
1.92977e-11
1.23929e-11
8.88453e-12
7.80824e-12
7.4642e-12
7.42135e-12
7.75522e-12
8.44956e-12
8.89744e-12
6.59397e-15
1.98394e-14
3.40961e-14
7.28801e-14
2.03298e-12
5.84878e-11
5.52322e-11
3.03233e-11
1.26322e-11
4.90038e-12
2.12878e-12
1.17314e-12
7.84094e-13
5.78766e-13
5.23461e-13
5.06613e-13
5.0682e-13
5.35244e-13
5.92731e-13
6.27955e-13
4.82767e-16
1.44864e-15
2.50121e-15
5.53365e-15
2.00572e-13
6.86852e-12
5.26838e-12
2.56988e-12
8.71328e-13
3.03198e-13
1.30545e-13
7.41404e-14
5.15546e-14
3.88876e-14
3.61224e-14
3.52913e-14
3.54092e-14
3.75786e-14
4.20753e-14
4.48091e-14
3.5593e-17
1.06594e-16
1.83542e-16
4.2434e-16
1.86174e-14
7.28788e-13
4.90757e-13
2.07081e-13
5.718e-14
1.86771e-14
8.26374e-15
4.84349e-15
3.47625e-15
2.67703e-15
2.55532e-15
2.52001e-15
2.55454e-15
2.68336e-15
2.96261e-15
3.18696e-15
2.63954e-18
7.89822e-18
1.34858e-17
3.29118e-17
1.65015e-15
7.25222e-14
4.48665e-14
1.57746e-14
3.64549e-15
1.16526e-15
5.3686e-16
3.22505e-16
2.37245e-16
1.88484e-16
1.84244e-16
1.83872e-16
1.89817e-16
1.97272e-16
2.10437e-16
2.27734e-16
1.96732e-19
5.88598e-19
9.99263e-19
2.51947e-18
1.3888e-16
6.91364e-15
4.00607e-15
1.13924e-15
2.30403e-16
7.59643e-17
3.61919e-17
2.20957e-17
1.64599e-17
1.34974e-17
1.33684e-17
1.3445e-17
1.39808e-17
1.47214e-17
1.54874e-17
1.67178e-17
1.47327e-20
4.40795e-20
7.45777e-20
2.00751e-19
1.28375e-17
6.47999e-16
3.46084e-16
7.87308e-17
1.45431e-17
5.11059e-18
2.48064e-18
1.53997e-18
1.14629e-18
9.64692e-19
9.69119e-19
9.77669e-19
1.00983e-18
1.06969e-18
1.1372e-18
1.22991e-18
1.108e-21
3.31614e-21
5.60293e-21
1.62776e-20
1.21414e-18
6.19104e-17
2.87406e-17
5.25035e-18
9.2437e-19
3.47846e-19
1.69845e-19
1.08548e-19
8.08006e-20
6.76043e-20
6.99711e-20
7.08674e-20
7.21474e-20
7.62278e-20
8.2555e-20
8.98319e-20
8.36511e-23
2.50496e-22
4.24228e-22
1.35763e-21
1.14294e-19
6.043e-18
2.2628e-18
3.38174e-19
5.92374e-20
2.37368e-20
1.15559e-20
7.66426e-21
5.87815e-21
4.77477e-21
5.02738e-21
5.15654e-21
5.17976e-21
5.4135e-21
5.94445e-21
6.5226e-21
6.33849e-24
1.89887e-23
3.22641e-23
1.10935e-22
1.05348e-20
5.36123e-19
1.56496e-19
1.96605e-20
3.52226e-21
1.48967e-21
7.3739e-22
5.07338e-22
4.01257e-22
3.28689e-22
3.48807e-22
3.58776e-22
3.54588e-22
3.67674e-22
4.03862e-22
4.4419e-22
