0.0560965
0.150764
0.228032
0.305313
0.390209
0.486447
0.593724
0.708175
0.823163
0.931641
1.02928
1.11412
1.18916
1.25707
1.32167
1.38393
1.43081
1.44839
1.48209
1.55221
0.00533084
0.0160178
0.0265191
0.0390943
0.0554058
0.0763974
0.102188
0.13152
0.161004
0.186756
0.207237
0.223979
0.238346
0.250173
0.259828
0.2707
0.282415
0.286468
0.29333
0.310964
0.000421301
0.00145414
0.00276805
0.00475015
0.00790081
0.0127419
0.0194074
0.027198
0.03434
0.0396325
0.0431326
0.0454138
0.0471461
0.0485324
0.0496791
0.050635
0.0521104
0.0531246
0.0542839
0.0570897
1.53528e-05
8.60123e-05
0.000237146
0.000537435
0.00112648
0.00221018
0.00388846
0.00585699
0.00739535
0.00817832
0.00849157
0.00852465
0.00843661
0.00836903
0.00836329
0.00835723
0.00844271
0.00856724
0.00869249
0.00897859
5.685e-07
2.94843e-06
1.41827e-05
5.59223e-05
0.000167949
0.00041275
0.000830232
0.00128901
0.00156017
0.00161149
0.00156257
0.00147237
0.00136793
0.00128016
0.00122438
0.00118801
0.00116874
0.00116787
0.00117828
0.00119712
4.73498e-08
1.6952e-07
7.74509e-07
5.37343e-06
2.61048e-05
8.3599e-05
0.000186473
0.000283963
0.000314668
0.000300285
0.000270172
0.000235609
0.000202013
0.000174933
0.000157824
0.000146976
0.000139889
0.000136079
0.000136118
0.000137171
3.45606e-09
1.12028e-08
4.81046e-08
5.46752e-07
4.26443e-06
1.82158e-05
4.32046e-05
6.05721e-05
6.01714e-05
5.29874e-05
4.37966e-05
3.48721e-05
2.70463e-05
2.12734e-05
1.77936e-05
1.56902e-05
1.4413e-05
1.36026e-05
1.34078e-05
1.34286e-05
2.49578e-10
7.8994e-10
3.53882e-09
6.30051e-08
7.38582e-07
4.23618e-06
1.00398e-05
1.21849e-05
1.09272e-05
8.76794e-06
6.45406e-06
4.59276e-06
3.17703e-06
2.22777e-06
1.7008e-06
1.40634e-06
1.2436e-06
1.14563e-06
1.1159e-06
1.11177e-06
1.79289e-11
5.68923e-11
3.20169e-10
8.5835e-09
1.38912e-07
1.01064e-06
2.23073e-06
2.32379e-06
1.89154e-06
1.34893e-06
8.61937e-07
5.31191e-07
3.21055e-07
1.97521e-07
1.36279e-07
1.05279e-07
8.96616e-08
8.13586e-08
7.89616e-08
7.84577e-08
1.27958e-12
4.07213e-12
2.91807e-11
1.17795e-09
2.5863e-08
2.4257e-07
4.64423e-07
4.26655e-07
3.10957e-07
1.91145e-07
1.03227e-07
5.38901e-08
2.79921e-08
1.48032e-08
9.1511e-09
6.60663e-09
5.44675e-09
4.93943e-09
4.85109e-09
4.84922e-09
9.16565e-14
2.92018e-13
3.1299e-12
1.93201e-10
5.17585e-09
5.78238e-08
9.08435e-08
7.55307e-08
4.78801e-08
2.41994e-08
1.0584e-08
4.5383e-09
2.00262e-09
8.89435e-10
4.90979e-10
3.39383e-10
2.80123e-10
2.60686e-10
2.64684e-10
2.69226e-10
6.62187e-15
2.08901e-14
2.8964e-13
2.66955e-11
9.84323e-10
1.30373e-08
1.70451e-08
1.29137e-08
6.75115e-09
2.69916e-09
9.30124e-10
3.19246e-10
1.17943e-10
4.35894e-11
2.2007e-11
1.53086e-11
1.32061e-11
1.29252e-11
1.37919e-11
1.43749e-11
4.83732e-16
1.50462e-15
2.82484e-14
3.73835e-12
1.78077e-10
2.73039e-09
3.12266e-09
2.09952e-09
8.63865e-10
2.67213e-10
7.06361e-11
1.88233e-11
5.82758e-12
1.82704e-12
9.05548e-13
6.84001e-13
6.36521e-13
6.58989e-13
7.37288e-13
7.86421e-13
3.56448e-17
1.09782e-16
2.82799e-15
5.37637e-13
3.09047e-11
5.35624e-10
5.60697e-10
3.21155e-10
1.00548e-10
2.35177e-11
4.62328e-12
9.34065e-13
2.47783e-13
7.10034e-14
3.96253e-14
3.4592e-14
3.48337e-14
3.70512e-14
4.17446e-14
4.54631e-14
2.64333e-18
8.10906e-18
2.90043e-16
7.92128e-14
5.18789e-12
1.01107e-10
9.85328e-11
4.55469e-11
1.0689e-11
1.8478e-12
2.61927e-13
3.97414e-14
9.59562e-15
2.94549e-15
2.10313e-15
2.07893e-15
2.20577e-15
2.35364e-15
2.56583e-15
2.81948e-15
1.96992e-19
6.06864e-19
3.30298e-17
1.12552e-14
8.34754e-13
1.84979e-11
1.67498e-11
5.95294e-12
1.05011e-12
1.35649e-13
1.41568e-14
1.63727e-15
3.89612e-16
1.53152e-16
1.34174e-16
1.38653e-16
1.49099e-16
1.61509e-16
1.72926e-16
1.89261e-16
1.47539e-20
4.57969e-20
4.02274e-18
1.74884e-15
1.44723e-13
3.329e-12
2.71369e-12
7.17995e-13
9.46849e-14
8.96836e-15
6.8602e-16
6.43607e-17
1.77719e-17
9.31887e-18
9.11621e-18
9.50457e-18
1.0162e-17
1.1085e-17
1.20046e-17
1.31575e-17
1.10983e-21
3.52037e-21
5.64914e-19
2.78189e-16
2.53209e-14
6.05135e-13
4.14318e-13
8.01339e-14
7.81226e-15
5.2971e-16
2.99002e-17
2.58397e-18
9.56178e-19
5.98547e-19
6.20766e-19
6.499e-19
6.86011e-19
7.49483e-19
8.31623e-19
9.18906e-19
8.38016e-23
2.80224e-22
9.07863e-20
4.53971e-17
4.32316e-15
1.10344e-13
5.83483e-14
8.20696e-15
5.88205e-16
2.79146e-17
1.18327e-18
1.15567e-19
5.92242e-20
3.8831e-20
4.15072e-20
4.40845e-20
4.60078e-20
5.00539e-20
5.68609e-20
6.36211e-20
6.35217e-24
2.57067e-23
1.85968e-20
7.31028e-18
6.97413e-16
1.65998e-14
6.56537e-15
6.7169e-16
3.38923e-17
1.13435e-18
3.95299e-20
5.47336e-21
3.5514e-21
2.37389e-21
2.61573e-21
2.79679e-21
2.8803e-21
3.13573e-21
3.60413e-21
4.06519e-21
