0.0657471
0.176051
0.263795
0.349097
0.440539
0.542199
0.653925
0.771899
0.889582
1.00015
1.09953
1.18588
1.26228
1.33132
1.39677
1.45953
1.50664
1.52437
1.55837
1.62945
0.012123
0.0346256
0.0542287
0.0752007
0.100063
0.130038
0.165065
0.203465
0.241241
0.274074
0.300502
0.322597
0.341914
0.357881
0.370742
0.38482
0.399568
0.404785
0.413699
0.435603
0.00284194
0.00834469
0.0134299
0.0194734
0.0275664
0.0385323
0.0522697
0.0673452
0.0809051
0.0913138
0.0988266
0.104422
0.109127
0.113018
0.116114
0.118643
0.121964
0.124174
0.126803
0.132144
0.000608562
0.00194298
0.00337324
0.00524436
0.00803384
0.0122497
0.0178593
0.0238879
0.0286328
0.0314985
0.0332393
0.0342844
0.035005
0.0356714
0.036328
0.0368
0.0375175
0.0382047
0.038899
0.0399262
3.95619e-05
0.000228846
0.00063732
0.00131367
0.00237412
0.00405391
0.00636015
0.00863353
0.0100818
0.0106435
0.0107968
0.0107708
0.0106691
0.0105925
0.0105806
0.010591
0.0106644
0.010799
0.0109913
0.0111458
8.98143e-07
1.34736e-05
8.25935e-05
0.000286092
0.00069576
0.00138603
0.00232412
0.00311962
0.00345037
0.00346254
0.00335249
0.00319914
0.00303943
0.00290531
0.00282209
0.00277452
0.00274555
0.0027463
0.00279358
0.00282121
3.80183e-08
9.23575e-07
1.03916e-05
5.94311e-05
0.000203229
0.000490654
0.000863949
0.00110579
0.00114131
0.00108579
0.000996037
0.000899069
0.000806675
0.000732454
0.000683713
0.000653976
0.000634432
0.000625295
0.000633227
0.000638493
2.12501e-09
8.44356e-08
1.57094e-06
1.34614e-05
6.15296e-05
0.000181331
0.000323109
0.000379044
0.000365709
0.000326978
0.000278044
0.0002336
0.000195671
0.000166271
0.000147285
0.000135568
0.00012838
0.000124969
0.000125977
0.000126824
1.39594e-10
8.9012e-09
2.6106e-07
3.27681e-06
1.96476e-05
6.85326e-05
0.000118043
0.000126113
0.000114097
9.44987e-05
7.32941e-05
5.59454e-05
4.29249e-05
3.37012e-05
2.80196e-05
2.46011e-05
2.2642e-05
2.17753e-05
2.18497e-05
2.19243e-05
8.55941e-12
1.0283e-09
4.54861e-08
8.15514e-07
6.27684e-06
2.62142e-05
4.1667e-05
4.11239e-05
3.46567e-05
2.61571e-05
1.82086e-05
1.2426e-05
8.5861e-06
6.11966e-06
4.7105e-06
3.90165e-06
3.46006e-06
3.28181e-06
3.28425e-06
3.2878e-06
3.79406e-13
9.30162e-11
7.90031e-09
2.10991e-07
2.12914e-06
1.00949e-05
1.42336e-05
1.31512e-05
1.01849e-05
6.81361e-06
4.13936e-06
2.4637e-06
1.50926e-06
9.57642e-07
6.71032e-07
5.2026e-07
4.43575e-07
4.14254e-07
4.14484e-07
4.15117e-07
2.02056e-14
9.39673e-12
1.37411e-09
5.24214e-08
7.02516e-07
3.77474e-06
4.7607e-06
4.13598e-06
2.8518e-06
1.64808e-06
8.57765e-07
4.37085e-07
2.32265e-07
1.28338e-07
8.09599e-08
5.85874e-08
4.81749e-08
4.44676e-08
4.47337e-08
4.50088e-08
1.2024e-15
9.93602e-13
2.50538e-10
1.32306e-08
2.24858e-07
1.35298e-06
1.57465e-06
1.26701e-06
7.55288e-07
3.70991e-07
1.62214e-07
6.90706e-08
3.13316e-08
1.47307e-08
8.23451e-09
5.54502e-09
4.42768e-09
4.07732e-09
4.15673e-09
4.22541e-09
8.31937e-17
1.12927e-13
4.68761e-11
3.4508e-09
7.03138e-08
4.6798e-07
5.16475e-07
3.76069e-07
1.8922e-07
7.73882e-08
2.76999e-08
9.60894e-09
3.66403e-09
1.42986e-09
6.95935e-10
4.38352e-10
3.47822e-10
3.22679e-10
3.31535e-10
3.44147e-10
6.72246e-18
1.42901e-14
8.9605e-12
9.2841e-10
2.15712e-08
1.59318e-07
1.68049e-07
1.07204e-07
4.48921e-08
1.49213e-08
4.23094e-09
1.16517e-09
3.67402e-10
1.15723e-10
4.81325e-11
2.89789e-11
2.38432e-11
2.28093e-11
2.34998e-11
2.49972e-11
7.58664e-19
2.45855e-15
1.93082e-12
2.46272e-10
6.46369e-09
5.33846e-08
5.37897e-08
2.91987e-08
1.01231e-08
2.73181e-09
6.13484e-10
1.31634e-10
3.33929e-11
8.48813e-12
2.98726e-12
1.72052e-12
1.48437e-12
1.50381e-12
1.57564e-12
1.70281e-12
1.0222e-19
4.2934e-16
4.24507e-13
6.97002e-11
2.0572e-09
1.77689e-08
1.67747e-08
7.58859e-09
2.15428e-09
4.61598e-10
8.00348e-11
1.31249e-11
2.65047e-12
5.29848e-13
1.5397e-13
8.92441e-14
8.41282e-14
9.07744e-14
9.87019e-14
1.08559e-13
1.80343e-20
9.36291e-17
1.06512e-13
2.02941e-11
6.64814e-10
5.98407e-09
5.05996e-09
1.87753e-09
4.29366e-10
7.09408e-11
9.28199e-12
1.14689e-12
1.81518e-13
2.85445e-14
6.75374e-15
4.26137e-15
4.49534e-15
5.09087e-15
5.78789e-15
6.49532e-15
3.51311e-21
2.38402e-17
3.01526e-14
6.06468e-12
2.08687e-10
1.98163e-09
1.4252e-09
4.29787e-10
7.8188e-11
9.67708e-12
9.32405e-13
8.59669e-14
1.03776e-14
1.27122e-15
2.53695e-16
1.99537e-16
2.34385e-16
2.70789e-16
3.20267e-16
3.67223e-16
3.27192e-21
1.5466e-17
1.44168e-14
1.84803e-12
5.74228e-11
4.70984e-10
2.82521e-10
6.79771e-11
9.20296e-12
8.23622e-13
5.82641e-14
3.96898e-15
3.90565e-16
3.84313e-17
7.83622e-18
9.36947e-18
1.15968e-17
1.33913e-17
1.61807e-17
1.88163e-17
