0.0668712
0.178976
0.2679
0.354074
0.446188
0.548358
0.660454
0.77867
0.89649
1.00713
1.10655
1.19292
1.26932
1.33836
1.40378
1.4665
1.51356
1.53129
1.56524
1.63625
0.0133591
0.0379529
0.0590772
0.0813507
0.107423
0.138559
0.17468
0.214067
0.252684
0.286203
0.313192
0.335783
0.355546
0.37188
0.385018
0.399365
0.414357
0.419671
0.428746
0.450961
0.00359625
0.0104035
0.0164561
0.02341
0.032495
0.0445683
0.0594779
0.0756842
0.0902101
0.101392
0.109522
0.115637
0.120805
0.12508
0.128469
0.13123
0.134807
0.13718
0.140003
0.145644
0.00094644
0.00290015
0.00481525
0.0071769
0.0105769
0.0155762
0.0220899
0.0290075
0.0344611
0.0378237
0.0399385
0.0412764
0.0422456
0.0431315
0.0439744
0.0445807
0.0454561
0.0462743
0.0470984
0.0482727
9.17721e-05
0.000448321
0.00109521
0.0020597
0.00349065
0.00566075
0.00855247
0.011366
0.0131856
0.0139472
0.0142203
0.0142771
0.0142395
0.0142209
0.0142623
0.0143156
0.0144402
0.0146319
0.0148925
0.0150914
2.88946e-06
3.47502e-05
0.000174615
0.000520568
0.00114002
0.00211345
0.00338779
0.00445625
0.00492263
0.0049742
0.00486511
0.00469803
0.00452036
0.00437035
0.00427944
0.00423084
0.00420281
0.00421407
0.00428961
0.00433122
1.29949e-07
2.77959e-06
2.57162e-05
0.000123437
0.000368746
0.000811573
0.00136137
0.00171636
0.00178054
0.00171386
0.00159693
0.00146771
0.00134294
0.00124155
0.00117432
0.00113375
0.00110665
0.00109561
0.00111159
0.00112118
7.77558e-09
2.83455e-07
4.37229e-06
3.11815e-05
0.000122398
0.000323491
0.000549886
0.000640888
0.000624883
0.000568176
0.000494054
0.000425599
0.000366269
0.000319293
0.00028834
0.000269041
0.000257013
0.000251812
0.000254619
0.000256554
5.49808e-10
3.29295e-08
8.05322e-07
8.37341e-06
4.25741e-05
0.000131562
0.0002174
0.00023274
0.000213823
0.000181209
0.000144801
0.00011422
9.07572e-05
7.37028e-05
6.28872e-05
5.62374e-05
5.23725e-05
5.07905e-05
5.11661e-05
5.14106e-05
3.58587e-11
4.14222e-09
1.54417e-07
2.29628e-06
1.48176e-05
5.41224e-05
8.33095e-05
8.29231e-05
7.13575e-05
5.55306e-05
4.01606e-05
2.85561e-05
2.06002e-05
1.53246e-05
1.21921e-05
1.0337e-05
9.30595e-06
8.91405e-06
8.95813e-06
8.98028e-06
1.54193e-12
3.98722e-10
2.85948e-08
6.40298e-07
5.44906e-06
2.24241e-05
3.0983e-05
2.90029e-05
2.31032e-05
1.6097e-05
1.02647e-05
6.42478e-06
4.14273e-06
2.772e-06
2.0232e-06
1.61237e-06
1.39729e-06
1.31716e-06
1.3214e-06
1.324e-06
8.14816e-14
4.40126e-11
5.43638e-09
1.73832e-07
1.95358e-06
9.04514e-06
1.12967e-05
9.98482e-06
7.15322e-06
4.35623e-06
2.40719e-06
1.3034e-06
7.35294e-07
4.33417e-07
2.87274e-07
2.14454e-07
1.79076e-07
1.6635e-07
1.67192e-07
1.6797e-07
4.795e-15
5.06182e-12
1.07883e-09
4.78354e-08
6.80413e-07
3.5092e-06
4.07371e-06
3.35406e-06
2.10332e-06
1.10255e-06
5.18396e-07
2.37407e-07
1.15335e-07
5.85802e-08
3.47421e-08
2.41905e-08
1.95388e-08
1.79959e-08
1.82231e-08
1.84418e-08
3.45045e-16
6.24381e-13
2.19205e-10
1.35791e-08
2.31737e-07
1.31771e-06
1.45682e-06
1.09427e-06
5.87227e-07
2.59788e-07
1.01439e-07
3.83714e-08
1.58116e-08
6.75939e-09
3.52888e-09
2.29683e-09
1.82579e-09
1.67662e-09
1.69894e-09
1.74868e-09
3.13203e-17
8.55314e-14
4.54069e-11
3.9703e-09
7.74417e-08
4.87771e-07
5.16977e-07
3.43977e-07
1.5582e-07
5.68223e-08
1.78566e-08
5.44514e-09
1.87269e-09
6.56382e-10
2.9635e-10
1.82873e-10
1.47803e-10
1.38043e-10
1.3962e-10
1.46748e-10
4.47347e-18
1.59455e-14
1.06098e-11
1.1459e-09
2.52943e-08
1.77827e-07
1.80615e-07
1.03651e-07
3.94056e-08
1.18188e-08
2.98315e-09
7.19993e-10
2.015e-10
5.77161e-11
2.22768e-11
1.29528e-11
1.07023e-11
1.04506e-11
1.07441e-11
1.14615e-11
7.27308e-19
2.98835e-15
2.50967e-12
3.5075e-10
8.735e-09
6.4381e-08
6.15736e-08
2.98964e-08
9.43331e-09
2.2771e-09
4.49731e-10
8.41536e-11
1.89616e-11
4.32178e-12
1.38917e-12
7.86025e-13
6.9026e-13
7.1475e-13
7.63126e-13
8.28957e-13
1.4768e-19
6.95325e-16
6.75752e-13
1.10334e-10
3.05967e-09
2.35276e-08
2.03319e-08
8.22517e-09
2.11936e-09
4.00034e-10
6.03427e-11
8.61047e-12
1.53976e-12
2.77953e-13
7.27592e-14
4.23231e-14
4.09666e-14
4.4909e-14
5.02387e-14
5.57355e-14
3.10459e-20
1.88096e-16
2.04743e-13
3.55483e-11
1.03686e-09
8.38736e-09
6.24902e-09
2.08666e-09
4.33372e-10
6.21413e-11
6.97744e-12
7.49882e-13
1.03776e-13
1.46837e-14
3.17422e-15
2.13087e-15
2.33409e-15
2.65563e-15
3.09661e-15
3.51243e-15
3.43531e-20
1.37826e-16
1.08155e-13
1.1631e-11
3.02038e-10
2.09536e-09
1.32011e-09
3.56624e-10
5.57293e-11
5.83621e-12
4.83175e-13
3.854e-14
4.41377e-15
5.02985e-16
1.04336e-16
1.02629e-16
1.25142e-16
1.44416e-16
1.72068e-16
1.97952e-16
