0.0419468
0.11326
0.174226
0.238222
0.311294
0.396464
0.493299
0.597991
0.704001
0.804217
0.894108
0.971656
1.03973
1.10133
1.16059
1.21852
1.26258
1.27892
1.30994
1.37193
0.00169261
0.00563742
0.0102202
0.0164519
0.0253254
0.0374825
0.0530232
0.0711817
0.089588
0.105391
0.117317
0.126272
0.133332
0.138917
0.143621
0.149389
0.156098
0.158251
0.161787
0.172067
7.71675e-05
0.000289991
0.000600292
0.00114596
0.00215418
0.00385888
0.00637059
0.00942693
0.012206
0.014089
0.0150795
0.0154496
0.0155422
0.0155512
0.0155961
0.0156478
0.0159423
0.0161672
0.0163793
0.0172603
7.23385e-06
2.45295e-05
4.75397e-05
9.49763e-05
0.000208423
0.000446675
0.00084944
0.00134202
0.00170742
0.00183908
0.0018275
0.00173796
0.00162086
0.001524
0.00146246
0.00141899
0.00139978
0.00140155
0.00140255
0.0014502
6.52215e-07
2.07373e-06
3.82183e-06
8.30758e-06
2.24074e-05
5.81913e-05
0.000123897
0.000196995
0.000232702
0.000226964
0.000205327
0.000179342
0.000153558
0.000133254
0.000120677
0.000112761
0.000107867
0.000106025
0.000105527
0.000107434
4.90784e-08
1.492e-07
2.56658e-07
5.79302e-07
2.31647e-06
8.1731e-06
1.90243e-05
2.86388e-05
2.95571e-05
2.58518e-05
2.1302e-05
1.69727e-05
1.32405e-05
1.05341e-05
9.01337e-06
8.13737e-06
7.60826e-06
7.32792e-06
7.28811e-06
7.38969e-06
3.48694e-09
1.04806e-08
1.76735e-08
3.72147e-08
2.21797e-07
1.21073e-06
2.98127e-06
3.93547e-06
3.46444e-06
2.72944e-06
2.03602e-06
1.47307e-06
1.03974e-06
7.59988e-07
6.18189e-07
5.44403e-07
5.04782e-07
4.81435e-07
4.80275e-07
4.8811e-07
2.47267e-10
7.40826e-10
1.25161e-09
2.66612e-09
2.19585e-08
1.89844e-07
4.60756e-07
4.95138e-07
3.7893e-07
2.66771e-07
1.75231e-07
1.14105e-07
7.34728e-08
4.99009e-08
3.92666e-08
3.43518e-08
3.20595e-08
3.08645e-08
3.12056e-08
3.19173e-08
1.76189e-11
5.27291e-11
8.95931e-11
2.12457e-10
2.60336e-09
3.06345e-08
6.66478e-08
5.79394e-08
3.92602e-08
2.4184e-08
1.37572e-08
7.95285e-09
4.7343e-09
3.0626e-09
2.39503e-09
2.12255e-09
2.01494e-09
1.98377e-09
2.04819e-09
2.11138e-09
1.26053e-12
3.78615e-12
6.45518e-12
1.7251e-11
3.11298e-10
4.9945e-09
8.83982e-09
6.49588e-09
3.87211e-09
2.03612e-09
9.93738e-10
5.13725e-10
2.90199e-10
1.83894e-10
1.46328e-10
1.32326e-10
1.27797e-10
1.295e-10
1.37212e-10
1.42876e-10
9.08098e-14
2.73419e-13
4.70321e-13
1.4803e-12
4.09638e-11
8.04839e-10
1.08389e-09
7.04506e-10
3.59831e-10
1.55808e-10
6.46997e-11
3.06079e-11
1.71525e-11
1.10215e-11
9.09005e-12
8.42988e-12
8.26422e-12
8.56772e-12
9.29512e-12
9.76875e-12
6.59399e-15
1.98404e-14
3.44095e-14
1.25772e-13
5.14e-12
1.21308e-10
1.27072e-10
7.44646e-11
3.09741e-11
1.08726e-11
3.92409e-12
1.77065e-12
1.0187e-12
6.80768e-13
5.87174e-13
5.57412e-13
5.53294e-13
5.82062e-13
6.43403e-13
6.81064e-13
4.82768e-16
1.44869e-15
2.5255e-15
1.09893e-14
6.1545e-13
1.67677e-11
1.46632e-11
7.57161e-12
2.46609e-12
7.09737e-13
2.30987e-13
1.03779e-13
6.30083e-14
4.39793e-14
3.95377e-14
3.81793e-14
3.81577e-14
4.04418e-14
4.52641e-14
4.81966e-14
3.5593e-17
1.06596e-16
1.85426e-16
9.97479e-16
7.09617e-14
2.15248e-12
1.67896e-12
7.33979e-13
1.83375e-13
4.40154e-14
1.35186e-14
6.29147e-15
4.05841e-15
2.95157e-15
2.75437e-15
2.69711e-15
2.72955e-15
2.86771e-15
3.16775e-15
3.40864e-15
2.63955e-18
7.89832e-18
1.36319e-17
9.43248e-17
7.9739e-15
2.65774e-13
1.90849e-13
6.69618e-14
1.28782e-14
2.63694e-15
8.01087e-16
3.95328e-16
2.68748e-16
2.04499e-16
1.96697e-16
1.95465e-16
2.01703e-16
2.098e-16
2.24028e-16
2.42606e-16
1.96732e-19
5.88604e-19
1.01163e-18
8.82665e-18
8.6523e-16
3.20899e-14
2.13229e-14
5.7391e-15
8.68344e-16
1.59753e-16
5.00629e-17
2.61029e-17
1.82939e-17
1.44981e-17
1.4189e-17
1.4234e-17
1.48051e-17
1.56072e-17
1.6439e-17
1.77593e-17
1.47327e-20
4.40799e-20
7.57354e-20
9.22692e-19
1.03818e-16
3.86772e-15
2.30713e-15
4.64494e-16
5.60908e-17
9.69094e-18
3.22994e-18
1.77465e-18
1.25703e-18
1.0285e-18
1.02414e-18
1.03182e-18
1.06661e-18
1.13158e-18
1.20463e-18
1.30391e-18
1.108e-21
3.31617e-21
5.7292e-21
1.01679e-19
1.27952e-17
4.79683e-16
2.39002e-16
3.56754e-17
3.47958e-18
5.90191e-19
2.12017e-19
1.22914e-19
8.76807e-20
7.16299e-20
7.36348e-20
7.45406e-20
7.59805e-20
8.04383e-20
8.72602e-20
9.50437e-20
8.36511e-23
2.505e-22
4.40184e-22
1.18462e-20
1.56853e-18
6.10161e-17
2.32662e-17
2.58808e-18
2.08086e-19
3.64603e-20
1.40244e-20
8.5624e-21
6.31988e-21
5.02867e-21
5.26703e-21
5.40241e-21
5.43427e-21
5.69239e-21
6.26385e-21
6.88221e-21
6.3385e-24
1.89894e-23
3.45165e-23
1.35561e-21
1.86196e-19
6.85073e-18
1.9248e-18
1.61597e-19
1.07753e-20
2.09927e-21
8.73533e-22
5.59636e-22
4.27757e-22
3.43888e-22
3.63576e-22
3.7416e-22
3.70284e-22
3.84794e-22
4.2376e-22
4.66952e-22
