0.0534679
0.143822
0.218138
0.29309
0.376009
0.470538
0.576333
0.689521
0.80345
0.911025
1.00786
1.09196
1.16631
1.23362
1.29775
1.35966
1.40635
1.42383
1.45733
1.52678
0.00423477
0.012982
0.0219232
0.0329743
0.0476321
0.066753
0.0904914
0.117696
0.145151
0.169126
0.188097
0.20347
0.216562
0.22731
0.236123
0.246138
0.257029
0.26077
0.26708
0.283531
0.000261736
0.000960524
0.00192711
0.00346868
0.00601939
0.0100352
0.0156683
0.0223379
0.0284784
0.0329933
0.0359128
0.0377388
0.0390712
0.0401188
0.040996
0.0417309
0.0429267
0.043756
0.0446886
0.0470611
1.10242e-05
5.52503e-05
0.000150452
0.000354487
0.000783987
0.00160571
0.00291565
0.00448053
0.0057073
0.00631509
0.00653423
0.00652219
0.00641083
0.00631982
0.0062858
0.00625936
0.0063062
0.0063901
0.00647407
0.00669121
6.41819e-07
2.86141e-06
1.03121e-05
3.66212e-05
0.000111734
0.000284482
0.000589281
0.000931043
0.00113232
0.00116566
0.00112247
0.00104821
0.000963708
0.000892781
0.000847228
0.000817296
0.00080038
0.000797442
0.000802766
0.000815558
4.75594e-08
1.63925e-07
5.98919e-07
3.55506e-06
1.6995e-05
5.56056e-05
0.000126856
0.000195372
0.000216218
0.000204883
0.00018258
0.000157408
0.000133204
0.000113867
0.000101724
9.40387e-05
8.90311e-05
8.62667e-05
8.60594e-05
8.66847e-05
3.46432e-09
1.09811e-08
3.63475e-08
3.43644e-07
2.69742e-06
1.17672e-05
2.83665e-05
3.99047e-05
3.93452e-05
3.42906e-05
2.80039e-05
2.20067e-05
1.68224e-05
1.30494e-05
1.08052e-05
9.4606e-06
8.65098e-06
8.13656e-06
8.00201e-06
8.01092e-06
2.48984e-10
7.75822e-10
2.65466e-09
3.7816e-08
4.51851e-07
2.66611e-06
6.38739e-06
7.71553e-06
6.83496e-06
5.41141e-06
3.92686e-06
2.75607e-06
1.87989e-06
1.30179e-06
9.86096e-07
8.11883e-07
7.16482e-07
6.59337e-07
6.41928e-07
6.39705e-07
1.78493e-11
5.55524e-11
2.30614e-10
5.07419e-09
8.33503e-08
6.2179e-07
1.37941e-06
1.42076e-06
1.13867e-06
7.99304e-07
5.02934e-07
3.05985e-07
1.8289e-07
1.1159e-07
7.67854e-08
5.93722e-08
5.06743e-08
4.60954e-08
4.48284e-08
4.46007e-08
1.27471e-12
3.97986e-12
2.03142e-11
6.90447e-10
1.52982e-08
1.46485e-07
2.80107e-07
2.5339e-07
1.81483e-07
1.09703e-07
5.83976e-08
3.01966e-08
1.56032e-08
8.24709e-09
5.12606e-09
3.72921e-09
3.09508e-09
2.8219e-09
2.78192e-09
2.7864e-09
9.14406e-14
2.85904e-13
2.06583e-12
1.13925e-10
3.03959e-09
3.44212e-08
5.36902e-08
4.38786e-08
2.73273e-08
1.3601e-08
5.88743e-09
2.51702e-09
1.11506e-09
5.01085e-10
2.81305e-10
1.97218e-10
1.64066e-10
1.53361e-10
1.56153e-10
1.59047e-10
6.61478e-15
2.05601e-14
1.91465e-13
1.59028e-11
5.77666e-10
7.68592e-09
9.93488e-09
7.39896e-09
3.80906e-09
1.50727e-09
5.18226e-10
1.79169e-10
6.7238e-11
2.55697e-11
1.32904e-11
9.37826e-12
8.10319e-12
7.91892e-12
8.44011e-12
8.79199e-12
4.83489e-16
1.48784e-15
1.88795e-14
2.27003e-12
1.05233e-10
1.60308e-09
1.80898e-09
1.1978e-09
4.8822e-10
1.50835e-10
4.02754e-11
1.09633e-11
3.49195e-12
1.14599e-12
5.86232e-13
4.4235e-13
4.07137e-13
4.18114e-13
4.65522e-13
4.95488e-13
3.56318e-17
1.08901e-16
1.93598e-15
3.35799e-13
1.85428e-11
3.15329e-10
3.25639e-10
1.8445e-10
5.77809e-11
1.36772e-11
2.76006e-12
5.79176e-13
1.59518e-13
4.8049e-14
2.69817e-14
2.29361e-14
2.26866e-14
2.39307e-14
2.68353e-14
2.91609e-14
2.64238e-18
8.05809e-18
2.06149e-16
5.13571e-14
3.18845e-12
6.01606e-11
5.79135e-11
2.66659e-11
6.34908e-12
1.12903e-12
1.67329e-13
2.67854e-14
6.67746e-15
2.09032e-15
1.43549e-15
1.37137e-15
1.43691e-15
1.52666e-15
1.66073e-15
1.82253e-15
1.96927e-19
6.03316e-19
2.46905e-17
7.64889e-15
5.30402e-13
1.12232e-11
1.00672e-11
3.60448e-12
6.56032e-13
8.87257e-14
9.84878e-15
1.2093e-15
2.86504e-16
1.08076e-16
8.95772e-17
9.06039e-17
9.69186e-17
1.048e-16
1.12132e-16
1.22653e-16
1.47486e-20
4.5564e-20
3.19323e-18
1.25558e-15
9.5903e-14
2.07889e-12
1.68694e-12
4.56675e-13
6.32948e-14
6.39118e-15
5.26588e-16
5.15105e-17
1.31051e-17
6.3642e-18
5.99539e-18
6.19417e-18
6.60673e-18
7.19762e-18
7.79034e-18
8.53503e-18
1.10938e-21
3.50789e-21
4.80853e-19
2.12893e-16
1.76628e-14
3.92611e-13
2.69763e-13
5.4399e-14
5.68445e-15
4.18062e-16
2.54906e-17
2.14967e-18
6.76351e-19
3.99886e-19
4.07494e-19
4.24515e-19
4.46945e-19
4.87476e-19
5.40416e-19
5.96838e-19
8.37647e-23
2.81089e-22
8.35461e-20
3.73471e-17
3.20226e-15
7.50191e-14
4.0312e-14
6.03708e-15
4.73233e-16
2.47255e-17
1.1138e-18
9.30585e-20
4.00087e-20
2.58804e-20
2.74081e-20
2.89483e-20
3.01051e-20
3.26735e-20
3.70584e-20
4.14315e-20
6.34906e-24
2.70771e-23
1.92111e-20
6.52781e-18
5.49105e-16
1.17974e-14
4.81606e-15
5.34857e-16
2.99824e-17
1.11111e-18
3.91798e-20
4.01943e-21
2.36081e-21
1.59988e-21
1.74344e-21
1.85035e-21
1.89688e-21
2.05822e-21
2.35995e-21
2.65876e-21
