0.0578109
0.155267
0.234423
0.313174
0.399309
0.496639
0.604887
0.720185
0.835896
0.944996
1.04319
1.12854
1.20404
1.27237
1.33732
1.39985
1.4469
1.46456
1.49844
1.56904
0.00614391
0.0182992
0.0300094
0.0437871
0.0614144
0.0838708
0.111254
0.14223
0.173276
0.200394
0.222032
0.239822
0.255171
0.267829
0.278136
0.289673
0.302037
0.306333
0.313641
0.332246
0.000592888
0.00197712
0.00364029
0.00605507
0.00978856
0.015412
0.0230435
0.0318817
0.0399711
0.0460185
0.0501026
0.0528582
0.0550151
0.056762
0.0581928
0.0593805
0.0611399
0.0623406
0.0637314
0.066964
3.35759e-05
0.000157381
0.000385859
0.000805308
0.00158558
0.00297295
0.00506832
0.00749327
0.00939556
0.0104026
0.0108561
0.0109769
0.0109517
0.0109424
0.0109934
0.0110282
0.0111749
0.0113579
0.0115427
0.0119159
8.1075e-07
6.21855e-06
2.95271e-05
0.000100674
0.000270073
0.000618248
0.00118996
0.00180727
0.00217878
0.00226527
0.00222084
0.00212144
0.00200196
0.00190165
0.0018396
0.00179995
0.00178247
0.00178858
0.00181033
0.00183944
4.88332e-08
2.50075e-07
1.80717e-06
1.15526e-05
4.80148e-05
0.000139276
0.000294487
0.000438906
0.000487683
0.000471201
0.000431203
0.000384003
0.000337469
0.000299539
0.000275455
0.000260254
0.000250342
0.000245473
0.000246923
0.000249081
3.51206e-09
1.45332e-08
1.25288e-07
1.38639e-06
8.95879e-06
3.37496e-05
7.54736e-05
0.000104211
0.000104712
9.39285e-05
7.95263e-05
6.51988e-05
5.23767e-05
4.27093e-05
3.67455e-05
3.31029e-05
3.08517e-05
2.94656e-05
2.92873e-05
2.93952e-05
2.5244e-10
9.89914e-10
1.10052e-08
1.91978e-07
1.78635e-06
8.74576e-06
1.95379e-05
2.36379e-05
2.16232e-05
1.78109e-05
1.35656e-05
1.00418e-05
7.28039e-06
5.35969e-06
4.24924e-06
3.61005e-06
3.24686e-06
3.03339e-06
2.98308e-06
2.97991e-06
1.8118e-11
7.22556e-11
1.16676e-09
3.01743e-08
3.83368e-07
2.33501e-06
4.88866e-06
5.14952e-06
4.31313e-06
3.19353e-06
2.14069e-06
1.39028e-06
8.91861e-07
5.83953e-07
4.21801e-07
3.35487e-07
2.90218e-07
2.66388e-07
2.60298e-07
2.58907e-07
1.28878e-12
5.27611e-12
1.30997e-10
4.88194e-09
8.22395e-08
6.30932e-07
1.16167e-06
1.09276e-06
8.28898e-07
5.3772e-07
3.10164e-07
1.73334e-07
9.67609e-08
5.52077e-08
3.58654e-08
2.65075e-08
2.19753e-08
1.9934e-08
1.95324e-08
1.94489e-08
9.20058e-14
3.77276e-13
1.70224e-11
9.15652e-10
1.9035e-08
1.70757e-07
2.62969e-07
2.26158e-07
1.51724e-07
8.28011e-08
3.95734e-08
1.84803e-08
8.84994e-09
4.28923e-09
2.46732e-09
1.70262e-09
1.37555e-09
1.25215e-09
1.24913e-09
1.25645e-09
6.63328e-15
2.67481e-14
1.93874e-12
1.5061e-10
4.23459e-09
4.42239e-08
5.77937e-08
4.57542e-08
2.59295e-08
1.15093e-08
4.44891e-09
1.69414e-09
6.81647e-10
2.74222e-10
1.38691e-10
9.06967e-11
7.32498e-11
6.83085e-11
7.05953e-11
7.23708e-11
4.84131e-16
1.92661e-15
2.35015e-13
2.52993e-11
9.06315e-10
1.07844e-08
1.25286e-08
8.92689e-09
4.10484e-09
1.45343e-09
4.4339e-10
1.33425e-10
4.45049e-11
1.45894e-11
6.48747e-12
4.1511e-12
3.47064e-12
3.38906e-12
3.6744e-12
3.86291e-12
3.56649e-17
1.42544e-16
2.94346e-14
4.40397e-12
1.88244e-10
2.49777e-09
2.6887e-09
1.66523e-09
6.03281e-10
1.66751e-10
3.89404e-11
8.98106e-12
2.45936e-12
6.49511e-13
2.60579e-13
1.75351e-13
1.59943e-13
1.64479e-13
1.83317e-13
1.98689e-13
2.64469e-18
1.09595e-17
3.79269e-15
7.92591e-13
3.82319e-11
5.63737e-10
5.70796e-10
2.93327e-10
8.25958e-11
1.7414e-11
3.00935e-12
5.17345e-13
1.15467e-13
2.46931e-14
9.82615e-15
7.77619e-15
7.99874e-15
8.57589e-15
9.4255e-15
1.04165e-14
1.97096e-19
9.40778e-19
5.47996e-16
1.39391e-13
7.53423e-12
1.24654e-10
1.18622e-10
4.85431e-11
1.06361e-11
1.72389e-12
2.23388e-13
2.82025e-14
4.98472e-15
9.38625e-16
4.31887e-16
4.06904e-16
4.46078e-16
4.93331e-16
5.33935e-16
5.8997e-16
1.47636e-20
8.71001e-20
8.36821e-17
2.67926e-14
1.60449e-12
2.73686e-11
2.38196e-11
7.55355e-12
1.27882e-12
1.56048e-13
1.4913e-14
1.37754e-15
1.94886e-16
3.60679e-17
2.26066e-17
2.41509e-17
2.6661e-17
2.96203e-17
3.23895e-17
3.58186e-17
1.11093e-21
1.00158e-20
1.47359e-17
5.31208e-15
3.47678e-13
6.11577e-12
4.57929e-12
1.10696e-12
1.42969e-13
1.27832e-14
8.8931e-16
6.03872e-17
7.0239e-18
1.56159e-18
1.3821e-18
1.53325e-18
1.65468e-18
1.82854e-18
2.04663e-18
2.27794e-18
8.39464e-23
1.51699e-21
2.96406e-18
1.08738e-15
7.39631e-14
1.37541e-12
8.23671e-13
1.50881e-13
1.47529e-14
9.40892e-16
4.68273e-17
2.36305e-18
2.45197e-19
8.08722e-20
8.94938e-20
9.93479e-20
1.0498e-19
1.15148e-19
1.31881e-19
1.48418e-19
6.40174e-24
4.62916e-22
8.43713e-19
2.24417e-16
1.46761e-14
2.46078e-13
1.14916e-13
1.58395e-14
1.11149e-15
4.9941e-17
1.82255e-18
7.03826e-20
8.56653e-21
4.62521e-21
5.54515e-21
6.08971e-21
6.33258e-21
6.95025e-21
8.05193e-21
9.12669e-21
