0.0634714
0.170113
0.255437
0.338924
0.428936
0.529476
0.640355
0.757731
0.875027
0.985354
1.08456
1.17079
1.24709
1.31607
1.3815
1.4443
1.49147
1.50921
1.54324
1.61438
0.00996936
0.0287914
0.0456592
0.0642228
0.0867626
0.114423
0.147191
0.183482
0.219407
0.250701
0.275853
0.296812
0.315092
0.330204
0.342409
0.355846
0.370005
0.37499
0.38351
0.404632
0.00178886
0.00542106
0.00904192
0.0136239
0.0200475
0.0290612
0.0406532
0.0535999
0.0653158
0.0742476
0.0805857
0.0851975
0.0890197
0.0921722
0.0946994
0.0967741
0.099583
0.101465
0.103697
0.108394
0.000256703
0.000900336
0.00171881
0.00290904
0.00479535
0.00779935
0.0119613
0.0165385
0.0201328
0.0222166
0.0233887
0.0240032
0.0243642
0.0247087
0.0250853
0.0253555
0.0258238
0.0262983
0.0267795
0.0275505
8.00472e-06
6.51211e-05
0.000231806
0.000569498
0.00116658
0.00219187
0.00368173
0.0051906
0.00612942
0.00644267
0.00646819
0.00636932
0.00622039
0.00609896
0.00603882
0.00600803
0.00602435
0.00608833
0.00619175
0.00628499
1.48456e-07
2.58009e-06
2.15328e-05
9.66672e-05
0.000284175
0.000644693
0.00117128
0.00162983
0.00180615
0.00178997
0.00170124
0.00158775
0.00147224
0.0013761
0.00131531
0.00127846
0.00125504
0.00124873
0.00126726
0.00127982
7.30074e-09
1.46178e-07
2.14101e-06
1.62812e-05
7.01814e-05
0.000198941
0.00038128
0.000501253
0.00051287
0.000478232
0.00042692
0.000373167
0.000323013
0.000283523
0.000258077
0.000242426
0.000232376
0.000226954
0.000228768
0.000230437
4.32711e-10
1.12909e-08
2.69049e-07
3.09782e-06
1.82714e-05
6.473e-05
0.000125101
0.000148496
0.000140774
0.000122375
0.000100193
8.06191e-05
6.43612e-05
5.22038e-05
4.46276e-05
4.00459e-05
3.73072e-05
3.58598e-05
3.59028e-05
3.60685e-05
2.85901e-11
1.0192e-09
3.79886e-08
6.43198e-07
5.06221e-06
2.16184e-05
3.99693e-05
4.25695e-05
3.75454e-05
2.99308e-05
2.20806e-05
1.59413e-05
1.15107e-05
8.50934e-06
6.75215e-06
5.73506e-06
5.16752e-06
4.89241e-06
4.86881e-06
4.87159e-06
1.8404e-12
1.01712e-10
5.69107e-09
1.36912e-07
1.40308e-06
7.31285e-06
1.22725e-05
1.1943e-05
9.72201e-06
6.97194e-06
4.55185e-06
2.89903e-06
1.86114e-06
1.23041e-06
8.934e-07
7.10344e-07
6.13847e-07
5.72148e-07
5.67981e-07
5.67145e-07
1.121e-13
8.33719e-12
8.9592e-10
3.14641e-08
4.15908e-07
2.48813e-06
3.62965e-06
3.2817e-06
2.42449e-06
1.51475e-06
8.48131e-07
4.64003e-07
2.60697e-07
1.50767e-07
9.84022e-08
7.28185e-08
6.04847e-08
5.56592e-08
5.5458e-08
5.55254e-08
7.44817e-15
7.24455e-13
1.34568e-10
6.75562e-09
1.19464e-07
8.18284e-07
1.04883e-06
8.85574e-07
5.72448e-07
3.02783e-07
1.42419e-07
6.55481e-08
3.1517e-08
1.55655e-08
9.01701e-09
6.20468e-09
4.99419e-09
4.57808e-09
4.62319e-09
4.66951e-09
5.21308e-16
6.62704e-14
2.13146e-11
1.47757e-09
3.3205e-08
2.5648e-07
2.99656e-07
2.32105e-07
1.26975e-07
5.58586e-08
2.15949e-08
8.13571e-09
3.29323e-09
1.35501e-09
6.84878e-10
4.38618e-10
3.46928e-10
3.21724e-10
3.33209e-10
3.4197e-10
3.78088e-17
6.53227e-15
3.47362e-12
3.34618e-10
9.00035e-09
7.71849e-08
8.48922e-08
5.86984e-08
2.64718e-08
9.47728e-09
2.92691e-09
8.77529e-10
2.94444e-10
9.82906e-11
4.25439e-11
2.57267e-11
2.07199e-11
1.97546e-11
2.08822e-11
2.20292e-11
2.80606e-18
7.19459e-16
5.79874e-13
7.82935e-11
2.39199e-09
2.27953e-08
2.38444e-08
1.41775e-08
5.19493e-09
1.47639e-09
3.51871e-10
8.16282e-11
2.23333e-11
5.86882e-12
2.13885e-12
1.27531e-12
1.11179e-12
1.11747e-12
1.18964e-12
1.29103e-12
2.16334e-19
1.07468e-16
1.08926e-13
1.80133e-11
6.19816e-10
6.61801e-09
6.57884e-09
3.2529e-09
9.64735e-10
2.17958e-10
4.02292e-11
7.08756e-12
1.53215e-12
3.19487e-13
9.81285e-14
5.9138e-14
5.66634e-14
6.11008e-14
6.57804e-14
7.24418e-14
1.74156e-20
1.65885e-17
2.11402e-14
4.46271e-12
1.71758e-10
1.90882e-09
1.76357e-09
7.08333e-10
1.68268e-10
2.95447e-11
4.1259e-12
5.43561e-13
9.18845e-14
1.48857e-14
3.84015e-15
2.57541e-15
2.7718e-15
3.15134e-15
3.49487e-15
3.90362e-15
1.5704e-21
3.22469e-18
4.69987e-15
1.13873e-12
4.83792e-11
5.58636e-10
4.55813e-10
1.4626e-10
2.73914e-11
3.62986e-12
3.76002e-13
3.67055e-14
4.76766e-15
6.07032e-16
1.36622e-16
1.14005e-16
1.33958e-16
1.55265e-16
1.78779e-16
2.03041e-16
1.7024e-22
7.42903e-19
1.184e-15
2.98999e-13
1.33025e-11
1.62471e-10
1.10299e-10
2.80322e-11
4.092e-12
3.97726e-13
2.98938e-14
2.15255e-15
2.08782e-16
2.08362e-17
4.70679e-18
5.40533e-18
6.51844e-18
7.48624e-18
8.9188e-18
1.03147e-17
6.97135e-23
3.89664e-19
4.74898e-16
8.01216e-14
3.29461e-12
3.5247e-11
1.95006e-11
3.86657e-12
4.13303e-13
2.86617e-14
1.57502e-15
8.35245e-17
6.47142e-18
5.36996e-19
1.72438e-19
2.6678e-19
3.07731e-19
3.49236e-19
4.23607e-19
4.95109e-19
