0.0641559
0.171901
0.257957
0.341997
0.432448
0.533336
0.644484
0.762055
0.879482
0.989897
1.08917
1.17545
1.25179
1.3208
1.38625
1.44904
1.4962
1.51394
1.54796
1.61909
0.0105722
0.0304294
0.0480739
0.0673299
0.0905496
0.118897
0.152347
0.189283
0.22578
0.257554
0.283106
0.304422
0.323028
0.338412
0.350825
0.364466
0.378814
0.383874
0.39252
0.413896
0.00205283
0.00616063
0.0101644
0.0151395
0.0220205
0.0315806
0.0437833
0.0573433
0.0695935
0.0789531
0.0856304
0.0905257
0.0946026
0.0979689
0.100661
0.102868
0.105828
0.107807
0.110157
0.115049
0.000331973
0.00112969
0.00209392
0.00345386
0.00557223
0.00889424
0.0134426
0.0184108
0.0223144
0.0246049
0.0259246
0.0266486
0.0271
0.027526
0.0279744
0.0282963
0.0288301
0.0293614
0.0298997
0.0307413
1.27039e-05
9.36522e-05
0.000310802
0.000725691
0.00143211
0.00261725
0.004311
0.0060124
0.00707761
0.00744925
0.00750178
0.00741582
0.00727335
0.00715853
0.0071071
0.00708422
0.00711293
0.00719327
0.00731789
0.00742623
2.31416e-07
4.08587e-06
3.1556e-05
0.000131847
0.000367219
0.000802763
0.00142562
0.00196351
0.00217473
0.00216293
0.00206666
0.00194122
0.00181285
0.00170573
0.00163823
0.00159781
0.00157235
0.00156701
0.00159155
0.00160738
1.05427e-08
2.41658e-07
3.33677e-06
2.34915e-05
9.49446e-05
0.000257324
0.000481549
0.000628276
0.000644391
0.000604243
0.000543554
0.000479471
0.000419333
0.00037171
0.000340853
0.000321896
0.000309649
0.000303252
0.000306131
0.000308471
5.98031e-10
1.95317e-08
4.41034e-07
4.68679e-06
2.57624e-05
8.67343e-05
0.000163861
0.000193852
0.000184669
0.000161788
0.000133868
0.000109029
8.82382e-05
7.25341e-05
6.26479e-05
5.66331e-05
5.30118e-05
5.11459e-05
5.13158e-05
5.15868e-05
3.86835e-11
1.83985e-09
6.5088e-08
1.01639e-06
7.42278e-06
2.99785e-05
5.43425e-05
5.79266e-05
5.14517e-05
4.14533e-05
3.101e-05
2.27384e-05
1.6702e-05
1.25607e-05
1.0101e-05
8.66133e-06
7.85173e-06
7.46761e-06
7.45009e-06
7.46072e-06
2.40913e-12
1.91678e-10
1.01591e-08
2.25778e-07
2.13959e-06
1.0493e-05
1.73458e-05
1.69468e-05
1.39287e-05
1.01318e-05
6.73415e-06
4.37221e-06
2.86534e-06
1.93514e-06
1.42858e-06
1.14906e-06
1.00018e-06
9.36827e-07
9.32182e-07
9.31482e-07
1.33613e-13
1.61443e-11
1.6421e-09
5.35797e-08
6.5835e-07
3.69529e-06
5.34013e-06
4.85761e-06
3.63628e-06
2.31566e-06
1.32646e-06
7.42921e-07
4.27601e-07
2.53865e-07
1.69044e-07
1.26721e-07
1.05997e-07
9.79203e-08
9.76707e-08
9.779e-08
8.39451e-15
1.4639e-12
2.56857e-10
1.1977e-08
1.96511e-07
1.25951e-06
1.60727e-06
1.36797e-06
9.00405e-07
4.88212e-07
2.36238e-07
1.11857e-07
5.52993e-08
2.819e-08
1.67248e-08
1.16657e-08
9.43838e-09
8.66323e-09
8.73606e-09
8.81243e-09
5.67987e-16
1.39582e-13
4.23044e-11
2.7255e-09
5.68007e-08
4.09809e-07
4.78341e-07
3.74478e-07
2.09861e-07
9.52214e-08
3.81051e-08
1.48545e-08
6.20549e-09
2.65078e-09
1.37776e-09
8.93687e-10
7.07604e-10
6.54205e-10
6.74177e-10
6.89879e-10
4.06891e-17
1.43347e-14
7.16447e-12
6.41924e-10
1.60197e-08
1.28209e-07
1.41168e-07
9.90337e-08
4.6057e-08
1.71162e-08
5.50923e-09
1.72034e-09
5.97935e-10
2.08499e-10
9.31789e-11
5.68324e-11
4.54553e-11
4.29525e-11
4.5021e-11
4.72729e-11
3.03679e-18
1.64359e-15
1.2421e-12
1.56153e-10
4.43098e-09
3.93974e-08
4.13135e-08
2.50534e-08
9.53071e-09
2.82997e-09
7.08031e-10
1.7229e-10
4.90055e-11
1.35397e-11
5.1084e-12
3.03612e-12
2.59446e-12
2.57018e-12
2.71161e-12
2.92688e-12
2.45898e-19
2.5582e-16
2.42451e-13
3.73822e-11
1.19563e-09
1.19057e-08
1.18819e-08
6.03065e-09
1.86857e-09
4.43622e-10
8.64762e-11
1.60923e-11
3.63386e-12
7.99683e-13
2.53716e-13
1.49308e-13
1.38473e-13
1.46895e-13
1.57113e-13
1.72223e-13
2.17367e-20
4.09151e-17
4.87292e-14
9.61285e-12
3.44407e-10
3.57438e-09
3.32284e-09
1.37982e-09
3.44518e-10
6.39351e-11
9.47976e-12
1.32671e-12
2.35374e-13
4.03154e-14
1.06099e-14
6.71133e-15
6.97149e-15
7.83907e-15
8.66095e-15
9.6419e-15
2.35877e-21
8.21985e-18
1.12078e-14
2.54533e-12
1.00817e-10
1.08814e-09
8.96828e-10
2.99708e-10
5.93396e-11
8.35856e-12
9.23316e-13
9.61498e-14
1.31753e-14
1.76997e-15
3.92042e-16
2.96678e-16
3.41662e-16
3.95354e-16
4.54627e-16
5.15314e-16
3.23677e-22
1.94819e-18
2.91761e-15
6.93087e-13
2.87748e-11
3.28335e-10
2.26521e-10
6.03863e-11
9.36988e-12
9.73407e-13
7.83082e-14
6.03124e-15
6.20407e-16
6.49318e-17
1.33166e-17
1.37064e-17
1.66654e-17
1.92475e-17
2.29502e-17
2.65305e-17
1.95658e-22
1.08491e-18
1.22997e-15
1.92686e-13
7.34672e-12
7.31299e-11
4.13836e-11
8.65981e-12
9.88061e-13
7.34786e-14
4.32531e-15
2.45439e-16
2.02612e-17
1.72682e-18
4.39931e-19
6.56588e-19
7.81146e-19
8.92519e-19
1.08572e-18
1.27066e-18
