0.0593798
0.159391
0.240274
0.320365
0.407614
0.505888
0.614933
0.730888
0.847124
0.956653
1.05522
1.14089
1.2167
1.28528
1.35044
1.41309
1.46022
1.47792
1.51188
1.58274
0.00702505
0.0207325
0.0336699
0.0486176
0.0674798
0.0912812
0.120093
0.152511
0.184905
0.213189
0.235814
0.254496
0.270674
0.28403
0.29488
0.306965
0.319852
0.324347
0.332009
0.351363
0.000802094
0.0025961
0.00464195
0.00750633
0.0118226
0.0182086
0.0267582
0.0365694
0.0455249
0.0522573
0.0568702
0.0600557
0.0625969
0.0646692
0.0663556
0.0677513
0.0697629
0.0711285
0.0727235
0.0763249
5.73523e-05
0.000248009
0.000568844
0.00112245
0.00210661
0.00380703
0.0063189
0.00918774
0.0114379
0.0126578
0.013245
0.0134503
0.0134868
0.013535
0.0136416
0.0137166
0.0139227
0.0141617
0.0144037
0.014859
1.09754e-06
1.03125e-05
4.87482e-05
0.000155334
0.000389955
0.000850151
0.00158276
0.00236076
0.00283238
0.00295387
0.00291444
0.00280686
0.0026737
0.00256224
0.00249506
0.00245305
0.00243822
0.00245205
0.00248589
0.00252556
5.19804e-08
3.65601e-07
3.18141e-06
1.93504e-05
7.4423e-05
0.000203801
0.00041573
0.000609648
0.000677285
0.000658759
0.000608756
0.000548761
0.000489137
0.000440243
0.000409153
0.000389634
0.000376945
0.000371174
0.000374401
0.000377844
3.62183e-09
1.99811e-08
2.39654e-07
2.51712e-06
1.4819e-05
5.22742e-05
0.000112787
0.000154026
0.000155577
0.000140963
0.000120969
0.000100807
8.25567e-05
6.86326e-05
5.9939e-05
5.46071e-05
5.12807e-05
4.92774e-05
4.91796e-05
4.9414e-05
2.57592e-10
1.34565e-09
2.31014e-08
3.78189e-07
3.15376e-06
1.43049e-05
3.0908e-05
3.72701e-05
3.44323e-05
2.87614e-05
2.23115e-05
1.68666e-05
1.25313e-05
9.4578e-06
7.64481e-06
6.58653e-06
5.97721e-06
5.62516e-06
5.55863e-06
5.56105e-06
1.84286e-11
1.00905e-10
2.63078e-09
6.35277e-08
7.202e-07
4.03204e-06
8.20569e-06
8.68255e-06
7.37636e-06
5.5677e-06
3.82417e-06
2.55023e-06
1.68508e-06
1.13749e-06
8.40933e-07
6.79479e-07
5.93337e-07
5.48488e-07
5.38265e-07
5.3606e-07
1.30375e-12
7.75291e-12
3.19731e-10
1.09868e-08
1.64453e-07
1.15086e-06
2.07596e-06
1.97364e-06
1.52619e-06
1.01626e-06
6.04963e-07
3.49246e-07
2.01764e-07
1.19352e-07
7.95877e-08
5.97584e-08
4.99268e-08
4.54972e-08
4.46692e-08
4.44765e-08
9.25505e-14
5.61707e-13
4.39719e-11
2.16389e-09
4.04509e-08
3.29488e-07
5.01933e-07
4.38186e-07
3.0171e-07
1.70529e-07
8.48349e-08
4.11869e-08
2.04906e-08
1.03561e-08
6.12143e-09
4.27378e-09
3.45802e-09
3.14329e-09
3.12731e-09
3.13819e-09
6.65173e-15
4.03567e-14
5.37567e-12
3.79986e-10
9.58311e-09
9.05149e-08
1.18056e-07
9.52396e-08
5.58932e-08
2.59526e-08
1.05382e-08
4.20075e-09
1.7607e-09
7.41662e-10
3.84297e-10
2.51485e-10
2.01039e-10
1.85583e-10
1.90139e-10
1.93949e-10
4.84816e-16
2.98409e-15
6.97832e-13
6.81152e-11
2.18756e-09
2.34877e-08
2.7413e-08
2.00018e-08
9.62511e-09
3.60133e-09
1.16495e-09
3.69642e-10
1.28558e-10
4.41132e-11
1.98302e-11
1.2396e-11
1.00848e-11
9.66798e-12
1.03484e-11
1.08105e-11
3.56993e-17
2.31065e-16
9.34546e-14
1.26534e-11
4.85248e-10
5.80504e-09
6.30518e-09
4.02575e-09
1.54321e-09
4.55118e-10
1.13753e-10
2.78595e-11
7.93651e-12
2.17209e-12
8.4744e-13
5.32979e-13
4.65909e-13
4.70347e-13
5.19086e-13
5.59939e-13
2.64701e-18
1.92494e-17
1.28564e-14
2.43019e-12
1.05336e-10
1.40074e-09
1.43554e-09
7.67231e-10
2.31004e-10
5.24232e-11
9.77961e-12
1.79588e-12
4.1377e-13
8.87657e-14
3.12636e-14
2.20214e-14
2.19179e-14
2.33838e-14
2.56885e-14
2.83887e-14
1.973e-19
1.98836e-18
1.98418e-15
4.56808e-13
2.2215e-11
3.31433e-10
3.20218e-10
1.37724e-10
3.25558e-11
5.71961e-12
8.04935e-13
1.09021e-13
1.96263e-14
3.44985e-15
1.21742e-15
1.01906e-15
1.11449e-15
1.24418e-15
1.35335e-15
1.50171e-15
1.47856e-20
2.25837e-19
3.21771e-16
9.35226e-14
5.05078e-12
7.7878e-11
6.91062e-11
2.32915e-11
4.28759e-12
5.70726e-13
5.94854e-14
5.89736e-15
8.25958e-16
1.23494e-16
5.22479e-17
5.36264e-17
6.06465e-17
6.83665e-17
7.52892e-17
8.37825e-17
1.11393e-21
3.32949e-20
6.00635e-17
1.97421e-14
1.16814e-12
1.86124e-11
1.43022e-11
3.71476e-12
5.25236e-13
5.1519e-14
3.91878e-15
2.84304e-16
3.07641e-17
4.42457e-18
2.72576e-18
3.14737e-18
3.48508e-18
3.89278e-18
4.39065e-18
4.91883e-18
8.44161e-23
6.21641e-21
1.27799e-17
4.29941e-15
2.64927e-13
4.46564e-12
2.77081e-12
5.50826e-13
5.93033e-14
4.17056e-15
2.27237e-16
1.2106e-17
1.01587e-18
1.7412e-19
1.64931e-19
1.94743e-19
2.08701e-19
2.30348e-19
2.65809e-19
3.00857e-19
6.62732e-24
2.3294e-21
3.96145e-18
9.47924e-16
5.56521e-14
8.39796e-13
4.10794e-13
6.19311e-14
4.802e-15
2.38261e-16
9.49163e-18
3.76006e-19
2.8312e-20
8.06478e-21
1.0109e-20
1.15806e-20
1.21018e-20
1.33464e-20
1.55678e-20
1.77279e-20
