0.0665357
0.178104
0.266676
0.352592
0.444509
0.546529
0.658518
0.776666
0.894449
1.00507
1.10448
1.19085
1.26725
1.33629
1.40172
1.46445
1.51154
1.52926
1.56323
1.63426
0.012977
0.0369261
0.057584
0.0794613
0.105169
0.135958
0.171755
0.210853
0.249225
0.282545
0.309373
0.331821
0.351457
0.367686
0.380745
0.395015
0.409938
0.415224
0.424254
0.446382
0.0033501
0.00973438
0.0154774
0.0221444
0.0309211
0.0426543
0.0572074
0.0730724
0.0873079
0.0982576
0.106202
0.112161
0.11719
0.12135
0.124651
0.127343
0.130844
0.133169
0.135935
0.141489
0.000828288
0.00256874
0.00432181
0.0065236
0.00972778
0.0144788
0.0207084
0.0273479
0.0325797
0.0357856
0.0377816
0.0390259
0.0399154
0.0407312
0.0415148
0.0420785
0.0429044
0.0436817
0.0444655
0.0455947
7.11577e-05
0.000365343
0.000928434
0.00179504
0.00310243
0.00511134
0.00781256
0.0104509
0.0121491
0.0128439
0.0130757
0.0131031
0.0130422
0.0130027
0.0130253
0.0130636
0.0131708
0.0133434
0.0135815
0.013766
2.00753e-06
2.59429e-05
0.000138732
0.000433196
0.000979642
0.00185673
0.00301797
0.00399473
0.0044146
0.00445148
0.00434044
0.0041763
0.00400307
0.00385705
0.00376778
0.00371884
0.00369
0.00369732
0.00376297
0.00379974
8.77752e-08
1.97133e-06
1.94226e-05
9.85101e-05
0.000306899
0.000695098
0.00118365
0.00149929
0.00155289
0.00148932
0.00138102
0.00126224
0.00114804
0.00105558
0.00099444
0.000957397
0.000932786
0.00092225
0.000935214
0.000943216
5.11806e-09
1.94058e-07
3.18013e-06
2.40372e-05
9.89611e-05
0.00027059
0.000466752
0.000545091
0.000529729
0.000479126
0.000413726
0.00035364
0.000301812
0.00026105
0.000234358
0.000217766
0.000207477
0.000202883
0.000204965
0.000206472
3.52522e-10
2.18549e-08
5.66826e-07
6.25725e-06
3.35091e-05
0.000107552
0.000180038
0.000192616
0.000176106
0.000148172
0.000117299
9.15801e-05
7.19808e-05
5.78486e-05
4.8967e-05
4.35427e-05
4.04036e-05
3.90837e-05
3.93269e-05
3.94991e-05
2.24624e-11
2.67566e-09
1.05411e-07
1.66395e-06
1.13526e-05
4.32494e-05
6.72444e-05
6.67541e-05
5.70668e-05
4.39842e-05
3.1431e-05
2.20626e-05
1.5703e-05
1.15275e-05
9.07789e-06
7.64116e-06
6.8469e-06
6.53866e-06
6.56273e-06
6.57619e-06
9.63175e-13
2.52461e-10
1.91211e-08
4.53026e-07
4.07028e-06
1.7514e-05
2.4353e-05
2.27029e-05
1.79251e-05
1.23307e-05
7.74424e-06
4.77109e-06
3.02737e-06
1.99252e-06
1.43597e-06
1.13459e-06
9.78202e-07
9.19397e-07
9.21586e-07
9.23262e-07
5.03655e-14
2.71011e-11
3.53449e-09
1.19595e-07
1.4217e-06
6.89913e-06
8.64305e-06
7.59783e-06
5.3781e-06
3.22178e-06
1.74714e-06
9.28111e-07
5.13826e-07
2.9684e-07
1.93742e-07
1.43221e-07
1.19e-07
1.10308e-07
1.10889e-07
1.11451e-07
2.93704e-15
3.03567e-12
6.82921e-10
3.20253e-08
4.82192e-07
2.61115e-06
3.03367e-06
2.47965e-06
1.53045e-06
7.86049e-07
3.61256e-07
1.61697e-07
7.68755e-08
3.81171e-08
2.21928e-08
1.52887e-08
1.23e-08
1.13248e-08
1.14898e-08
1.16429e-08
2.07281e-16
3.64963e-13
1.35206e-10
8.85191e-09
1.59878e-07
9.5562e-07
1.05592e-06
7.85388e-07
4.13037e-07
1.78278e-07
6.77373e-08
2.49353e-08
1.00266e-08
4.16611e-09
2.12788e-09
1.37022e-09
1.08785e-09
1.00171e-09
1.0192e-09
1.05172e-09
1.81716e-17
4.8769e-14
2.73095e-11
2.52135e-09
5.20117e-08
3.44596e-07
3.64672e-07
2.39437e-07
1.05822e-07
3.74824e-08
1.14048e-08
3.36818e-09
1.12704e-09
3.82062e-10
1.68122e-10
1.02848e-10
8.34944e-11
7.85275e-11
7.98718e-11
8.42619e-11
2.45557e-18
8.8665e-15
6.22115e-12
7.08683e-10
1.65348e-08
1.22359e-07
1.2396e-07
6.99023e-08
2.58171e-08
7.4903e-09
1.82241e-09
4.23881e-10
1.15003e-10
3.17309e-11
1.18954e-11
6.88301e-12
5.7554e-12
5.68328e-12
5.87824e-12
6.29676e-12
3.83269e-19
1.62541e-15
1.43826e-12
2.11662e-10
5.56593e-09
4.31498e-08
4.10972e-08
1.95149e-08
5.95644e-09
1.38487e-09
2.6252e-10
4.71236e-11
1.02566e-11
2.24314e-12
6.9803e-13
3.96582e-13
3.55574e-13
3.73096e-13
4.00791e-13
4.37148e-13
7.54952e-20
3.70704e-16
3.78815e-13
6.49906e-11
1.90111e-09
1.53721e-08
1.31922e-08
5.19365e-09
1.28891e-09
2.33279e-10
3.36423e-11
4.58711e-12
7.89234e-13
1.36375e-13
3.45109e-14
2.04806e-14
2.03673e-14
2.25826e-14
2.54059e-14
2.82943e-14
1.55931e-20
9.83533e-17
1.12367e-13
2.04534e-11
6.29068e-10
5.35628e-09
3.94609e-09
1.27608e-09
2.54187e-10
3.47914e-11
3.72165e-12
3.81003e-13
5.04944e-14
6.82318e-15
1.4314e-15
1.00329e-15
1.12628e-15
1.28952e-15
1.51125e-15
1.72044e-15
1.64089e-20
6.9393e-17
5.75539e-14
6.54736e-12
1.80085e-10
1.31783e-09
8.17429e-10
2.12916e-10
3.17978e-11
3.16821e-12
2.49511e-13
1.89267e-14
2.06569e-15
2.24472e-16
4.58419e-17
4.78065e-17
5.88033e-17
6.79397e-17
8.1344e-17
9.39236e-17
