0.0388422
0.10467
0.160875
0.219764
0.286987
0.365448
0.454722
0.551249
0.648827
0.740601
0.822142
0.891605
0.951853
1.00617
1.05896
1.11143
1.15175
1.1664
1.19417
1.24595
0.00151213
0.00495182
0.00875187
0.0137086
0.020589
0.0297903
0.0414142
0.0548588
0.0682679
0.0794182
0.0873215
0.0926787
0.096438
0.0992351
0.101726
0.105205
0.10963
0.110931
0.113018
0.119893
9.09167e-05
0.000309006
0.000567257
0.000960227
0.00162457
0.00268895
0.00419579
0.00597299
0.00751708
0.00846911
0.00885814
0.00886969
0.00873129
0.00858556
0.00851775
0.00848492
0.00861301
0.00872515
0.00880446
0.00927415
8.16893e-06
2.66267e-05
4.63415e-05
7.8797e-05
0.000144614
0.000269722
0.000463182
0.000683308
0.000829703
0.000861731
0.000831709
0.000773013
0.000708457
0.000660002
0.000632896
0.000616078
0.000611078
0.000615994
0.00061837
0.000642725
6.85563e-07
2.11722e-06
3.54552e-06
6.07827e-06
1.32418e-05
2.91665e-05
5.4286e-05
7.86034e-05
8.71236e-05
8.12978e-05
7.17095e-05
6.20455e-05
5.32461e-05
4.68873e-05
4.35633e-05
4.18272e-05
4.10281e-05
4.12301e-05
4.16582e-05
4.28811e-05
4.9796e-08
1.50097e-07
2.48211e-07
4.04315e-07
1.10163e-06
3.28594e-06
6.54604e-06
8.79806e-06
8.37857e-06
7.03298e-06
5.75907e-06
4.67542e-06
3.78993e-06
3.18965e-06
2.91452e-06
2.79445e-06
2.73633e-06
2.734e-06
2.79314e-06
2.8768e-06
3.49844e-09
1.0478e-08
1.73473e-08
2.66784e-08
8.00919e-08
3.8215e-07
7.93285e-07
9.17699e-07
7.39752e-07
5.70701e-07
4.37942e-07
3.37463e-07
2.60698e-07
2.13235e-07
1.9402e-07
1.87124e-07
1.84508e-07
1.83861e-07
1.89391e-07
1.95791e-07
2.46815e-10
7.37971e-10
1.22532e-09
1.85245e-09
5.79374e-09
4.64431e-08
9.37446e-08
8.67852e-08
6.15545e-08
4.40737e-08
3.13173e-08
2.30924e-08
1.74236e-08
1.41008e-08
1.29181e-08
1.25711e-08
1.25097e-08
1.25513e-08
1.30519e-08
1.35365e-08
1.75474e-11
5.2437e-11
8.73637e-11
1.33047e-10
4.81332e-10
5.80577e-09
1.02772e-08
7.64473e-09
4.95981e-09
3.28092e-09
2.16013e-09
1.52342e-09
1.14731e-09
9.34281e-10
8.66797e-10
8.51504e-10
8.53681e-10
8.67153e-10
9.1196e-10
9.47505e-10
1.25605e-12
3.76046e-12
6.28098e-12
9.63622e-12
4.18697e-11
7.34853e-10
1.02827e-09
6.5331e-10
3.91227e-10
2.36911e-10
1.45882e-10
1.00253e-10
7.64543e-11
6.29503e-11
5.90908e-11
5.82048e-11
5.84795e-11
6.03757e-11
6.44225e-11
6.71482e-11
9.06076e-14
2.71603e-13
4.55872e-13
7.04043e-13
4.00611e-12
9.13773e-11
9.51032e-11
5.50576e-11
3.00136e-11
1.63762e-11
9.60057e-12
6.58596e-12
5.15613e-12
4.30554e-12
4.08401e-12
4.02894e-12
4.04316e-12
4.21611e-12
4.55571e-12
4.76199e-12
6.58729e-15
1.97394e-14
3.32612e-14
5.1558e-14
3.73178e-13
1.05387e-11
8.47236e-12
4.62325e-12
2.20253e-12
1.09141e-12
6.30165e-13
4.40054e-13
3.51752e-13
2.97874e-13
2.86693e-13
2.83887e-13
2.84997e-13
2.98446e-13
3.25604e-13
3.41087e-13
4.82534e-16
1.44404e-15
2.43883e-15
3.81236e-15
3.35811e-14
1.10745e-12
7.52899e-13
3.81758e-13
1.54378e-13
7.21528e-14
4.22115e-14
3.00184e-14
2.44627e-14
2.09114e-14
2.04473e-14
2.03294e-14
2.03942e-14
2.13598e-14
2.34347e-14
2.46056e-14
3.55803e-17
1.06375e-16
1.79413e-16
2.84989e-16
2.93876e-15
1.0796e-13
6.74455e-14
3.07181e-14
1.04803e-14
4.77853e-15
2.87749e-15
2.07594e-15
1.72013e-15
1.48821e-15
1.47945e-15
1.47807e-15
1.49348e-15
1.54585e-15
1.6718e-15
1.77054e-15
2.63861e-18
7.88542e-18
1.32448e-17
2.15331e-17
2.52983e-16
1.01768e-14
6.09978e-15
2.37794e-15
7.00072e-16
3.19241e-16
1.97877e-16
1.44651e-16
1.21528e-16
1.07498e-16
1.08159e-16
1.08806e-16
1.11569e-16
1.1433e-16
1.20041e-16
1.28031e-16
1.96668e-19
5.87701e-19
9.84388e-19
1.63088e-18
2.12817e-17
9.48191e-16
5.5114e-16
1.7593e-16
4.6555e-17
2.20042e-17
1.38626e-17
1.02741e-17
8.68256e-18
7.84306e-18
7.92593e-18
8.00937e-18
8.25251e-18
8.56202e-18
8.8882e-18
9.46522e-18
1.47274e-20
4.40105e-20
7.35922e-20
1.25191e-19
1.99711e-18
8.93702e-17
4.89413e-17
1.24875e-17
3.10664e-18
1.54961e-18
9.81409e-19
7.3929e-19
6.22227e-19
5.71517e-19
5.81976e-19
5.89248e-19
6.03014e-19
6.28443e-19
6.57698e-19
7.00775e-19
1.10755e-21
3.31026e-21
5.53111e-21
9.6958e-21
1.95223e-19
8.79297e-18
4.21508e-18
8.57512e-19
2.09047e-19
1.09038e-19
6.93549e-20
5.36233e-20
4.51191e-20
4.10993e-20
4.27606e-20
4.34717e-20
4.39776e-20
4.56487e-20
4.83858e-20
5.17132e-20
8.36141e-23
2.49974e-22
4.18091e-22
7.63286e-22
1.92391e-20
8.99856e-19
3.45348e-19
5.71165e-20
1.40558e-20
7.64762e-21
4.88613e-21
3.88741e-21
3.36401e-21
2.98601e-21
3.13416e-21
3.22603e-21
3.2353e-21
3.32264e-21
3.54818e-21
3.81136e-21
6.33521e-24
1.89438e-23
3.17269e-23
5.96291e-23
1.86517e-21
8.41722e-20
2.47795e-20
3.45419e-21
8.87243e-22
5.03017e-22
3.30024e-22
2.69076e-22
2.39224e-22
2.14441e-22
2.25082e-22
2.32572e-22
2.30997e-22
2.35425e-22
2.50287e-22
2.68694e-22
