0.0652805
0.174835
0.262086
0.347022
0.438178
0.539617
0.65118
0.769043
0.886658
0.997191
1.09655
1.18288
1.25927
1.32831
1.39376
1.45653
1.50366
1.52139
1.5554
1.6265
0.0116452
0.0333354
0.052341
0.0727943
0.0971666
0.126661
0.161228
0.199205
0.236615
0.269148
0.295328
0.317203
0.33632
0.352123
0.364859
0.378815
0.393452
0.398625
0.407465
0.429224
0.00258142
0.00762745
0.0123645
0.0180703
0.0257851
0.0363188
0.0495899
0.0642089
0.0773761
0.0874702
0.0947321
0.100117
0.104634
0.108368
0.111342
0.113776
0.11699
0.119132
0.121679
0.12689
0.000508566
0.00165299
0.00292428
0.0046259
0.00719748
0.0111269
0.0164001
0.0220945
0.0265738
0.0292561
0.030861
0.0318014
0.0324337
0.0330216
0.0336106
0.034034
0.0346928
0.0353307
0.0359759
0.0369456
2.81485e-05
0.000174893
0.000513612
0.00109907
0.00203803
0.0035518
0.00565534
0.00774034
0.00906124
0.00955778
0.00967465
0.00962558
0.0095071
0.00941505
0.00938802
0.00938597
0.00944349
0.00955937
0.00972872
0.00986785
5.79308e-07
9.32964e-06
6.15966e-05
0.000226101
0.000573039
0.00117423
0.00200379
0.00271087
0.00299959
0.00300197
0.00289491
0.00274937
0.00259873
0.00247247
0.00239366
0.00234781
0.00231953
0.00231773
0.0023567
0.0023801
2.45936e-08
6.07796e-07
7.32678e-06
4.47352e-05
0.000161097
0.000403051
0.000723102
0.000930954
0.000958979
0.000908256
0.000828176
0.000742307
0.000660882
0.000595757
0.00055316
0.000527098
0.000510066
0.000501781
0.000507703
0.000511836
1.36012e-09
5.34344e-08
1.06153e-06
9.7348e-06
4.71275e-05
0.000144754
0.000262631
0.000308884
0.000296839
0.000263726
0.000222366
0.00018504
0.000153374
0.000129024
0.000113422
0.000103834
9.79859e-05
9.5131e-05
9.57695e-05
9.63743e-05
8.7889e-11
5.43706e-09
1.69907e-07
2.28516e-06
1.45736e-05
5.32105e-05
9.3112e-05
9.94056e-05
8.9419e-05
7.34247e-05
5.63125e-05
4.24516e-05
3.21374e-05
2.49025e-05
2.04954e-05
1.7866e-05
1.63677e-05
1.56885e-05
1.57157e-05
1.57603e-05
5.34132e-12
6.08572e-10
2.85905e-08
5.48728e-07
4.5087e-06
1.98001e-05
3.18573e-05
3.13428e-05
2.62084e-05
1.95549e-05
1.34184e-05
9.01646e-06
6.12905e-06
4.2969e-06
3.26544e-06
2.68049e-06
2.36346e-06
2.23311e-06
2.23095e-06
2.23212e-06
2.4891e-13
5.3825e-11
4.85314e-09
1.3814e-07
1.48363e-06
7.41636e-06
1.05372e-05
9.68866e-06
7.42454e-06
4.89154e-06
2.91795e-06
1.70422e-06
1.024e-06
6.36619e-07
4.39153e-07
3.36942e-07
2.85546e-07
2.65751e-07
2.65635e-07
2.66006e-07
1.37974e-14
5.25918e-12
8.16597e-10
3.32063e-08
4.74489e-07
2.69461e-06
3.41094e-06
2.94444e-06
2.00118e-06
1.13388e-06
5.76969e-07
2.87373e-07
1.49318e-07
8.04873e-08
4.98223e-08
3.56389e-08
2.91477e-08
2.685e-08
2.70262e-08
2.72114e-08
8.51225e-16
5.3871e-13
1.44246e-10
8.11449e-09
1.47127e-07
9.37275e-07
1.09186e-06
8.71078e-07
5.0943e-07
2.4416e-07
1.0387e-07
4.3033e-08
1.90259e-08
8.68478e-09
4.7466e-09
3.15783e-09
2.51304e-09
2.31578e-09
2.36804e-09
2.41178e-09
5.92207e-17
5.9354e-14
2.61656e-11
2.05028e-09
4.45534e-08
3.14258e-07
3.46589e-07
2.49462e-07
1.22499e-07
4.86368e-08
1.6846e-08
5.65626e-09
2.09527e-09
7.89726e-10
3.74279e-10
2.33138e-10
1.85196e-10
1.72668e-10
1.78448e-10
1.85875e-10
4.60725e-18
7.28766e-15
4.85242e-12
5.34617e-10
1.32354e-08
1.03644e-07
1.09129e-07
6.85299e-08
2.78575e-08
8.94138e-09
2.43889e-09
6.46351e-10
1.9733e-10
5.96791e-11
2.40684e-11
1.43965e-11
1.19607e-11
1.15601e-11
1.19975e-11
1.28205e-11
4.59249e-19
1.21603e-15
1.01408e-12
1.37372e-10
3.83902e-09
3.36357e-08
3.37915e-08
1.79646e-08
6.01533e-09
1.56004e-09
3.35274e-10
6.88247e-11
1.68334e-11
4.09035e-12
1.39158e-12
8.02957e-13
7.06898e-13
7.26577e-13
7.66482e-13
8.32213e-13
5.45388e-20
2.06714e-16
2.16853e-13
3.77427e-11
1.18468e-09
1.08439e-08
1.01885e-08
4.4883e-09
1.22444e-09
2.50892e-10
4.14312e-11
6.46663e-12
1.25381e-12
2.38689e-13
6.69696e-14
3.95567e-14
3.84109e-14
4.20411e-14
4.59783e-14
5.07822e-14
8.6272e-21
4.39618e-17
5.29683e-14
1.06714e-11
3.71316e-10
3.53989e-09
2.96944e-09
1.06663e-09
2.33242e-10
3.66667e-11
4.55007e-12
5.3288e-13
8.06009e-14
1.20493e-14
2.76514e-15
1.82591e-15
1.98638e-15
2.27007e-15
2.59279e-15
2.9204e-15
1.58282e-21
1.09482e-17
1.4612e-14
3.09887e-12
1.13192e-10
1.13931e-09
8.08823e-10
2.34753e-10
4.06422e-11
4.76211e-12
4.33573e-13
3.77747e-14
4.33535e-15
5.04223e-16
9.93082e-17
8.42509e-17
1.0078e-16
1.16683e-16
1.3853e-16
1.59368e-16
1.35335e-21
6.77685e-18
6.72211e-15
9.18322e-13
3.04502e-11
2.65515e-10
1.56403e-10
3.60337e-11
4.62453e-12
3.90503e-13
2.6071e-14
1.67625e-15
1.56004e-16
1.4592e-17
3.05966e-18
3.95032e-18
4.86476e-18
5.60616e-18
6.79947e-18
7.93164e-18
