0.066163
0.177134
0.265316
0.350943
0.442636
0.544488
0.656355
0.774423
0.89216
1.00276
1.10216
1.18852
1.26492
1.33396
1.3994
1.46215
1.50925
1.52698
1.56096
1.63201
0.0125659
0.0358196
0.0559719
0.0774168
0.102723
0.133126
0.168561
0.207332
0.245426
0.27852
0.305161
0.327446
0.346934
0.363042
0.376009
0.390191
0.405034
0.410288
0.419264
0.441289
0.00309844
0.00904762
0.0144682
0.0208319
0.0292784
0.0406433
0.0548069
0.0702962
0.0842109
0.0949038
0.102643
0.10843
0.113305
0.117338
0.120541
0.123156
0.126572
0.128844
0.131545
0.136999
0.000715401
0.00224897
0.00384016
0.00587825
0.0088788
0.0133686
0.019297
0.0256404
0.0306361
0.0336764
0.0355476
0.0366942
0.0375008
0.0382433
0.0389648
0.0394837
0.0402568
0.0409905
0.0417311
0.0428113
5.38195e-05
0.000292239
0.000775675
0.00154599
0.00272959
0.00457478
0.00708058
0.00953866
0.0111129
0.0117409
0.0119326
0.0119323
0.0118499
0.011791
0.0117956
0.0118196
0.0119097
0.0120632
0.0122785
0.0124481
1.35998e-06
1.89318e-05
0.000108174
0.000355064
0.000831409
0.00161389
0.0026628
0.0035484
0.00392296
0.00394667
0.00383529
0.00367573
0.00350848
0.00336776
0.00328105
0.00323244
0.00320329
0.00320709
0.00326329
0.00329539
5.82169e-08
1.36627e-06
1.43698e-05
7.72608e-05
0.000251767
0.000588051
0.00101764
0.00129549
0.00133953
0.0012797
0.0011805
0.00107251
0.000969145
0.000885771
0.000830823
0.000797408
0.000775326
0.000765431
0.000775711
0.000782268
3.31593e-09
1.29694e-07
2.26258e-06
1.81798e-05
7.87354e-05
0.000223231
0.000391143
0.000457781
0.000443324
0.000398738
0.000341762
0.000289707
0.000245035
0.000210149
0.000187457
0.0001734
0.000164728
0.000160734
0.000162219
0.000163365
2.2273e-10
1.41417e-08
3.89705e-07
4.5803e-06
2.59124e-05
8.65902e-05
0.000146962
0.000157121
0.000142922
0.000119335
9.35386e-05
7.2235e-05
5.61192e-05
4.45977e-05
3.74266e-05
3.30783e-05
3.05736e-05
2.94929e-05
2.96375e-05
2.97538e-05
1.38921e-11
1.68304e-09
7.01982e-08
1.1793e-06
8.53224e-06
3.39871e-05
5.34105e-05
5.28718e-05
4.4886e-05
3.42454e-05
2.41628e-05
1.67305e-05
1.17385e-05
8.4955e-06
6.61708e-06
5.52677e-06
4.9276e-06
4.69035e-06
4.70107e-06
4.70853e-06
6.00415e-13
1.55552e-10
1.24649e-08
3.13169e-07
2.97795e-06
1.34323e-05
1.88038e-05
1.74538e-05
1.36521e-05
9.26514e-06
5.72588e-06
3.46904e-06
2.16399e-06
1.39934e-06
9.94904e-07
7.78933e-07
6.67934e-07
6.25832e-07
6.26768e-07
6.27814e-07
3.14108e-14
1.62133e-11
2.23689e-09
8.02712e-08
1.01182e-06
5.15953e-06
6.48478e-06
5.66798e-06
3.96131e-06
2.33205e-06
1.23971e-06
6.45389e-07
3.50268e-07
1.9805e-07
1.27155e-07
9.30303e-08
7.69008e-08
7.11324e-08
7.15282e-08
7.1926e-08
1.83536e-15
1.76606e-12
4.20194e-10
2.08855e-08
3.33665e-07
1.90199e-06
2.21163e-06
1.79396e-06
1.08874e-06
5.47221e-07
2.45493e-07
1.07252e-07
4.98411e-08
2.40861e-08
1.37504e-08
9.3677e-09
7.50755e-09
6.91171e-09
7.02809e-09
7.13225e-09
1.27685e-16
2.06624e-13
8.094e-11
5.61247e-09
1.07533e-07
6.7732e-07
7.47975e-07
5.50615e-07
2.8343e-07
1.19182e-07
4.39925e-08
1.57347e-08
6.16584e-09
2.48544e-09
1.2402e-09
7.89905e-10
6.26709e-10
5.79026e-10
5.91844e-10
6.12452e-10
1.0759e-17
2.68924e-14
1.59175e-11
1.55501e-09
3.40014e-08
2.37533e-07
2.50972e-07
1.62492e-07
6.99624e-08
2.40285e-08
7.06542e-09
2.0171e-09
6.55731e-10
2.14529e-10
9.1858e-11
5.57289e-11
4.55069e-11
4.31415e-11
4.41505e-11
4.67632e-11
1.34657e-18
4.76042e-15
3.52968e-12
4.24975e-10
1.05037e-08
8.20097e-08
8.28624e-08
4.58704e-08
1.64299e-08
4.60223e-09
1.07705e-09
2.40903e-10
6.32576e-11
1.67738e-11
6.09767e-12
3.51637e-12
2.98255e-12
2.98152e-12
3.10339e-12
3.33877e-12
1.98152e-19
8.52434e-16
7.96411e-13
1.23662e-10
3.44105e-09
2.81232e-08
2.66699e-08
1.23697e-08
3.64512e-09
8.14555e-10
1.47863e-10
2.54024e-11
5.33101e-12
1.1161e-12
3.35794e-13
1.92239e-13
1.76471e-13
1.87735e-13
2.02907e-13
2.22236e-13
3.73842e-20
1.90268e-16
2.04896e-13
3.70065e-11
1.14426e-09
9.75031e-09
8.30726e-09
3.17785e-09
7.57964e-10
1.3124e-10
1.80518e-11
2.34623e-12
3.87607e-13
6.39678e-14
1.56462e-14
9.53464e-15
9.75907e-15
1.09396e-14
1.23743e-14
1.38341e-14
7.54315e-21
4.94746e-17
5.94205e-14
1.13587e-11
3.69113e-10
3.31514e-09
2.41382e-09
7.54559e-10
1.43825e-10
1.87452e-11
1.90564e-12
1.85387e-13
2.3477e-14
3.02351e-15
6.17116e-16
4.55732e-16
5.23843e-16
6.0289e-16
7.09931e-16
8.11143e-16
7.50494e-21
3.35231e-17
2.9443e-14
3.5511e-12
1.03685e-10
8.02245e-10
4.89564e-10
1.22699e-10
1.74704e-11
1.65199e-12
1.23468e-13
8.88648e-15
9.22113e-16
9.54087e-17
1.93404e-17
2.15261e-17
2.66199e-17
3.07637e-17
3.70081e-17
4.28867e-17
