0.0558807
0.150186
0.227201
0.304279
0.389008
0.485126
0.592327
0.70674
0.821717
0.9302
1.02785
1.1127
1.18775
1.25568
1.32032
1.38262
1.42954
1.44713
1.48087
1.55104
0.00520905
0.0157042
0.0260801
0.0385604
0.0547917
0.0756979
0.101405
0.130663
0.160085
0.185787
0.206226
0.222929
0.237265
0.249068
0.258706
0.269566
0.281277
0.285326
0.292191
0.309848
0.000410171
0.00142465
0.0027243
0.00469435
0.00783526
0.0126644
0.0193202
0.0271088
0.0342588
0.039566
0.0430844
0.0453852
0.0471373
0.048541
0.049701
0.0506675
0.0521543
0.0531758
0.054345
0.0571675
1.87824e-05
9.43032e-05
0.000247087
0.000548901
0.00114257
0.00223439
0.00392582
0.005913
0.00747203
0.00827378
0.00860382
0.00865152
0.00857648
0.00852022
0.00852378
0.00852437
0.00861742
0.00874812
0.00887964
0.00917268
6.8846e-07
3.98328e-06
1.73732e-05
6.2032e-05
0.00017822
0.000430131
0.000858353
0.00132935
0.00161033
0.00166746
0.001622
0.00153398
0.00143101
0.00134445
0.00128976
0.00125424
0.00123611
0.00123664
0.00124885
0.00126895
4.76927e-08
1.9143e-07
1.02092e-06
6.55758e-06
2.93959e-05
9.05676e-05
0.000198908
0.000301485
0.000334711
0.00032072
0.000290063
0.000254582
0.000219962
0.000191972
0.000174264
0.000163051
0.000155731
0.000151895
0.00015224
0.000153472
3.47266e-09
1.20197e-08
6.52767e-08
7.14864e-07
5.09541e-06
2.06028e-05
4.78374e-05
6.67512e-05
6.65771e-05
5.89816e-05
4.91394e-05
3.9519e-05
3.10351e-05
2.47345e-05
2.09073e-05
1.85861e-05
1.71678e-05
1.62782e-05
1.60996e-05
1.61382e-05
2.50124e-10
8.36346e-10
5.18536e-09
8.95115e-08
9.40829e-07
5.01893e-06
1.16111e-05
1.40673e-05
1.26995e-05
1.02815e-05
7.66195e-06
5.53455e-06
3.90047e-06
2.79016e-06
2.16404e-06
1.81007e-06
1.61217e-06
1.49435e-06
1.46182e-06
1.45807e-06
1.79541e-11
6.02533e-11
5.033e-10
1.30665e-08
1.88118e-07
1.2594e-06
2.7152e-06
2.83736e-06
2.33287e-06
1.68712e-06
1.09883e-06
6.92241e-07
4.29419e-07
2.71717e-07
1.91439e-07
1.49867e-07
1.28526e-07
1.17234e-07
1.14129e-07
1.13437e-07
1.2805e-12
4.31852e-12
5.08234e-11
1.95607e-09
3.75652e-08
3.19546e-07
6.00367e-07
5.56116e-07
4.11585e-07
2.58699e-07
1.43813e-07
7.74624e-08
4.1637e-08
2.28504e-08
1.44687e-08
1.0556e-08
8.71478e-09
7.89465e-09
7.7379e-09
7.7158e-09
9.16835e-14
3.08883e-13
6.0349e-12
3.46615e-10
8.10674e-09
8.10586e-08
1.25949e-07
1.06094e-07
6.8901e-08
3.60625e-08
1.6456e-08
7.36105e-09
3.38606e-09
1.57319e-09
8.85425e-10
6.09217e-10
4.95418e-10
4.54419e-10
4.56353e-10
4.61092e-10
6.62271e-15
2.203e-14
6.29315e-13
5.28818e-11
1.67756e-09
1.96131e-08
2.55876e-08
1.97497e-08
1.07243e-08
4.51506e-09
1.65056e-09
5.98455e-10
2.31333e-10
8.93617e-11
4.48351e-11
2.98802e-11
2.47121e-11
2.34687e-11
2.45707e-11
2.53648e-11
4.83761e-16
1.58507e-15
7.00048e-14
8.24353e-12
3.33399e-10
4.45196e-09
5.12181e-09
3.53774e-09
1.54052e-09
5.11811e-10
1.46309e-10
4.16994e-11
1.3423e-11
4.28006e-12
1.95841e-12
1.32949e-12
1.15995e-12
1.16029e-12
1.27574e-12
1.35014e-12
3.56461e-17
1.15863e-16
8.06937e-15
1.33163e-12
6.42036e-11
9.56643e-10
1.01424e-09
6.0435e-10
2.04849e-10
5.26074e-11
1.14154e-11
2.48539e-12
6.65011e-13
1.77268e-13
7.94659e-14
5.97053e-14
5.70176e-14
5.9568e-14
6.6767e-14
7.25545e-14
2.6434e-18
8.62136e-18
9.59976e-16
2.22383e-13
1.20783e-11
1.99881e-10
1.98545e-10
9.72035e-11
2.53251e-11
4.91891e-12
7.84481e-13
1.27395e-13
2.85536e-14
6.73314e-15
3.43014e-15
3.05392e-15
3.19434e-15
3.41531e-15
3.73775e-15
4.11878e-15
1.96998e-19
6.64629e-19
1.28139e-16
3.62291e-14
2.20164e-12
4.08773e-11
3.80153e-11
1.46511e-11
2.94326e-12
4.36658e-13
5.20085e-14
6.23332e-15
1.1632e-15
2.81262e-16
1.82656e-16
1.8298e-16
1.98273e-16
2.16561e-16
2.32923e-16
2.55957e-16
1.47546e-20
5.26729e-20
1.822e-17
6.47593e-15
4.34847e-13
8.29994e-12
7.02421e-12
2.07265e-12
3.19259e-13
3.54642e-14
3.11005e-15
2.7663e-16
4.54902e-17
1.3322e-17
1.12601e-17
1.18823e-17
1.28441e-17
1.41042e-17
1.53311e-17
1.68607e-17
1.10993e-21
4.55993e-21
2.99624e-18
1.19468e-15
8.74275e-14
1.71653e-12
1.2405e-12
2.75837e-13
3.22051e-14
2.60931e-15
1.66726e-16
1.12342e-17
1.82059e-18
7.33863e-19
7.42914e-19
7.91833e-19
8.41718e-19
9.23369e-19
1.02781e-18
1.13863e-18
8.38175e-23
4.70722e-22
5.64551e-19
2.27753e-16
1.72781e-14
3.58202e-13
2.0484e-13
3.41641e-14
3.00402e-15
1.72917e-16
7.9342e-18
4.22522e-19
8.20346e-20
4.50441e-20
4.92093e-20
5.2869e-20
5.54133e-20
6.04738e-20
6.88974e-20
7.72437e-20
6.35816e-24
8.75799e-23
1.45732e-19
4.35456e-17
3.20723e-15
6.04344e-14
2.66198e-14
3.31515e-15
2.08639e-16
8.46442e-18
2.87982e-19
1.33559e-20
4.06847e-21
2.73639e-21
3.07787e-21
3.31504e-21
3.42737e-21
3.74292e-21
4.3141e-21
4.87437e-21
