0.0617607
0.165636
0.249116
0.331202
0.420085
0.519715
0.629873
0.746707
0.863617
0.973666
1.07266
1.15871
1.23485
1.30372
1.36907
1.43185
1.47903
1.49676
1.53078
1.60187
0.00861059
0.025085
0.0401686
0.0571143
0.0780347
0.104023
0.135105
0.16977
0.204229
0.234283
0.258398
0.278425
0.295848
0.310247
0.321903
0.334796
0.348447
0.353235
0.361413
0.38184
0.00127492
0.00396423
0.00679957
0.0105473
0.01597
0.0237589
0.0339549
0.0454795
0.0559492
0.0638855
0.0694382
0.0733969
0.076632
0.0792905
0.0814346
0.0832008
0.0856523
0.0873038
0.0892521
0.0934714
0.000135812
0.000517205
0.00106539
0.00192382
0.00334868
0.00570057
0.00905161
0.0127978
0.0157368
0.0173918
0.0182664
0.0186665
0.0188539
0.0190409
0.0192764
0.0194444
0.0197794
0.0201362
0.0204982
0.0211165
2.85209e-06
2.79144e-05
0.000115937
0.000320965
0.000718944
0.00144264
0.00253707
0.00366818
0.004363
0.00457085
0.00455481
0.00444284
0.00429342
0.00416959
0.00410021
0.00405956
0.0040563
0.00409168
0.00415661
0.00422125
7.31576e-08
9.56811e-07
8.96192e-06
4.69713e-05
0.000156275
0.000386186
0.000739439
0.00105364
0.00116911
0.0011491
0.00107869
0.000991547
0.000903842
0.000831294
0.000785205
0.000756701
0.000738347
0.000731532
0.000740677
0.000747869
4.40708e-09
5.10431e-08
7.82379e-07
7.00921e-06
3.49014e-05
0.000109445
0.000221456
0.00029627
0.000301461
0.000277535
0.00024344
0.000208333
0.000176004
0.000150892
0.000134928
0.000125103
0.000118878
0.000115316
0.000115776
0.000116508
2.93061e-10
3.60053e-09
8.7566e-08
1.19957e-06
8.287e-06
3.28978e-05
6.69303e-05
8.00537e-05
7.50464e-05
6.40919e-05
5.1226e-05
4.0087e-05
3.10016e-05
2.43644e-05
2.03256e-05
1.79191e-05
1.65042e-05
1.57201e-05
1.56534e-05
1.56986e-05
2.04283e-11
2.95598e-10
1.12098e-08
2.2604e-07
2.10268e-06
1.01701e-05
1.96565e-05
2.08898e-05
1.81277e-05
1.41061e-05
1.00804e-05
7.02377e-06
4.87514e-06
3.46208e-06
2.66235e-06
2.2115e-06
1.96465e-06
1.84018e-06
1.82013e-06
1.81736e-06
1.40304e-12
2.63328e-11
1.53161e-09
4.37597e-08
5.33666e-07
3.18497e-06
5.52825e-06
5.32927e-06
4.24273e-06
2.94475e-06
1.84532e-06
1.1247e-06
6.88683e-07
4.33271e-07
3.02746e-07
2.34436e-07
1.9934e-07
1.83771e-07
1.81455e-07
1.80905e-07
9.60683e-14
2.0283e-12
2.27344e-10
9.36799e-09
1.45392e-07
1.00229e-06
1.49279e-06
1.33031e-06
9.53243e-07
5.69859e-07
3.02761e-07
1.56989e-07
8.34794e-08
4.54354e-08
2.83279e-08
2.03742e-08
1.66816e-08
1.52348e-08
1.51524e-08
1.51768e-08
6.78311e-15
1.59693e-13
3.11431e-11
1.83652e-09
3.82825e-08
3.03932e-07
3.93188e-07
3.25743e-07
2.01889e-07
1.00825e-07
4.4424e-08
1.91629e-08
8.65215e-09
3.97337e-09
2.18178e-09
1.45988e-09
1.16554e-09
1.06814e-09
1.08377e-09
1.09859e-09
4.9031e-16
1.32079e-14
4.51317e-12
3.67182e-10
9.7365e-09
8.74989e-08
1.02351e-07
7.73047e-08
3.9983e-08
1.63738e-08
5.84596e-09
2.03737e-09
7.68411e-10
2.90392e-10
1.38135e-10
8.65177e-11
6.87284e-11
6.44313e-11
6.76236e-11
6.99197e-11
3.59935e-17
1.17381e-15
6.73713e-13
7.60582e-11
2.41135e-09
2.4102e-08
2.64107e-08
1.76502e-08
7.41089e-09
2.43407e-09
6.8358e-10
1.86836e-10
5.79854e-11
1.75653e-11
7.12271e-12
4.28554e-12
3.54363e-12
3.46023e-12
3.73217e-12
3.9795e-12
2.66766e-18
1.16335e-16
1.03146e-13
1.62853e-11
5.85117e-10
6.50118e-09
6.75273e-09
3.83418e-09
1.28805e-09
3.30983e-10
7.06013e-11
1.47014e-11
3.69562e-12
8.71565e-13
2.99239e-13
1.85099e-13
1.70712e-13
1.77192e-13
1.92138e-13
2.10773e-13
1.9953e-19
1.55106e-17
1.77443e-14
3.4218e-12
1.38223e-10
1.72207e-09
1.69409e-09
7.88162e-10
2.11305e-10
4.26225e-11
6.95071e-12
1.08303e-12
2.13146e-13
3.98088e-14
1.18669e-14
7.94077e-15
8.20238e-15
9.09936e-15
9.89595e-15
1.09794e-14
1.50687e-20
2.18046e-18
3.17807e-15
7.78319e-13
3.50523e-11
4.53112e-10
4.12141e-10
1.53235e-10
3.24717e-11
5.02784e-12
6.13635e-13
7.06735e-14
1.07831e-14
1.57644e-15
4.29523e-16
3.49401e-16
3.97731e-16
4.56463e-16
5.0728e-16
5.68292e-16
1.15943e-21
3.89719e-19
6.5344e-16
1.82432e-13
9.03863e-12
1.21121e-10
9.64415e-11
2.81764e-11
4.64844e-12
5.36812e-13
4.81807e-14
4.07974e-15
4.74072e-16
5.58822e-17
1.60217e-17
1.6916e-17
1.9856e-17
2.27619e-17
2.60792e-17
2.95654e-17
9.25077e-23
8.37275e-20
1.52647e-16
4.40561e-14
2.28045e-12
3.23403e-11
2.11355e-11
4.81361e-12
6.11927e-13
5.12436e-14
3.31379e-15
2.06035e-16
1.77576e-17
1.7483e-18
6.88644e-19
9.04982e-19
1.0314e-18
1.16121e-18
1.3671e-18
1.57021e-18
1.16829e-23
3.82217e-20
5.45677e-17
1.08302e-14
5.25506e-13
6.59146e-12
3.45883e-12
6.06392e-13
5.59707e-14
3.32345e-15
1.56985e-16
7.19308e-18
4.95068e-19
4.81503e-20
3.54052e-20
4.91834e-20
5.2981e-20
5.917e-20
7.05035e-20
8.14755e-20
