0.0626814
0.168047
0.252521
0.335366
0.424861
0.524988
0.635542
0.752678
0.869806
0.980015
1.07914
1.16529
1.24152
1.31046
1.37586
1.43866
1.48584
1.50357
1.5376
1.60873
0.00931677
0.0270138
0.0430307
0.0608274
0.082605
0.109484
0.14147
0.177011
0.212263
0.24299
0.26767
0.288204
0.306094
0.320883
0.332839
0.34603
0.359959
0.364856
0.373221
0.394032
0.00152859
0.00468638
0.00791668
0.0120885
0.0180263
0.0264503
0.0373747
0.0496446
0.0607687
0.0692274
0.0751913
0.0794914
0.0830333
0.0859502
0.088295
0.0902231
0.0928631
0.0946365
0.0967344
0.101208
0.000191073
0.000695323
0.00137462
0.0023976
0.00405142
0.006731
0.0104929
0.0146621
0.0179343
0.0198057
0.0208289
0.0213348
0.0216072
0.0218715
0.0221768
0.0223953
0.022797
0.0232132
0.0236354
0.0243317
4.84076e-06
4.35379e-05
0.000167146
0.00043457
0.00092835
0.00179915
0.00308845
0.00440656
0.00522149
0.00547994
0.00548249
0.00537488
0.00522358
0.00509908
0.00503291
0.00499615
0.00500175
0.00505066
0.00513406
0.00521267
1.00049e-07
1.58484e-06
1.41677e-05
6.86286e-05
0.00021404
0.000505772
0.000942152
0.00132588
0.00147022
0.00145135
0.00137134
0.00127073
0.00116889
0.00108437
0.00103077
0.000997937
0.000976924
0.000970135
0.00098353
0.000993206
5.43256e-09
8.66093e-08
1.32184e-06
1.08965e-05
5.03464e-05
0.000149811
0.000294675
0.000390641
0.000398646
0.000369467
0.000327078
0.00028304
0.000242207
0.00021026
0.000189804
0.000177214
0.000169182
0.000164715
0.000165733
0.000166871
3.41252e-10
6.38549e-09
1.57235e-07
1.97056e-06
1.25392e-05
4.69244e-05
9.29506e-05
0.000110738
0.000104424
9.00118e-05
7.2855e-05
5.78507e-05
4.54942e-05
3.63558e-05
3.07246e-05
2.73424e-05
2.53365e-05
2.42503e-05
2.42189e-05
2.43116e-05
2.31906e-11
5.50514e-10
2.11773e-08
3.90498e-07
3.33053e-06
1.51015e-05
2.85226e-05
3.03488e-05
2.65619e-05
2.09327e-05
1.52102e-05
1.07969e-05
7.65116e-06
5.54973e-06
4.33894e-06
3.64673e-06
3.26387e-06
3.07447e-06
3.05092e-06
3.04967e-06
1.54724e-12
5.22024e-11
3.03591e-09
7.94123e-08
8.84935e-07
4.92319e-06
8.39739e-06
8.13617e-06
6.55373e-06
4.62748e-06
2.96285e-06
1.84788e-06
1.1599e-06
7.49005e-07
5.34021e-07
4.19273e-07
3.595e-07
3.33305e-07
3.30026e-07
3.29286e-07
1.01274e-13
4.15369e-12
4.64656e-10
1.76361e-08
2.51934e-07
1.61368e-06
2.37783e-06
2.13543e-06
1.55501e-06
9.51417e-07
5.19598e-07
2.77093e-07
1.51647e-07
8.52075e-08
5.44095e-08
3.97104e-08
3.27477e-08
3.00179e-08
2.98795e-08
2.99189e-08
6.9921e-15
3.44324e-13
6.67896e-11
3.62529e-09
6.94159e-08
5.10508e-07
6.57361e-07
5.50136e-07
3.48615e-07
1.79441e-07
8.18234e-08
3.65131e-08
1.70353e-08
8.12655e-09
4.58769e-09
3.11291e-09
2.49406e-09
2.28474e-09
2.3118e-09
2.33866e-09
4.99736e-16
3.00533e-14
1.01397e-11
7.59594e-10
1.84924e-08
1.53646e-07
1.79653e-07
1.3752e-07
7.32622e-08
3.11536e-08
1.15971e-08
4.20965e-09
1.64705e-09
6.50605e-10
3.19214e-10
2.01978e-10
1.59874e-10
1.4892e-10
1.55166e-10
1.59791e-10
3.65291e-17
2.82576e-15
1.58475e-12
1.64849e-10
4.80097e-09
4.43265e-08
4.86794e-08
3.31247e-08
1.44417e-08
4.96304e-09
1.46499e-09
4.20215e-10
1.35777e-10
4.3244e-11
1.81101e-11
1.08914e-11
8.86508e-12
8.54408e-12
9.11835e-12
9.66866e-12
2.70733e-18
2.9694e-16
2.53869e-13
3.6973e-11
1.22172e-09
1.25373e-08
1.30743e-08
7.60664e-09
2.67481e-09
7.24605e-10
1.63794e-10
3.60797e-11
9.47226e-12
2.36026e-12
8.32176e-13
5.01909e-13
4.487e-13
4.58161e-13
4.92309e-13
5.37205e-13
2.04186e-19
4.22327e-17
4.57317e-14
8.14637e-12
3.02915e-10
3.48426e-09
3.44755e-09
1.65628e-09
4.68219e-10
1.00216e-10
1.74329e-11
2.89514e-12
5.97692e-13
1.17885e-13
3.53251e-14
2.21591e-14
2.20239e-14
2.41202e-14
2.61184e-14
2.88844e-14
1.57004e-20
6.25557e-18
8.54278e-15
1.93776e-12
8.04687e-11
9.61951e-10
8.82456e-10
3.41706e-10
7.68771e-11
1.27107e-11
1.66387e-12
2.05431e-13
3.30111e-14
5.06221e-15
1.30967e-15
9.53983e-16
1.06072e-15
1.21505e-15
1.35047e-15
1.51194e-15
1.26717e-21
1.17111e-18
1.82992e-15
4.74861e-13
2.17322e-11
2.69645e-10
2.17539e-10
6.67646e-11
1.17694e-11
1.46008e-12
1.41155e-13
1.28617e-14
1.58018e-15
1.91745e-16
4.62988e-17
4.34178e-17
5.14285e-17
5.94374e-17
6.83726e-17
7.76778e-17
1.12502e-22
2.61312e-19
4.44739e-16
1.19819e-13
5.73615e-12
7.53073e-11
5.02209e-11
1.21147e-11
1.65523e-12
1.4976e-13
1.04677e-14
7.01801e-16
6.40897e-17
6.201e-18
1.7149e-18
2.16308e-18
2.55053e-18
2.90352e-18
3.44497e-18
3.97633e-18
2.57213e-23
1.28348e-19
1.68889e-16
3.08245e-14
1.37324e-12
1.58644e-11
8.56111e-12
1.60076e-12
1.59475e-13
1.0262e-14
5.24091e-16
2.58781e-17
1.88225e-18
1.59283e-19
7.37345e-20
1.11575e-19
1.24151e-19
1.39778e-19
1.68344e-19
1.95914e-19
