0.0504129
0.135749
0.206613
0.278815
0.359357
0.451749
0.555603
0.667047
0.779433
0.885634
0.981208
1.06414
1.13737
1.20369
1.267
1.32826
1.37453
1.39183
1.42492
1.49315
0.0032546
0.0102171
0.0176485
0.0271451
0.0400428
0.0571163
0.0785438
0.103287
0.128348
0.150201
0.167361
0.181091
0.192641
0.202078
0.209857
0.218808
0.228659
0.232008
0.237616
0.252523
0.000155803
0.000608689
0.00128715
0.0024322
0.00441237
0.00761567
0.0121981
0.0176927
0.0227616
0.0264374
0.0287303
0.0300678
0.0309727
0.0316577
0.032245
0.0327414
0.0336322
0.0342583
0.0349437
0.0368319
7.81904e-06
3.47226e-05
9.08235e-05
0.000219757
0.000512484
0.00109779
0.00205964
0.00322831
0.00414094
0.00456971
0.00469276
0.00463586
0.0045032
0.00439145
0.00433162
0.00428683
0.00429713
0.00434173
0.00438603
0.00453439
6.28381e-07
2.34076e-06
6.544e-06
2.12552e-05
6.67982e-05
0.000177929
0.000381204
0.000612974
0.000746366
0.000761246
0.000722987
0.000664023
0.000599049
0.000544884
0.000509784
0.0004866
0.00047254
0.000468219
0.000469284
0.000476606
4.79009e-08
1.52661e-07
3.8811e-07
1.87097e-06
9.24971e-06
3.19487e-05
7.53431e-05
0.00011739
0.000128839
0.000120129
0.000104992
8.85063e-05
7.30013e-05
6.08413e-05
5.33185e-05
4.85951e-05
4.55409e-05
4.37938e-05
4.34509e-05
4.37349e-05
3.46825e-09
1.06111e-08
2.38057e-08
1.55598e-07
1.3108e-06
6.19784e-06
1.54431e-05
2.1758e-05
2.10435e-05
1.79262e-05
1.42716e-05
1.09063e-05
8.07768e-06
6.07614e-06
4.92152e-06
4.24416e-06
3.8446e-06
3.58987e-06
3.51331e-06
3.5158e-06
2.48287e-10
7.53508e-10
1.68077e-09
1.46136e-08
1.92287e-07
1.28466e-06
3.17398e-06
3.78693e-06
3.2595e-06
2.50431e-06
1.75868e-06
1.19406e-06
7.85719e-07
5.26186e-07
3.90408e-07
3.17974e-07
2.79403e-07
2.56423e-07
2.49385e-07
2.48885e-07
1.77667e-11
5.37879e-11
1.30567e-10
1.74996e-09
3.23383e-08
2.73866e-07
6.2177e-07
6.23537e-07
4.81608e-07
3.25309e-07
1.96484e-07
1.15102e-07
6.62975e-08
3.91891e-08
2.66317e-08
2.0619e-08
1.77239e-08
1.62379e-08
1.58947e-08
1.58975e-08
1.26976e-12
3.86338e-12
1.01152e-11
2.10192e-10
5.35304e-09
5.89235e-08
1.13722e-07
9.90269e-08
6.77892e-08
3.90448e-08
1.979e-08
9.82454e-09
4.91223e-09
2.53949e-09
1.58983e-09
1.18501e-09
1.00961e-09
9.40907e-10
9.42997e-10
9.53998e-10
9.12234e-14
2.78446e-13
8.3944e-13
3.12188e-11
9.6165e-10
1.26104e-08
1.95102e-08
1.52276e-08
8.97556e-09
4.20932e-09
1.72314e-09
7.08795e-10
3.08059e-10
1.38914e-10
8.19159e-11
6.11233e-11
5.33568e-11
5.1617e-11
5.37737e-11
5.54398e-11
6.60765e-15
2.012e-14
6.76426e-14
3.90271e-12
1.64833e-10
2.55332e-09
3.21957e-09
2.27571e-09
1.09567e-09
4.04335e-10
1.31042e-10
4.40241e-11
1.66884e-11
6.73372e-12
3.95622e-12
3.10401e-12
2.84675e-12
2.88003e-12
3.12978e-12
3.29079e-12
4.83243e-16
1.46223e-15
5.65754e-15
4.99837e-13
2.70261e-11
4.805e-10
5.2216e-10
3.2587e-10
1.22646e-10
3.50646e-11
8.84538e-12
2.39509e-12
8.1456e-13
3.134e-13
1.98422e-13
1.69096e-13
1.62988e-13
1.70906e-13
1.91771e-13
2.04793e-13
3.56187e-17
1.07286e-16
4.86654e-16
6.63905e-14
4.27779e-12
8.49018e-11
8.3689e-11
4.42916e-11
1.26587e-11
2.76131e-12
5.31769e-13
1.16393e-13
3.76968e-14
1.52661e-14
1.10925e-14
1.02471e-14
1.03137e-14
1.09171e-14
1.22102e-14
1.3247e-14
2.64143e-18
7.94057e-18
4.33278e-17
9.12324e-15
6.59973e-13
1.45092e-11
1.32487e-11
5.63872e-12
1.21309e-12
1.98724e-13
2.87036e-14
5.23328e-15
1.77246e-15
8.33203e-16
6.96526e-16
6.8187e-16
7.11855e-16
7.51888e-16
8.13633e-16
8.8969e-16
1.96861e-19
5.91881e-19
4.28682e-18
1.21929e-15
9.83489e-14
2.4223e-12
2.04965e-12
6.70215e-13
1.09511e-13
1.36856e-14
1.52606e-15
2.44272e-16
9.24631e-17
5.17689e-17
4.72052e-17
4.7522e-17
5.03571e-17
5.40555e-17
5.76045e-17
6.27981e-17
1.47432e-20
4.43617e-20
4.66459e-19
1.80607e-16
1.59906e-14
4.01684e-13
3.05487e-13
7.46389e-14
9.24857e-15
8.68723e-16
7.56145e-17
1.182e-17
5.29552e-18
3.39946e-18
3.27566e-18
3.33975e-18
3.5279e-18
3.81823e-18
4.11772e-18
4.49871e-18
1.10891e-21
3.34597e-21
5.98922e-20
2.76759e-17
2.65123e-15
6.8012e-14
4.34053e-14
7.81825e-15
7.28792e-16
5.04253e-17
3.53048e-18
6.21582e-19
3.28623e-19
2.2387e-19
2.26848e-19
2.33172e-19
2.43232e-19
2.63581e-19
2.91002e-19
3.20527e-19
8.37255e-23
2.5432e-22
9.09251e-21
4.3958e-18
4.33528e-16
1.1687e-14
5.76232e-15
7.64445e-16
5.34344e-17
2.67393e-18
1.59082e-19
3.60767e-20
2.17096e-20
1.48505e-20
1.55353e-20
1.61934e-20
1.66764e-20
1.79626e-20
2.02613e-20
2.25832e-20
6.34514e-24
1.97189e-23
1.78268e-21
6.90149e-19
6.75218e-17
1.68598e-15
6.22312e-16
6.09362e-17
3.05813e-18
1.12309e-19
6.52741e-21
2.07255e-21
1.34595e-21
9.41655e-22
1.01046e-21
1.05681e-21
1.07103e-21
1.15112e-21
1.31021e-21
1.47053e-21
