0.0671744
0.179764
0.269004
0.35541
0.447702
0.550005
0.662194
0.780469
0.898321
1.00898
1.10839
1.19477
1.27117
1.3402
1.40561
1.46831
1.51537
1.53309
1.56703
1.63802
0.0137148
0.0389072
0.0604627
0.0830999
0.109505
0.140955
0.177365
0.21701
0.255843
0.289535
0.316666
0.339381
0.359256
0.375681
0.388888
0.403301
0.418353
0.42369
0.432805
0.455095
0.00383641
0.0110541
0.0174033
0.0246286
0.0340016
0.0463891
0.0616252
0.078142
0.0929313
0.104324
0.112622
0.118878
0.124172
0.128551
0.132018
0.134842
0.138487
0.140903
0.143776
0.149494
0.0010691
0.00324121
0.00531778
0.00783504
0.0114228
0.0166577
0.0234388
0.0306171
0.0362789
0.0397895
0.0420171
0.0434443
0.0444897
0.0454424
0.0463415
0.0469881
0.0479102
0.0487666
0.0496281
0.0508438
0.000115818
0.000541233
0.00127551
0.00233876
0.00389234
0.00622036
0.0092971
0.0122803
0.0142183
0.0150464
0.0153616
0.0154491
0.0154362
0.0154396
0.0155004
0.0155691
0.0157113
0.0159218
0.0162045
0.0164173
4.05996e-06
4.55978e-05
0.00021612
0.000617176
0.00131202
0.0023829
0.0037705
0.00493071
0.0054445
0.00551215
0.00540657
0.00523811
0.00505753
0.00490479
0.00481315
0.00476555
0.00473878
0.00475438
0.00484015
0.00488671
1.88747e-07
3.83717e-06
3.34195e-05
0.00015227
0.000437366
0.000937188
0.00155013
0.00194582
0.00202154
0.00195246
0.00182746
0.00168825
0.00155327
0.00144323
0.00137006
0.00132611
0.00129659
0.00128519
0.00130449
0.00131583
1.16036e-08
4.04991e-07
5.89239e-06
3.97587e-05
0.00014921
0.000381972
0.000640434
0.000745021
0.000728672
0.000665845
0.000582788
0.000505705
0.000438597
0.000385126
0.000349686
0.000327529
0.000313655
0.000307852
0.000311521
0.000313954
8.42474e-10
4.84777e-08
1.12006e-06
1.0998e-05
5.3237e-05
0.000158739
0.000259137
0.000277597
0.000256203
0.000218614
0.000176238
0.000140372
0.000112678
9.23968e-05
7.94247e-05
7.13993e-05
6.67164e-05
6.48521e-05
6.53993e-05
6.57349e-05
5.62764e-11
6.25903e-09
2.2118e-07
3.10576e-06
1.90072e-05
6.67173e-05
0.00010173
0.000101514
8.79023e-05
6.9032e-05
5.04943e-05
3.63443e-05
2.6553e-05
1.99995e-05
1.60643e-05
1.37124e-05
1.23988e-05
1.19102e-05
1.19827e-05
1.20169e-05
2.44173e-12
6.14241e-10
4.17856e-08
8.86135e-07
7.15947e-06
2.82441e-05
3.87908e-05
3.64541e-05
2.92837e-05
2.06513e-05
1.336e-05
8.48853e-06
5.55724e-06
3.77647e-06
2.78926e-06
2.24093e-06
1.95151e-06
1.84472e-06
1.85209e-06
1.85602e-06
1.31188e-13
6.96232e-11
8.1597e-09
2.47063e-07
2.63089e-06
1.16498e-05
1.45072e-05
1.28893e-05
9.3397e-06
5.77695e-06
3.24959e-06
1.7917e-06
1.02894e-06
6.18077e-07
4.15637e-07
3.13172e-07
2.62774e-07
2.44616e-07
2.45823e-07
2.4688e-07
7.83986e-15
8.21017e-12
1.6609e-09
6.97715e-08
9.39628e-07
4.6264e-06
5.3664e-06
4.44911e-06
2.8323e-06
1.51363e-06
7.27193e-07
3.40337e-07
1.68768e-07
8.76823e-08
5.2912e-08
3.72196e-08
3.01829e-08
2.7815e-08
2.81194e-08
2.8424e-08
5.76427e-16
1.03765e-12
3.45882e-10
2.03134e-08
3.28255e-07
1.7798e-06
1.96869e-06
1.49265e-06
8.16472e-07
3.6973e-07
1.48147e-07
5.75032e-08
2.4253e-08
1.06495e-08
5.67559e-09
3.73273e-09
2.97224e-09
2.72335e-09
2.7496e-09
2.82354e-09
5.39212e-17
1.45517e-13
7.33792e-11
6.0883e-09
1.1252e-07
6.75273e-07
7.1675e-07
4.82961e-07
2.23941e-07
8.39479e-08
2.71998e-08
8.54963e-09
3.01819e-09
1.09167e-09
5.04954e-10
3.14376e-10
2.53251e-10
2.35084e-10
2.36553e-10
2.47775e-10
8.02766e-18
2.77795e-14
1.75623e-11
1.80178e-09
3.77042e-08
2.52382e-07
2.56968e-07
1.49944e-07
5.85881e-08
1.81343e-08
4.73943e-09
1.18467e-09
3.41492e-10
1.0133e-10
4.02048e-11
2.35154e-11
1.92374e-11
1.85945e-11
1.90078e-11
2.01973e-11
1.34534e-18
5.31556e-15
4.24501e-12
5.64454e-10
1.33387e-08
9.36636e-08
8.99385e-08
4.46011e-08
1.45232e-08
3.63288e-09
7.46008e-10
1.45208e-10
3.38149e-11
8.01468e-12
2.65727e-12
1.50139e-12
1.29466e-12
1.32381e-12
1.40488e-12
1.51999e-12
2.79651e-19
1.26011e-15
1.16703e-12
1.81654e-10
4.78454e-09
3.50582e-08
3.04996e-08
1.2661e-08
3.38069e-09
6.64109e-10
1.04557e-10
1.55793e-11
2.89019e-12
5.43909e-13
1.47173e-13
8.43415e-14
7.96187e-14
8.62776e-14
9.59574e-14
1.06051e-13
5.96587e-20
3.47261e-16
3.60731e-13
5.98346e-11
1.6581e-09
1.27673e-08
9.61552e-09
3.31003e-09
7.15272e-10
1.07209e-10
1.26077e-11
1.41932e-12
2.04688e-13
3.02677e-14
6.75015e-15
4.37301e-15
4.67318e-15
5.27897e-15
6.12343e-15
6.92052e-15
6.91465e-20
2.63725e-16
1.96122e-13
1.99782e-11
4.90822e-10
3.235e-09
2.06868e-09
5.78548e-10
9.43962e-11
1.03671e-11
9.0031e-13
7.53556e-14
9.03604e-15
1.07817e-15
2.28336e-16
2.1319e-16
2.57058e-16
2.96064e-16
3.51018e-16
4.02364e-16
