0.0647539
0.173462
0.260155
0.344673
0.435501
0.536686
0.648059
0.76579
0.883321
0.993803
1.09312
1.17944
1.2558
1.32483
1.39028
1.45307
1.50021
1.51795
1.55196
1.62309
0.0111294
0.0319399
0.0502944
0.0701776
0.0940052
0.122961
0.157006
0.194499
0.231487
0.263669
0.28956
0.311178
0.330061
0.345672
0.35826
0.372072
0.386578
0.391699
0.40045
0.422036
0.00231784
0.0068982
0.0112747
0.0166248
0.0239356
0.0340013
0.0467621
0.0608777
0.0736099
0.0833556
0.0903399
0.0954924
0.0998001
0.10336
0.1062
0.108527
0.111621
0.113687
0.116141
0.121203
0.000416152
0.00138123
0.00249676
0.00402744
0.00637503
0.0100062
0.0149253
0.0202662
0.024465
0.0269553
0.0284196
0.0292526
0.0297949
0.0303023
0.0308218
0.031195
0.0317925
0.0323783
0.0329714
0.0338793
1.9302e-05
0.000130002
0.000404695
0.00090279
0.00172329
0.00307174
0.00497064
0.00686458
0.00805749
0.00849046
0.00857359
0.00850437
0.00837217
0.00826726
0.00822696
0.00821373
0.00825626
0.00835398
0.00850069
0.00862438
3.67076e-07
6.27148e-06
4.4744e-05
0.000174816
0.000463479
0.00097951
0.00170368
0.00232467
0.00257344
0.00256782
0.00246539
0.0023292
0.00218906
0.00207184
0.00199829
0.00195484
0.00192774
0.00192391
0.00195528
0.00197473
1.59388e-08
3.88814e-07
5.0225e-06
3.28642e-05
0.000125114
0.000325295
0.000595536
0.000771615
0.000793183
0.000747626
0.000677289
0.00060244
0.000531822
0.000475608
0.000439003
0.000416556
0.000401968
0.000394607
0.000398848
0.000402008
8.84089e-10
3.28105e-08
6.95928e-07
6.85595e-06
3.52909e-05
0.000113305
0.000209611
0.000247216
0.000236574
0.000208767
0.000174435
0.000143663
0.000117726
9.79514e-05
8.53878e-05
7.77031e-05
7.30453e-05
7.07081e-05
7.10717e-05
7.14869e-05
5.67618e-11
3.21605e-09
1.07077e-07
1.54871e-06
1.05464e-05
4.0431e-05
7.19614e-05
7.67677e-05
6.86343e-05
5.58429e-05
4.23168e-05
3.1478e-05
2.34873e-05
1.79416e-05
1.46041e-05
1.26309e-05
1.15136e-05
1.09952e-05
1.09933e-05
1.10172e-05
3.464e-12
3.47908e-10
1.73707e-08
3.58091e-07
3.15311e-06
1.46072e-05
2.38108e-05
2.33475e-05
1.93612e-05
1.42699e-05
9.64259e-06
6.37292e-06
4.25656e-06
2.93125e-06
2.19692e-06
1.78588e-06
1.56492e-06
1.47246e-06
1.46825e-06
1.46813e-06
1.74477e-13
3.00505e-11
2.87895e-09
8.75945e-08
1.00447e-06
5.31111e-06
7.6081e-06
6.9593e-06
5.27315e-06
3.41773e-06
1.99935e-06
1.14436e-06
6.73506e-07
4.09573e-07
2.77787e-07
2.10759e-07
1.77476e-07
1.64575e-07
1.64331e-07
1.64543e-07
1.02645e-14
2.83285e-12
4.67632e-10
2.03293e-08
3.10721e-07
1.87119e-06
2.37791e-06
2.03875e-06
1.36442e-06
7.56891e-07
3.75931e-07
1.8273e-07
9.26946e-08
4.8646e-08
2.95044e-08
2.08478e-08
1.69583e-08
1.55917e-08
1.57062e-08
1.58273e-08
6.63796e-16
2.804e-13
7.98594e-11
4.79972e-09
9.31362e-08
6.30262e-07
7.34929e-07
5.81011e-07
3.32894e-07
1.55402e-07
6.41941e-08
2.5827e-08
1.11103e-08
4.91252e-09
2.62066e-09
1.72178e-09
1.36624e-09
1.26059e-09
1.29363e-09
1.32042e-09
4.68193e-17
2.98741e-14
1.40144e-11
1.17232e-09
2.72525e-08
2.04386e-07
2.25243e-07
1.60131e-07
7.66039e-08
2.94627e-08
9.85116e-09
3.19408e-09
1.14729e-09
4.16543e-10
1.9188e-10
1.18228e-10
9.41498e-11
8.83139e-11
9.1876e-11
9.60653e-11
3.5452e-18
3.55021e-15
2.51602e-12
2.95622e-10
7.82189e-09
6.51511e-08
6.84669e-08
4.22785e-08
1.6647e-08
5.14673e-09
1.34667e-09
3.42515e-10
1.01044e-10
2.92553e-11
1.14201e-11
6.79895e-12
5.71906e-12
5.59208e-12
5.84977e-12
6.28165e-12
3.13434e-19
5.73081e-16
5.08814e-13
7.34156e-11
2.19117e-09
2.04303e-08
2.04602e-08
1.06373e-08
3.43136e-09
8.52831e-10
1.74865e-10
3.42366e-11
8.05561e-12
1.86564e-12
6.12926e-13
3.55941e-13
3.20951e-13
3.35015e-13
3.55868e-13
3.88231e-13
3.19195e-20
9.46223e-17
1.0561e-13
1.95386e-11
6.54131e-10
6.36465e-09
5.9496e-09
2.54748e-09
6.65963e-10
1.30093e-10
2.03941e-11
3.01972e-12
5.60782e-13
1.01389e-13
2.74957e-14
1.67003e-14
1.67536e-14
1.85949e-14
2.04466e-14
2.26754e-14
4.27005e-21
1.9583e-17
2.50616e-14
5.35282e-12
1.98397e-10
2.00914e-09
1.67113e-09
5.79773e-10
1.20852e-10
1.80174e-11
2.11344e-12
2.33826e-13
3.37101e-14
4.78059e-15
1.07072e-15
7.50255e-16
8.41059e-16
9.68345e-16
1.11033e-15
1.2549e-15
7.02946e-22
4.76252e-18
6.72364e-15
1.50711e-12
5.85983e-11
6.26972e-10
4.39006e-10
1.22304e-10
2.00839e-11
2.22019e-12
1.90368e-13
1.5622e-14
1.69983e-15
1.87489e-16
3.70771e-17
3.44137e-17
4.16828e-17
4.82631e-17
5.74652e-17
6.62986e-17
5.29073e-22
2.80212e-18
2.96647e-15
4.33223e-13
1.5377e-11
1.43001e-10
8.2622e-11
1.81726e-11
2.20335e-12
1.74942e-13
1.09869e-14
6.64736e-16
5.83445e-17
5.19448e-18
1.16289e-18
1.62247e-18
1.97286e-18
2.26567e-18
2.75494e-18
3.22119e-18
