0.0606754
0.162791
0.245091
0.326274
0.414421
0.513445
0.623111
0.739562
0.856184
0.966016
1.06483
1.15073
1.22674
1.29549
1.36077
1.42351
1.47067
1.48839
1.52239
1.5934
0.00784739
0.0229938
0.0370536
0.0530534
0.0730074
0.0979777
0.128011
0.161646
0.195163
0.224413
0.247852
0.26727
0.28413
0.298058
0.309351
0.321881
0.335189
0.339846
0.347793
0.367743
0.00103125
0.00326344
0.00570227
0.00901289
0.013894
0.0210031
0.0304079
0.0411141
0.0508623
0.058224
0.0633266
0.0669136
0.0698149
0.0721917
0.0741163
0.075705
0.0779474
0.0794631
0.0812439
0.0851735
9.126e-05
0.000367859
0.000795905
0.00149687
0.00269734
0.00472125
0.00765389
0.0109651
0.0135623
0.0149993
0.0157277
0.0160269
0.016135
0.0162493
0.0164179
0.0165378
0.0168071
0.0171045
0.017406
0.0179436
1.7021e-06
1.71975e-05
7.69686e-05
0.000228229
0.000539395
0.00112548
0.00203336
0.00298357
0.00356345
0.0037255
0.00369546
0.00358355
0.00344025
0.00332082
0.00325113
0.00320874
0.00319865
0.00322228
0.00327059
0.00332217
5.89874e-08
5.80008e-07
5.44293e-06
3.08476e-05
0.000110084
0.000285738
0.000563894
0.000814592
0.000904465
0.000884661
0.000824382
0.000750926
0.000677435
0.000616882
0.000578376
0.000554366
0.000538825
0.000532375
0.000538144
0.00054326
3.87642e-09
3.08331e-08
4.42737e-07
4.30981e-06
2.32624e-05
7.7198e-05
0.000161092
0.000217665
0.000220742
0.000201714
0.000175128
0.000148016
0.000123247
0.000104165
9.21336e-05
8.47375e-05
8.00856e-05
7.7352e-05
7.74535e-05
7.789e-05
2.68984e-10
2.10266e-09
4.62406e-08
6.93965e-07
5.24358e-06
2.21882e-05
4.64673e-05
5.58076e-05
5.19681e-05
4.39256e-05
3.46195e-05
2.66551e-05
2.02304e-05
1.56018e-05
1.28254e-05
1.11864e-05
1.02322e-05
9.69166e-06
9.61685e-06
9.63378e-06
1.90739e-11
1.64383e-10
5.60074e-09
1.23795e-07
1.26556e-06
6.56452e-06
1.30074e-05
1.38e-05
1.18594e-05
9.09841e-06
6.38221e-06
4.3561e-06
2.95434e-06
2.0487e-06
1.54649e-06
1.26788e-06
1.11713e-06
1.03979e-06
1.02464e-06
1.0218e-06
1.33508e-12
1.35999e-11
7.25097e-10
2.27149e-08
3.05488e-07
1.96729e-06
3.47912e-06
3.33351e-06
2.61863e-06
1.78278e-06
1.09064e-06
6.47951e-07
3.85997e-07
2.3588e-07
1.61188e-07
1.22963e-07
1.03641e-07
9.49859e-08
9.35162e-08
9.31629e-08
9.3658e-14
1.01304e-12
1.03972e-10
4.67325e-09
7.9297e-08
5.91988e-07
8.9162e-07
7.87319e-07
5.53891e-07
3.22585e-07
1.66185e-07
8.35325e-08
4.30338e-08
2.26109e-08
1.37369e-08
9.73173e-09
7.91494e-09
7.20628e-09
7.16495e-09
7.18098e-09
6.69143e-15
7.57219e-14
1.35025e-11
8.69621e-10
1.98615e-08
1.71322e-07
2.22622e-07
1.82248e-07
1.10139e-07
5.31657e-08
2.25436e-08
9.36709e-09
4.0809e-09
1.79774e-09
9.58818e-10
6.33366e-10
5.0497e-10
4.63764e-10
4.72409e-10
4.80145e-10
4.864e-16
5.90234e-15
1.85829e-12
1.65117e-10
4.79975e-09
4.69607e-08
5.49112e-08
4.08304e-08
2.04222e-08
8.01713e-09
2.73226e-09
9.10556e-10
3.30148e-10
1.18985e-10
5.48949e-11
3.41853e-11
2.73796e-11
2.5905e-11
2.74306e-11
2.84966e-11
3.57814e-17
4.90232e-16
2.63612e-13
3.24867e-11
1.12841e-09
1.22903e-08
1.3422e-08
8.7848e-09
3.53522e-09
1.10383e-09
2.93353e-10
7.60644e-11
2.26254e-11
6.50705e-12
2.56804e-12
1.56334e-12
1.3228e-12
1.31189e-12
1.43127e-12
1.53509e-12
2.65261e-18
4.49605e-17
3.83793e-14
6.60792e-12
2.59781e-10
3.14543e-09
3.24931e-09
1.79423e-09
5.72627e-10
1.38761e-10
2.77689e-11
5.44107e-12
1.30816e-12
2.92519e-13
9.95668e-14
6.46214e-14
6.1839e-14
6.51923e-14
7.1253e-14
7.85194e-14
1.97867e-19
5.43389e-18
6.27348e-15
1.31732e-12
5.81686e-11
7.89994e-10
7.71292e-10
3.46e-10
8.74323e-11
1.65181e-11
2.51029e-12
3.65289e-13
6.8549e-14
1.22337e-14
3.79268e-15
2.79781e-15
2.99283e-15
3.34464e-15
3.64415e-15
4.04896e-15
1.48538e-20
7.06778e-19
1.07227e-15
2.85125e-13
1.40106e-11
1.97066e-10
1.77343e-10
6.29859e-11
1.24893e-11
1.7995e-12
2.03569e-13
2.17768e-14
3.16247e-15
4.51584e-16
1.42601e-16
1.31768e-16
1.50999e-16
1.72338e-16
1.90926e-16
2.13477e-16
1.12438e-21
1.18109e-19
2.10656e-16
6.36117e-14
3.43208e-12
4.997e-11
3.91652e-11
1.08288e-11
1.66054e-12
1.77363e-13
1.46956e-14
1.15213e-15
1.27443e-16
1.54335e-17
6.11513e-18
6.99775e-18
8.00417e-18
9.06159e-18
1.0309e-17
1.16287e-17
8.62083e-23
2.41163e-20
4.70918e-17
1.46312e-14
8.23517e-13
1.26886e-11
8.09945e-12
1.73031e-12
2.03245e-13
1.56519e-14
9.31413e-16
5.35513e-17
4.42215e-18
5.03842e-19
3.18563e-19
4.05048e-19
4.45495e-19
4.96043e-19
5.7808e-19
6.5918e-19
7.65094e-24
1.01117e-20
1.57397e-17
3.41775e-15
1.81747e-13
2.49097e-12
1.26572e-12
2.06633e-13
1.75495e-14
9.55676e-16
4.15446e-17
1.76393e-18
1.18971e-19
1.71009e-20
1.85853e-20
2.31353e-20
2.44074e-20
2.70688e-20
3.18805e-20
3.65492e-20
