0.0465427
0.125497
0.191927
0.260542
0.337917
0.427342
0.52841
0.637262
0.747272
0.851295
0.944833
1.02585
1.09726
1.16193
1.22384
1.28397
1.3295
1.34647
1.37885
1.44495
0.00235238
0.00762413
0.0135427
0.0213908
0.0323344
0.0470943
0.0658183
0.0875992
0.109715
0.128921
0.143805
0.155464
0.165067
0.172838
0.179293
0.186875
0.195379
0.198218
0.202927
0.215837
9.62463e-05
0.000386111
0.000839693
0.00164318
0.00309794
0.00551911
0.00905135
0.0133357
0.0172817
0.0200777
0.0217228
0.0225671
0.0230479
0.0233754
0.0236749
0.0239344
0.0245148
0.0249329
0.0253697
0.0267508
6.99287e-06
2.62724e-05
5.97861e-05
0.000137329
0.000324479
0.00071422
0.00137173
0.00218071
0.00280424
0.00307261
0.00311695
0.00303233
0.00289585
0.00278023
0.0027094
0.00265748
0.00264414
0.00265992
0.00267529
0.00276558
6.3308e-07
2.12595e-06
4.67473e-06
1.27267e-05
3.86942e-05
0.000104939
0.000229004
0.000371224
0.000449209
0.000450897
0.000419783
0.00037703
0.000331885
0.000294906
0.000271071
0.000255451
0.000245616
0.000241827
0.000241121
0.000244863
4.84442e-08
1.49281e-07
2.92709e-07
9.95496e-07
4.74391e-06
1.69821e-05
4.07148e-05
6.33715e-05
6.82193e-05
6.20374e-05
5.28164e-05
4.32972e-05
3.46494e-05
2.80677e-05
2.4118e-05
2.16956e-05
2.01595e-05
1.92757e-05
1.90497e-05
1.91882e-05
3.47666e-09
1.05039e-08
1.91035e-08
7.04211e-08
5.72913e-07
2.94453e-06
7.46591e-06
1.037e-05
9.69498e-06
7.99048e-06
6.15983e-06
4.55992e-06
3.26708e-06
2.38775e-06
1.90403e-06
1.63094e-06
1.4749e-06
1.37688e-06
1.34886e-06
1.3542e-06
2.47747e-10
7.44958e-10
1.3522e-09
5.62292e-09
7.08336e-08
5.43509e-07
1.36342e-06
1.57563e-06
1.29551e-06
9.55796e-07
6.46017e-07
4.2423e-07
2.70584e-07
1.77322e-07
1.3134e-07
1.08019e-07
9.61134e-08
8.92167e-08
8.76553e-08
8.81608e-08
1.76915e-11
5.30988e-11
9.85069e-11
5.60954e-10
1.04597e-08
1.03146e-07
2.35388e-07
2.24587e-07
1.64234e-07
1.05726e-07
6.11542e-08
3.47216e-08
1.95908e-08
1.15514e-08
8.06187e-09
6.48614e-09
5.76891e-09
5.43045e-09
5.42947e-09
5.5008e-09
1.26509e-12
3.81569e-12
7.1554e-12
5.66625e-11
1.51446e-09
1.97514e-08
3.76168e-08
3.07408e-08
1.97694e-08
1.07729e-08
5.21896e-09
2.53321e-09
1.26995e-09
6.8025e-10
4.58548e-10
3.69075e-10
3.33043e-10
3.23473e-10
3.33632e-10
3.42812e-10
9.10147e-14
2.75426e-13
5.31418e-13
6.9029e-12
2.39105e-10
3.75096e-09
5.59744e-09
4.065e-09
2.23233e-09
9.84321e-10
3.87124e-10
1.59396e-10
7.26594e-11
3.63903e-11
2.47382e-11
2.06332e-11
1.92327e-11
1.93908e-11
2.07229e-11
2.16359e-11
6.60076e-15
1.99516e-14
3.94775e-14
7.41113e-13
3.59505e-11
6.70526e-10
7.98166e-10
5.21973e-10
2.31986e-10
8.03297e-11
2.54326e-11
8.9566e-12
3.83628e-12
1.90198e-12
1.37282e-12
1.20981e-12
1.16815e-12
1.21449e-12
1.33797e-12
1.41547e-12
4.83004e-16
1.45384e-15
2.95418e-15
8.19032e-14
5.16007e-12
1.10739e-10
1.11796e-10
6.41888e-11
2.21054e-11
5.95923e-12
1.51902e-12
4.67601e-13
1.99865e-13
1.0447e-13
8.22228e-14
7.61169e-14
7.52914e-14
7.97792e-14
8.97039e-14
9.58414e-14
3.56058e-17
1.06843e-16
2.21577e-16
9.41743e-15
7.13579e-13
1.7083e-11
1.5483e-11
7.48876e-12
1.94548e-12
4.05573e-13
8.36998e-14
2.36986e-14
1.08295e-14
6.21231e-15
5.31712e-15
5.10296e-15
5.16563e-15
5.46198e-15
6.08355e-15
6.58292e-15
2.64048e-18
7.91271e-18
1.67117e-17
1.12411e-15
9.60914e-14
2.5408e-12
2.11981e-12
8.17974e-13
1.59511e-13
2.55624e-14
4.34446e-15
1.22397e-15
6.26744e-16
3.98554e-16
3.63834e-16
3.59157e-16
3.73127e-16
3.91724e-16
4.21716e-16
4.59484e-16
1.96797e-19
5.89622e-19
1.30525e-18
1.30726e-16
1.24836e-14
3.68997e-13
2.83927e-13
8.34609e-14
1.23795e-14
1.56349e-15
2.31679e-16
6.92449e-17
3.9123e-17
2.70544e-17
2.56507e-17
2.5736e-17
2.70368e-17
2.88073e-17
3.05635e-17
3.32075e-17
1.47379e-20
4.41592e-20
1.0654e-19
1.69804e-17
1.77862e-15
5.32927e-14
3.66653e-14
7.99211e-15
9.03645e-16
9.00456e-17
1.23887e-17
4.19776e-18
2.53766e-18
1.86141e-18
1.81924e-18
1.83987e-18
1.92401e-18
2.06576e-18
2.21741e-18
2.41473e-18
1.10846e-21
3.3232e-21
9.51104e-21
2.29104e-18
2.58974e-16
7.87828e-15
4.51521e-15
7.21494e-16
6.19267e-17
4.8821e-18
6.78645e-19
2.69628e-19
1.69504e-19
1.26095e-19
1.28285e-19
1.30548e-19
1.34689e-19
1.44616e-19
1.58679e-19
1.74127e-19
8.36882e-23
2.51184e-22
9.79559e-22
3.2166e-19
3.72973e-17
1.18671e-15
5.20107e-16
6.1022e-17
3.97978e-18
2.52483e-19
3.87594e-20
1.78759e-20
1.17398e-20
8.58981e-21
8.96895e-21
9.24745e-21
9.41024e-21
1.00215e-20
1.12046e-20
1.24286e-20
6.34179e-24
1.90649e-23
1.27357e-22
4.42624e-20
5.15458e-18
1.53529e-16
4.97132e-17
4.31016e-18
2.06616e-19
1.13218e-20
2.13582e-21
1.1117e-21
7.58698e-22
5.6367e-22
5.99383e-22
6.19521e-22
6.19525e-22
6.56419e-22
7.38166e-22
8.23283e-22
