0.052221
0.144971
0.220861
0.287222
0.348148
0.406372
0.463814
0.521762
0.581085
0.642595
0.706651
0.773466
0.843249
0.915783
0.990852
1.06819
1.14727
1.22756
1.30851
1.38942
1.46987
1.54928
1.62669
1.70224
1.77631
1.84751
1.91361
1.97559
2.0359
2.09321
2.14873
2.20232
2.2526
2.30049
2.34734
2.39448
2.44255
2.48993
2.53464
2.57579
2.61228
2.64162
2.66095
2.66907
2.69076
2.73748
2.79129
2.84559
2.89853
2.94782
0.0210544
0.0595366
0.0916221
0.120147
0.146649
0.172156
0.197518
0.223265
0.249797
0.2776
0.306981
0.338089
0.371158
0.406414
0.443768
0.483095
0.524441
0.567467
0.611651
0.656632
0.701992
0.747101
0.79164
0.835314
0.877696
0.918555
0.958338
0.994786
1.02796
1.05886
1.08809
1.11796
1.14586
1.17194
1.19854
1.22649
1.25394
1.28034
1.30643
1.32942
1.35118
1.36992
1.38207
1.38531
1.39055
1.41326
1.447
1.48338
1.52075
1.55788
0.008871
0.0252272
0.0390751
0.0516249
0.0635631
0.0753787
0.0874499
0.100023
0.113289
0.127509
0.142821
0.159325
0.177172
0.196439
0.217119
0.239195
0.262587
0.287116
0.312493
0.338321
0.364318
0.39007
0.414827
0.438655
0.461642
0.48336
0.504038
0.524041
0.542508
0.559193
0.574895
0.590574
0.605402
0.619009
0.632364
0.645611
0.659755
0.674364
0.688885
0.702576
0.71432
0.7249
0.732743
0.73531
0.73387
0.740623
0.758692
0.779359
0.800834
0.820711
0.00361632
0.0103769
0.0162211
0.0216413
0.0269584
0.0324151
0.0381702
0.0443636
0.0511391
0.0586192
0.0668907
0.0760707
0.0862334
0.0973713
0.10954
0.122746
0.136814
0.151611
0.166958
0.182492
0.197998
0.2132
0.22759
0.240863
0.253131
0.264416
0.275104
0.285522
0.295313
0.304055
0.311992
0.319911
0.32738
0.334012
0.340388
0.346645
0.352604
0.359189
0.366901
0.374809
0.381952
0.388056
0.392264
0.394166
0.393798
0.396491
0.405721
0.41746
0.429659
0.439972
0.00145815
0.00421723
0.00664167
0.00894152
0.0112657
0.013734
0.0164337
0.0194443
0.0228548
0.0267558
0.0312122
0.036311
0.0421137
0.0486194
0.0558741
0.0638612
0.0724456
0.0815164
0.0908912
0.100251
0.109425
0.118237
0.126488
0.134055
0.140765
0.146632
0.151889
0.15692
0.161706
0.166314
0.170685
0.174889
0.178728
0.182119
0.185347
0.188274
0.191016
0.19379
0.19687
0.200472
0.204385
0.20796
0.210483
0.211603
0.210951
0.211586
0.216237
0.222945
0.229818
0.23509
0.000581506
0.00168509
0.00266253
0.00362372
0.00462366
0.00570959
0.00694604
0.00837813
0.0100514
0.012037
0.014398
0.0171791
0.0204288
0.0241993
0.028489
0.0332658
0.0385032
0.0440809
0.049802
0.0554795
0.0609631
0.0661077
0.0708352
0.0750033
0.0785602
0.0817415
0.0842546
0.0864126
0.0887104
0.0907812
0.0927349
0.0947551
0.0966703
0.098352
0.09993
0.101413
0.102659
0.103798
0.105186
0.107001
0.108911
0.110624
0.111979
0.1127
0.11222
0.112135
0.114392
0.118096
0.121887
0.124546
0.000228539
0.00066833
0.00106362
0.0014584
0.00187936
0.00235203
0.00290556
0.00356813
0.00437371
0.00536859
0.00659235
0.00808903
0.0099016
0.0120514
0.0145587
0.01742
0.0205753
0.0239416
0.027407
0.0307665
0.0339201
0.0368056
0.0393398
0.0416161
0.0435633
0.0451291
0.0464215
0.047427
0.0483579
0.0493455
0.050285
0.051114
0.0518853
0.0526328
0.0533316
0.0539976
0.0545369
0.0549572
0.0553666
0.0559729
0.0569009
0.0579074
0.0587057
0.0591554
0.0588819
0.0586248
0.0596698
0.0616339
0.0634957
0.0646118
8.64048e-05
0.000259105
0.000421103
0.000583685
0.000763879
0.000976403
0.00122716
0.00153428
0.00192351
0.00241816
0.00304905
0.00385498
0.0048638
0.0060871
0.00755062
0.00925398
0.0111488
0.0131725
0.0152308
0.0171976
0.0189792
0.0205107
0.0217894
0.0228774
0.0237987
0.0245007
0.0250145
0.0254129
0.025732
0.0260886
0.0264887
0.0268062
0.0270676
0.0273668
0.0276599
0.0279378
0.0282271
0.0284419
0.0285853
0.0287252
0.0289883
0.0294374
0.0298756
0.0301518
0.0300354
0.0298306
0.0302706
0.0312364
0.0320536
0.0324281
2.97012e-05
9.01969e-05
0.000150061
0.000216452
0.000295185
0.000390845
0.000508557
0.000656583
0.00084715
0.00109583
0.00142287
0.00185436
0.00241287
0.00310985
0.00396217
0.00496485
0.00608247
0.00727703
0.00847752
0.00958787
0.0105723
0.0113886
0.0120123
0.0125024
0.0128905
0.0131775
0.0133582
0.0134531
0.0135092
0.0135871
0.0137022
0.013781
0.0138258
0.0138913
0.0139644
0.0140405
0.0141306
0.0142136
0.014263
0.014303
0.014402
0.0146038
0.0148356
0.0149871
0.014946
0.0148449
0.015047
0.0155158
0.0158666
0.0159785
8.23772e-06
2.59854e-05
4.57183e-05
7.07882e-05
0.000103788
0.000146574
0.00020178
0.000273699
0.000368442
0.000494369
0.000664185
0.000895524
0.00120466
0.00160077
0.00209543
0.002684
0.00333976
0.00403189
0.00471592
0.00532631
0.00584814
0.0062644
0.00655132
0.00674738
0.0068804
0.00696404
0.00700944
0.00701349
0.00698513
0.0069631
0.00696308
0.00695028
0.00692123
0.00690616
0.00689971
0.00689964
0.00690895
0.00692113
0.00692376
0.00691526
0.00692372
0.00699164
0.00709725
0.00717531
0.00716295
0.00711094
0.00719948
0.00741387
0.00755033
0.00756885
1.85897e-06
6.18472e-06
1.18158e-05
2.02664e-05
3.30279e-05
5.12904e-05
7.665e-05
0.000111356
0.000158702
0.000222887
0.000311481
0.000435996
0.000607501
0.000833044
0.00112019
0.00146478
0.00184697
0.00224348
0.00262615
0.00295432
0.00321805
0.00341376
0.00353265
0.00359529
0.00362424
0.00362669
0.00361102
0.00358387
0.00354054
0.00349674
0.00346517
0.00342855
0.00338546
0.00335229
0.0033264
0.00330717
0.00329525
0.00328884
0.00328089
0.00326562
0.00325031
0.00326341
0.00330623
0.00334151
0.00333578
0.00330881
0.00334423
0.00343491
0.0034815
0.00347572
4.03397e-07
1.36142e-06
2.74816e-06
5.2007e-06
9.57228e-06
1.67483e-05
2.78285e-05
4.42306e-05
6.78176e-05
0.000100735
0.000147284
0.000214688
0.000310296
0.000439226
0.000606303
0.000807713
0.00102875
0.0012532
0.00146358
0.00163496
0.00176187
0.00184486
0.0018849
0.00189373
0.00188546
0.0018652
0.00183574
0.0018026
0.00176361
0.0017238
0.0016903
0.00165529
0.00161802
0.00158764
0.00156236
0.00154203
0.0015273
0.00151741
0.00150865
0.00149675
0.00148337
0.00148118
0.00149614
0.00151284
0.00151163
0.00149848
0.00151157
0.00154767
0.00156146
0.00155402
1.082e-07
3.42008e-07
6.59074e-07
1.28049e-06
2.59806e-06
5.15446e-06
9.67516e-06
1.71381e-05
2.87531e-05
4.57102e-05
7.04189e-05
0.000107225
0.000160875
0.000234933
0.00033251
0.000450087
0.000577
0.000702455
0.000815556
0.000901411
0.000958643
0.000989175
0.000996887
0.00098888
0.000971996
0.000949786
0.000923279
0.000895451
0.000865854
0.000836251
0.000810039
0.000784088
0.000757544
0.000735494
0.000716974
0.000701565
0.000689576
0.000680532
0.000673176
0.000665524
0.000657249
0.000652529
0.000655963
0.000663233
0.000663346
0.000657018
0.000661499
0.000675179
0.000678576
0.000674114
3.4469e-08
1.02545e-07
1.79819e-07
3.29219e-07
6.93734e-07
1.53528e-06
3.26837e-06
6.51639e-06
1.21188e-05
2.0848e-05
3.41104e-05
5.44358e-05
8.48228e-05
0.000127593
0.000184798
0.000253292
0.000325719
0.000394819
0.000453588
0.00049413
0.000517635
0.000525997
0.000522848
0.000512329
0.000497321
0.000479794
0.000460413
0.000440687
0.000420509
0.000400705
0.000382698
0.000365327
0.000348245
0.000334011
0.000322174
0.000312279
0.000304241
0.000297843
0.000292654
0.000288138
0.000283611
0.000279932
0.000279936
0.000282575
0.000282468
0.00027943
0.000280704
0.000285516
0.000286018
0.000283963
1.14757e-08
3.34219e-08
5.51371e-08
9.27717e-08
1.91855e-07
4.60075e-07
1.10391e-06
2.48091e-06
5.12947e-06
9.60182e-06
1.6772e-05
2.8107e-05
4.55024e-05
7.03593e-05
0.000104124
0.000143947
0.000184842
0.000222137
0.000251037
0.000268705
0.000276935
0.000277201
0.000271905
0.00026317
0.000252189
0.000239998
0.000227164
0.000214462
0.000201756
0.000189438
0.000178137
0.000167349
0.000157084
0.000148593
0.000141569
0.000135743
0.000130889
0.00012693
0.000123728
0.000121211
0.000118893
0.000116704
0.000116154
0.000117139
0.000117049
0.000115591
0.000115818
0.000117353
0.000117197
0.000116388
3.8977e-09
1.12093e-08
1.7954e-08
2.87645e-08
5.7922e-08
1.44663e-07
3.83836e-07
9.62164e-07
2.16478e-06
4.40089e-06
8.25178e-06
1.45596e-05
2.44874e-05
3.90297e-05
5.87427e-05
8.1784e-05
0.000104859
0.000124474
0.000138216
0.000145234
0.000146957
0.000144966
0.000140421
0.000134046
0.000126671
0.000118951
0.000110895
0.000103082
9.56014e-05
8.8417e-05
8.18268e-05
7.56577e-05
6.99002e-05
6.51068e-05
6.11521e-05
5.79487e-05
5.52293e-05
5.29789e-05
5.12147e-05
4.98476e-05
4.86394e-05
4.74903e-05
4.70229e-05
4.72753e-05
4.71449e-05
4.64553e-05
4.64536e-05
4.69794e-05
4.6816e-05
4.64835e-05
1.30693e-09
3.77404e-09
5.93921e-09
8.89377e-09
1.67302e-08
4.33379e-08
1.26943e-07
3.5575e-07
9.00148e-07
2.00269e-06
4.04556e-06
7.59091e-06
1.33053e-05
2.17991e-05
3.33395e-05
4.66555e-05
5.94699e-05
6.94758e-05
7.56847e-05
7.79133e-05
7.75057e-05
7.53758e-05
7.19806e-05
6.77492e-05
6.30764e-05
5.8305e-05
5.35123e-05
4.89321e-05
4.46129e-05
4.05808e-05
3.69348e-05
3.35548e-05
3.04571e-05
2.78998e-05
2.5795e-05
2.40915e-05
2.26818e-05
2.15181e-05
2.05884e-05
1.98804e-05
1.92954e-05
1.87322e-05
1.84143e-05
1.84449e-05
1.83873e-05
1.81072e-05
1.80489e-05
1.81873e-05
1.81038e-05
1.79938e-05
4.40395e-10
1.27896e-09
2.01122e-09
2.90178e-09
5.11655e-09
1.34814e-08
4.34635e-08
1.36042e-07
3.82418e-07
9.29528e-07
2.02257e-06
4.02727e-06
7.35835e-06
1.2301e-05
1.91097e-05
2.67497e-05
3.36274e-05
3.85645e-05
4.10461e-05
4.14065e-05
4.05674e-05
3.89015e-05
3.6638e-05
3.39791e-05
3.10974e-05
2.82266e-05
2.54479e-05
2.28407e-05
2.04363e-05
1.82629e-05
1.6329e-05
1.45504e-05
1.29526e-05
1.16518e-05
1.05885e-05
9.73103e-06
9.03462e-06
8.46535e-06
8.00529e-06
7.65819e-06
7.38868e-06
7.13572e-06
6.96217e-06
6.93571e-06
6.9062e-06
6.79528e-06
6.75648e-06
6.78447e-06
6.74459e-06
6.71016e-06
1.48199e-10
4.33837e-10
6.90036e-10
9.71783e-10
1.59949e-09
4.22885e-09
1.51623e-08
5.33705e-08
1.65665e-07
4.39875e-07
1.02832e-06
2.16724e-06
4.11875e-06
7.04585e-06
1.10592e-05
1.53593e-05
1.89614e-05
2.12365e-05
2.20601e-05
2.18611e-05
2.11e-05
1.99406e-05
1.84916e-05
1.68691e-05
1.51475e-05
1.34572e-05
1.1892e-05
1.04527e-05
9.15545e-06
8.02374e-06
7.03482e-06
6.14087e-06
5.34993e-06
4.72346e-06
4.21726e-06
3.80722e-06
3.48083e-06
3.21818e-06
3.00547e-06
2.84452e-06
2.72398e-06
2.61763e-06
2.53409e-06
2.50673e-06
2.49106e-06
2.4455e-06
2.42925e-06
2.43681e-06
2.41854e-06
2.40822e-06
5.10993e-11
1.49214e-10
2.36674e-10
3.30494e-10
5.26444e-10
1.3914e-09
5.41989e-09
2.11571e-08
7.23156e-08
2.07171e-07
5.19136e-07
1.16251e-06
2.301e-06
4.03489e-06
6.39185e-06
8.8005e-06
1.06145e-05
1.15698e-05
1.17805e-05
1.14793e-05
1.09027e-05
1.01518e-05
9.2653e-06
8.2911e-06
7.29047e-06
6.34331e-06
5.48342e-06
4.70863e-06
4.036e-06
3.46705e-06
2.97599e-06
2.54349e-06
2.17079e-06
1.87524e-06
1.63997e-06
1.45504e-06
1.3091e-06
1.19252e-06
1.09959e-06
1.02951e-06
9.76582e-07
9.32027e-07
8.96205e-07
8.82073e-07
8.75503e-07
8.57965e-07
8.48644e-07
8.48069e-07
8.41116e-07
8.37288e-07
1.72992e-11
5.09384e-11
8.18925e-11
1.13376e-10
1.69463e-10
4.32706e-10
1.86712e-09
8.28886e-09
3.15729e-08
9.82228e-08
2.63757e-07
6.26737e-07
1.29204e-06
2.30747e-06
3.6843e-06
5.00086e-06
5.88115e-06
6.2683e-06
6.25393e-06
5.99219e-06
5.60522e-06
5.13081e-06
4.59713e-06
4.03539e-06
3.46918e-06
2.94359e-06
2.48222e-06
2.08191e-06
1.74131e-06
1.46068e-06
1.22701e-06
1.02537e-06
8.54502e-07
7.21959e-07
6.18354e-07
5.37696e-07
4.75182e-07
4.26206e-07
3.87408e-07
3.58247e-07
3.3641e-07
3.19011e-07
3.04457e-07
2.97484e-07
2.95009e-07
2.8874e-07
2.85119e-07
2.84304e-07
2.81735e-07
2.80528e-07
5.96544e-12
1.75883e-11
2.83461e-11
3.92411e-11
5.6712e-11
1.39193e-10
6.51793e-10
3.27075e-09
1.37828e-08
4.65689e-08
1.33975e-07
3.36616e-07
7.22897e-07
1.32337e-06
2.11548e-06
2.82126e-06
3.23075e-06
3.36171e-06
3.29611e-06
3.11136e-06
2.86231e-06
2.57407e-06
2.26234e-06
1.94117e-06
1.62831e-06
1.348e-06
1.10667e-06
9.03308e-07
7.37492e-07
6.04013e-07
4.95037e-07
4.04092e-07
3.28897e-07
2.71209e-07
2.27112e-07
1.93603e-07
1.67802e-07
1.47921e-07
1.32592e-07
1.21082e-07
1.12432e-07
1.05822e-07
1.0034e-07
9.7374e-08
9.6326e-08
9.40768e-08
9.27057e-08
9.23314e-08
9.14217e-08
9.10002e-08
2.03035e-12
6.03093e-12
9.84915e-12
1.36512e-11
1.89525e-11
4.33149e-11
2.19764e-10
1.2607e-09
5.9968e-09
2.21048e-08
6.81166e-08
1.8192e-07
4.06027e-07
7.5617e-07
1.20874e-06
1.57683e-06
1.75794e-06
1.79206e-06
1.72746e-06
1.6048e-06
1.45193e-06
1.27978e-06
1.09979e-06
9.22104e-07
7.53315e-07
6.05542e-07
4.83112e-07
3.83521e-07
3.04153e-07
2.42477e-07
1.93835e-07
1.54132e-07
1.22139e-07
9.82482e-08
8.03336e-08
6.69347e-08
5.6872e-08
4.92747e-08
4.34779e-08
3.91828e-08
3.59768e-08
3.3596e-08
3.16886e-08
3.05451e-08
3.01468e-08
2.94661e-08
2.89819e-08
2.8803e-08
2.85196e-08
2.83933e-08
7.018e-13
2.08948e-12
3.42211e-12
4.76227e-12
6.48911e-12
1.39231e-11
7.56195e-11
4.92628e-10
2.58619e-09
1.04469e-08
3.46161e-08
9.75551e-08
2.26813e-07
4.32198e-07
6.85604e-07
8.72306e-07
9.48024e-07
9.47623e-07
9.00015e-07
8.23806e-07
7.31364e-07
6.30843e-07
5.29405e-07
4.31975e-07
3.42912e-07
2.67917e-07
2.07174e-07
1.59369e-07
1.22926e-07
9.53124e-08
7.41e-08
5.7405e-08
4.42868e-08
3.46681e-08
2.76449e-08
2.25281e-08
1.87217e-08
1.59046e-08
1.38223e-08
1.22895e-08
1.11487e-08
1.03213e-08
9.67549e-09
9.2829e-09
9.15461e-09
8.93575e-09
8.78182e-09
8.73075e-09
8.64171e-09
8.60165e-09
2.40026e-13
7.17922e-13
1.18883e-12
1.66275e-12
2.22817e-12
4.32149e-12
2.4393e-11
1.82538e-10
1.10399e-09
4.91677e-09
1.75052e-08
5.25725e-08
1.268e-07
2.45679e-07
3.8577e-07
4.78246e-07
5.07464e-07
4.98496e-07
4.66142e-07
4.19635e-07
3.65615e-07
3.07854e-07
2.51155e-07
1.99225e-07
1.53356e-07
1.1579e-07
8.66864e-08
6.45987e-08
4.81607e-08
3.62036e-08
2.73509e-08
2.05611e-08
1.53902e-08
1.17246e-08
9.10665e-09
7.23673e-09
5.88904e-09
4.91275e-09
4.19805e-09
3.68385e-09
3.30789e-09
3.0379e-09
2.83562e-09
2.70361e-09
2.65774e-09
2.60214e-09
2.55581e-09
2.53858e-09
2.51573e-09
2.50565e-09
8.31284e-14
2.4937e-13
4.1338e-13
5.80506e-13
7.74336e-13
1.40952e-12
8.11798e-12
6.94029e-11
4.66237e-10
2.2883e-09
8.80219e-09
2.79318e-08
7.01829e-08
1.3838e-07
2.14635e-07
2.59227e-07
2.69653e-07
2.60684e-07
2.40306e-07
2.12626e-07
1.81358e-07
1.48815e-07
1.17823e-07
9.04525e-08
6.73311e-08
4.91818e-08
3.55368e-08
2.55584e-08
1.8452e-08
1.34345e-08
9.83482e-09
7.17912e-09
5.21519e-09
3.85617e-09
2.91456e-09
2.26156e-09
1.798e-09
1.46944e-09
1.23642e-09
1.07071e-09
9.5086e-10
8.66748e-10
8.05404e-10
7.66754e-10
7.54385e-10
7.38514e-10
7.2559e-10
7.21429e-10
7.15449e-10
7.12792e-10
2.86562e-14
8.60385e-14
1.43554e-13
2.02417e-13
2.69331e-13
4.50773e-13
2.53337e-12
2.47255e-11
1.93619e-10
1.05891e-09
4.39564e-09
1.48733e-08
3.87225e-08
7.75312e-08
1.18237e-07
1.39361e-07
1.42331e-07
1.35626e-07
1.23038e-07
1.06823e-07
8.90836e-08
7.10333e-08
5.43743e-08
4.03117e-08
2.8946e-08
2.03366e-08
1.41628e-08
9.82108e-09
6.81704e-09
4.7889e-09
3.3949e-09
2.39704e-09
1.68321e-09
1.20833e-09
8.88239e-10
6.71441e-10
5.22793e-10
4.1984e-10
3.47748e-10
2.97807e-10
2.62668e-10
2.38287e-10
2.20962e-10
2.09478e-10
2.05734e-10
2.02382e-10
1.99245e-10
1.98409e-10
1.97263e-10
1.96795e-10
9.97925e-15
3.00036e-14
5.00017e-14
7.05452e-14
9.40651e-14
1.51815e-13
8.4733e-13
9.25595e-12
8.05427e-11
4.83674e-10
2.16905e-09
7.77408e-09
2.10613e-08
4.25983e-08
6.42478e-08
7.41763e-08
7.46972e-08
7.02014e-08
6.2661e-08
5.32425e-08
4.32792e-08
3.34652e-08
2.47466e-08
1.76736e-08
1.22046e-08
8.25295e-09
5.5225e-09
3.67911e-09
2.45863e-09
1.6649e-09
1.13953e-09
7.78636e-10
5.29267e-10
3.68e-10
2.62887e-10
1.93998e-10
1.4783e-10
1.16571e-10
9.53227e-11
8.08745e-11
7.08693e-11
6.41132e-11
5.94596e-11
5.64584e-11
5.55872e-11
5.48733e-11
5.41285e-11
5.39881e-11
5.37886e-11
5.37241e-11
3.47079e-15
1.04232e-14
1.74117e-14
2.46006e-14
3.2717e-14
5.00608e-14
2.6511e-13
3.28048e-12
3.2737e-11
2.2051e-10
1.07254e-09
4.07222e-09
1.14059e-08
2.33573e-08
3.45846e-08
3.91892e-08
3.89663e-08
3.6157e-08
3.16717e-08
2.62723e-08
2.07418e-08
1.55032e-08
1.10384e-08
7.57988e-09
5.02367e-09
3.25111e-09
2.08653e-09
1.33253e-09
8.51068e-10
5.52501e-10
3.64989e-10
2.40829e-10
1.57631e-10
1.06258e-10
7.38716e-11
5.31878e-11
3.98106e-11
3.0992e-11
2.50941e-11
2.11764e-11
1.85464e-11
1.67966e-11
1.56165e-11
1.49123e-11
1.47917e-11
1.46885e-11
1.4546e-11
1.45648e-11
1.45611e-11
1.45711e-11
1.21553e-15
3.65224e-15
6.08784e-15
8.57835e-15
1.1408e-14
1.72397e-14
9.15087e-14
1.24032e-12
1.36919e-11
9.95957e-11
5.19738e-10
2.10399e-09
6.10639e-09
1.25204e-08
1.8359e-08
2.05948e-08
2.02471e-08
1.85396e-08
1.59103e-08
1.28293e-08
9.80671e-09
7.05821e-09
4.83778e-09
3.19215e-09
2.02487e-09
1.25542e-09
7.70737e-10
4.70196e-10
2.87257e-10
1.78977e-10
1.1366e-10
7.23944e-11
4.58592e-11
2.99404e-11
2.02342e-11
1.42735e-11
1.05245e-11
8.10611e-12
6.53323e-12
5.51442e-12
4.84093e-12
4.41101e-12
4.13546e-12
3.96425e-12
3.94882e-12
3.95779e-12
3.93995e-12
3.95717e-12
3.9702e-12
3.98201e-12
4.26686e-16
1.2817e-15
2.13434e-15
3.0061e-15
3.99736e-15
5.87107e-15
2.99931e-14
4.6057e-13
5.50497e-12
4.40486e-11
2.49852e-10
1.06201e-09
3.22096e-09
6.71066e-09
9.68096e-09
1.07277e-08
1.04514e-08
9.41643e-09
7.92215e-09
6.21796e-09
4.5888e-09
3.18512e-09
2.10029e-09
1.32377e-09
8.04307e-10
4.78973e-10
2.80317e-10
1.63047e-10
9.56527e-11
5.70308e-11
3.47541e-11
2.14467e-11
1.31555e-11
8.31931e-12
5.49308e-12
3.81534e-12
2.77433e-12
2.1248e-12
1.71704e-12
1.45448e-12
1.28365e-12
1.17883e-12
1.11353e-12
1.08435e-12
1.09757e-12
1.10376e-12
1.10135e-12
1.10937e-12
1.11591e-12
1.12086e-12
1.49715e-16
4.49388e-16
7.48707e-16
1.05163e-15
1.38962e-15
2.00224e-15
1.00035e-14
1.65335e-13
2.24631e-12
1.96382e-11
1.19238e-10
5.43838e-10
1.70159e-09
3.58162e-09
5.07445e-09
5.56143e-09
5.36722e-09
4.75724e-09
3.90833e-09
2.975e-09
2.11714e-09
1.40975e-09
8.88072e-10
5.35735e-10
3.10945e-10
1.75793e-10
9.80883e-11
5.44081e-11
3.02643e-11
1.72184e-11
1.008e-11
5.99013e-12
3.54293e-12
2.18244e-12
1.41322e-12
9.70523e-13
7.07326e-13
5.46939e-13
4.46867e-13
3.84263e-13
3.4478e-13
3.21205e-13
3.0783e-13
3.01145e-13
3.06293e-13
3.1203e-13
3.13409e-13
3.17069e-13
3.20208e-13
3.22473e-13
5.27053e-17
1.58157e-16
2.63328e-16
3.69407e-16
4.85981e-16
6.90948e-16
3.45243e-15
6.31711e-14
9.28237e-13
8.75913e-12
5.69742e-11
2.73916e-10
8.88806e-10
1.85683e-09
2.6355e-09
2.87358e-09
2.74695e-09
2.39269e-09
1.91215e-09
1.40402e-09
9.62515e-10
6.13304e-10
3.68846e-10
2.12818e-10
1.17639e-10
6.3229e-11
3.34573e-11
1.76253e-11
9.32617e-12
5.05597e-12
2.83527e-12
1.62966e-12
9.35615e-13
5.63383e-13
3.60437e-13
2.4767e-13
1.82235e-13
1.4326e-13
1.19498e-13
1.04879e-13
9.58421e-14
9.07501e-14
8.82184e-14
8.7272e-14
8.93568e-14
9.16548e-14
9.24374e-14
9.37991e-14
9.50143e-14
9.58688e-14
1.85655e-17
5.56777e-17
9.27317e-17
1.29983e-16
1.69672e-16
2.34426e-16
1.14295e-15
2.36768e-14
3.83017e-13
3.93582e-12
2.74786e-11
1.38528e-10
4.62786e-10
9.7158e-10
1.36801e-09
1.48123e-09
1.40118e-09
1.19613e-09
9.25508e-10
6.53877e-10
4.29326e-10
2.61088e-10
1.49351e-10
8.21226e-11
4.30997e-11
2.18519e-11
1.09566e-11
5.46275e-12
2.72626e-12
1.40223e-12
7.55059e-13
4.19863e-13
2.33596e-13
1.3911e-13
8.92452e-14
6.22231e-14
4.70602e-14
3.81739e-14
3.27718e-14
2.95239e-14
2.76046e-14
2.65188e-14
2.61186e-14
2.60651e-14
2.68223e-14
2.77016e-14
2.80187e-14
2.85143e-14
2.89622e-14
2.92772e-14
6.55031e-18
1.9648e-17
3.27124e-17
4.58037e-17
5.96318e-17
8.15708e-17
4.07671e-16
9.24539e-15
1.63459e-13
1.76951e-12
1.29857e-11
6.95301e-11
2.39766e-10
5.02593e-10
7.08615e-10
7.64899e-10
7.11986e-10
5.94055e-10
4.43395e-10
3.00278e-10
1.8846e-10
1.09232e-10
5.95525e-11
3.11305e-11
1.54591e-11
7.40964e-12
3.507e-12
1.65055e-12
7.79498e-13
3.81972e-13
1.97003e-13
1.06299e-13
5.82636e-14
3.46487e-14
2.25547e-14
1.62308e-14
1.27327e-14
1.06778e-14
9.4483e-15
8.73212e-15
8.32399e-15
8.11498e-15
8.08643e-15
8.03405e-15
8.22968e-15
8.57797e-15
8.71704e-15
8.89348e-15
9.05296e-15
9.16657e-15
2.3131e-18
6.93778e-18
1.15514e-17
1.61727e-17
2.10168e-17
2.83448e-17
1.39458e-16
3.5718e-15
6.72896e-14
7.82531e-13
6.11465e-12
3.4161e-11
1.22662e-10
2.5737e-10
3.6405e-10
3.91621e-10
3.59398e-10
2.92694e-10
2.11041e-10
1.36742e-10
8.19665e-11
4.52837e-11
2.34933e-11
1.16269e-11
5.46568e-12
2.47995e-12
1.10307e-12
4.90127e-13
2.2019e-13
1.02659e-13
5.08765e-14
2.69411e-14
1.46995e-14
8.85676e-15
5.9543e-15
4.47671e-15
3.6554e-15
3.16534e-15
2.87772e-15
2.71453e-15
2.62815e-15
2.59185e-15
2.60941e-15
2.58163e-15
2.62203e-15
2.74046e-15
2.78552e-15
2.84372e-15
2.89916e-15
2.93858e-15
8.17476e-19
2.45154e-18
4.08298e-18
5.71724e-18
7.40584e-18
9.75973e-18
4.65249e-17
1.37403e-15
2.86433e-14
3.54382e-13
2.92272e-12
1.70106e-11
6.27523e-11
1.33502e-10
1.87686e-10
2.00212e-10
1.80441e-10
1.42724e-10
9.89577e-11
6.13232e-11
3.5002e-11
1.83621e-11
9.0139e-12
4.21542e-12
1.86485e-12
7.9142e-13
3.31217e-13
1.38599e-13
5.8596e-14
2.60141e-14
1.25241e-14
6.56487e-15
3.61122e-15
2.2682e-15
1.60844e-15
1.27417e-15
1.08982e-15
9.75459e-16
9.07136e-16
8.69542e-16
8.52656e-16
8.44648e-16
8.52957e-16
8.45849e-16
8.56569e-16
8.94891e-16
9.07985e-16
9.26337e-16
9.44312e-16
9.5768e-16
2.89175e-19
8.6747e-19
1.44474e-18
2.02204e-18
2.61728e-18
3.42445e-18
1.66427e-17
5.41676e-16
1.2388e-14
1.59895e-13
1.37493e-12
8.43377e-12
3.20572e-11
6.85119e-11
9.70795e-11
1.02501e-10
8.98874e-11
6.88077e-11
4.56584e-11
2.70013e-11
1.47036e-11
7.32631e-12
3.40641e-12
1.50407e-12
6.23953e-13
2.48184e-13
9.74108e-14
3.83577e-14
1.53483e-14
6.53782e-15
3.07276e-15
1.61615e-15
9.20105e-16
6.1062e-16
4.59671e-16
3.82181e-16
3.38789e-16
3.11017e-16
2.93899e-16
2.84352e-16
2.80264e-16
2.78096e-16
2.80231e-16
2.78697e-16
2.83219e-16
2.96181e-16
3.0062e-16
3.06612e-16
3.12577e-16
3.17146e-16
1.02384e-19
3.07103e-19
5.11554e-19
7.16064e-19
9.26031e-19
1.20066e-18
5.73484e-18
2.12315e-16
5.17278e-15
7.10219e-14
6.44858e-13
4.10979e-12
1.62255e-11
3.49547e-11
4.98011e-11
5.2051e-11
4.44646e-11
3.28745e-11
2.09054e-11
1.17589e-11
6.10195e-12
2.89237e-12
1.27297e-12
5.28552e-13
2.05984e-13
7.6985e-14
2.82281e-14
1.04709e-14
3.99906e-15
1.64272e-15
7.63764e-16
4.12086e-16
2.46713e-16
1.73907e-16
1.38692e-16
1.19913e-16
1.08888e-16
1.01867e-16
9.73186e-17
9.45895e-17
9.34601e-17
9.28107e-17
9.33853e-17
9.27715e-17
9.45713e-17
9.90545e-17
1.00443e-16
1.02421e-16
1.04504e-16
1.06098e-16
3.62788e-20
1.08809e-19
1.81282e-19
2.53948e-19
3.28252e-19
4.19444e-19
1.88681e-18
8.24942e-17
2.2486e-15
3.26425e-14
3.10279e-13
2.04051e-12
8.24309e-12
1.81504e-11
2.56464e-11
2.63333e-11
2.18796e-11
1.54818e-11
9.38641e-12
5.02599e-12
2.47551e-12
1.1119e-12
4.60677e-13
1.79656e-13
6.52779e-14
2.26243e-14
7.77836e-15
2.71537e-15
9.83964e-16
3.9476e-16
1.86688e-16
1.05723e-16
6.76978e-17
5.11583e-17
4.29904e-17
3.83346e-17
3.5496e-17
3.36911e-17
3.2429e-17
3.15905e-17
3.12691e-17
3.10469e-17
3.11747e-17
3.09944e-17
3.16974e-17
3.31933e-17
3.36019e-17
3.42415e-17
3.49252e-17
3.54772e-17
1.28634e-20
3.85919e-20
6.42987e-20
9.00431e-20
1.16443e-19
1.48582e-19
6.90628e-19
3.295e-17
9.95219e-16
1.49557e-14
1.46679e-13
1.01222e-12
4.2044e-12
9.36841e-12
1.32568e-11
1.32861e-11
1.06419e-11
7.19531e-12
4.14214e-12
2.11002e-12
9.87218e-13
4.19947e-13
1.63938e-13
6.00012e-14
2.03075e-14
6.55944e-15
2.10954e-15
6.95682e-16
2.42443e-16
9.68066e-17
4.73449e-17
2.85315e-17
1.96888e-17
1.57647e-17
1.37429e-17
1.2517e-17
1.17262e-17
1.11886e-17
1.08166e-17
1.05527e-17
1.04335e-17
1.03454e-17
1.0378e-17
1.03388e-17
1.06183e-17
1.11386e-17
1.12882e-17
1.15049e-17
1.17355e-17
1.19281e-17
4.56438e-21
1.36931e-20
2.28187e-20
3.19532e-20
4.13122e-20
5.25881e-20
2.46797e-19
1.3099e-17
4.25881e-16
6.74442e-15
6.90326e-14
4.95497e-13
2.13408e-12
4.7681e-12
6.78718e-12
6.65054e-12
5.11468e-12
3.32477e-12
1.81734e-12
8.76347e-13
3.8977e-13
1.56846e-13
5.75563e-14
1.97279e-14
6.23733e-15
1.88301e-15
5.64699e-16
1.77161e-16
6.04095e-17
2.44558e-17
1.26285e-17
8.17494e-18
6.02244e-18
5.04114e-18
4.51409e-18
4.17072e-18
3.93435e-18
3.76134e-18
3.64358e-18
3.55196e-18
3.50461e-18
3.47314e-18
3.48358e-18
3.46683e-18
3.57322e-18
3.75552e-18
3.80488e-18
3.87824e-18
3.95884e-18
4.02603e-18
1.62091e-21
4.8622e-21
8.1046e-21
1.13616e-20
1.46927e-20
1.85406e-20
8.10625e-20
5.14608e-18
1.87769e-16
3.18201e-15
3.39536e-14
2.48279e-13
1.09108e-12
2.49164e-12
3.47825e-12
3.30574e-12
2.44398e-12
1.5115e-12
7.82695e-13
3.57596e-13
1.50302e-13
5.67894e-14
1.94422e-14
6.21343e-15
1.81975e-15
5.07067e-16
1.43276e-16
4.29503e-17
1.44925e-17
6.14884e-18
3.46519e-18
2.41469e-18
1.86468e-18
1.62771e-18
1.49253e-18
1.39856e-18
1.33169e-18
1.27245e-18
1.2331e-18
1.19978e-18
1.17905e-18
1.16734e-18
1.17144e-18
1.16487e-18
1.20216e-18
1.26199e-18
1.27524e-18
1.29808e-18
1.32412e-18
1.34706e-18
5.75901e-22
1.728e-21
2.88024e-21
4.03748e-21
5.22625e-21
6.61178e-21
3.128e-20
2.12374e-18
8.52737e-17
1.49482e-15
1.63221e-14
1.24102e-13
5.58685e-13
1.30835e-12
1.78546e-12
1.63105e-12
1.15268e-12
6.75184e-13
3.32029e-13
1.43901e-13
5.7076e-14
2.02474e-14
6.47637e-15
1.92398e-15
5.22197e-16
1.35639e-16
3.61546e-17
1.05014e-17
3.60847e-18
1.6465e-18
1.00972e-18
7.46866e-19
5.96555e-19
5.33997e-19
4.96525e-19
4.69524e-19
4.50636e-19
4.31477e-19
4.17838e-19
4.05575e-19
3.96812e-19
3.91373e-19
3.91732e-19
3.91142e-19
4.05128e-19
4.24909e-19
4.2931e-19
4.36685e-19
4.45131e-19
4.52985e-19
2.04741e-22
6.14364e-22
1.02422e-21
1.43521e-21
1.85849e-21
2.35547e-21
1.18077e-20
8.72982e-19
3.791e-17
6.92095e-16
7.77256e-15
6.13643e-14
2.84763e-13
6.66338e-13
9.07608e-13
7.97084e-13
5.34066e-13
2.99141e-13
1.39779e-13
5.72316e-14
2.14772e-14
7.1526e-15
2.1342e-15
5.90927e-16
1.49032e-16
3.62091e-17
9.12348e-18
2.61873e-18
9.43465e-19
4.69284e-19
3.11256e-19
2.40194e-19
1.95766e-19
1.78523e-19
1.67479e-19
1.59202e-19
1.53283e-19
1.47236e-19
1.42425e-19
1.37798e-19
1.34107e-19
1.31876e-19
1.31518e-19
1.31407e-19
1.3688e-19
1.43708e-19
1.45174e-19
1.47578e-19
1.504e-19
1.53084e-19
7.28387e-23
2.18544e-22
3.64417e-22
5.10809e-22
6.61095e-22
8.3729e-22
4.36335e-21
3.58303e-19
1.65016e-17
3.18775e-16
3.71852e-15
3.01002e-14
1.44435e-13
3.40653e-13
4.57055e-13
3.86728e-13
2.45283e-13
1.31079e-13
5.83157e-14
2.25585e-14
7.96864e-15
2.49601e-15
6.95475e-16
1.78118e-16
4.19067e-17
9.5844e-18
2.30036e-18
6.66347e-19
2.5931e-19
1.41047e-19
9.97948e-20
7.95772e-20
6.54993e-20
6.0513e-20
5.70685e-20
5.43718e-20
5.2491e-20
5.06127e-20
4.88688e-20
4.7117e-20
4.56447e-20
4.48142e-20
4.45288e-20
4.44674e-20
4.64944e-20
4.88331e-20
4.9236e-20
5.00115e-20
5.09945e-20
5.19151e-20
2.59274e-23
7.7796e-23
1.29738e-22
1.82059e-22
2.35859e-22
2.98452e-22
1.59621e-21
1.4421e-19
7.40066e-18
1.53291e-16
1.8302e-15
1.49827e-14
7.29437e-14
1.77082e-13
2.28347e-13
1.8471e-13
1.11309e-13
5.62137e-14
2.37246e-14
8.68501e-15
2.87491e-15
8.37748e-16
2.15923e-16
5.11705e-17
1.10969e-17
2.35715e-18
5.53322e-19
1.67768e-19
7.2574e-20
4.35803e-20
3.24879e-20
2.6482e-20
2.18875e-20
2.05373e-20
1.94892e-20
1.86084e-20
1.80128e-20
1.74289e-20
1.67734e-20
1.61203e-20
1.55759e-20
1.52738e-20
1.5125e-20
1.51561e-20
1.578e-20
1.64055e-20
1.65298e-20
1.67787e-20
1.70736e-20
1.7374e-20
9.23326e-24
2.77105e-23
4.62168e-23
6.48432e-23
8.41217e-23
1.07005e-22
6.40967e-22
6.14241e-20
3.38952e-18
7.24358e-17
8.73811e-16
7.33118e-15
3.61594e-14
8.91406e-14
1.1159e-13
8.55782e-14
4.89664e-14
2.33898e-14
9.36428e-15
3.24239e-15
1.00711e-15
2.72452e-16
6.49117e-17
1.4236e-17
2.85532e-18
5.71509e-19
1.33527e-19
4.38945e-20
2.13393e-20
1.38718e-20
1.06427e-20
8.77801e-21
7.31135e-21
6.93803e-21
6.64036e-21
6.36577e-21
6.16199e-21
5.95459e-21
5.71621e-21
5.48074e-21
5.28186e-21
5.16289e-21
5.10368e-21
5.11549e-21
5.3111e-21
5.48859e-21
5.52516e-21
5.59756e-21
5.68799e-21
5.78883e-21
3.29002e-24
9.87425e-24
1.64724e-23
2.31054e-23
2.99849e-23
3.80588e-23
2.24574e-22
2.42794e-20
1.49354e-18
3.32895e-17
4.02491e-16
3.40242e-15
1.67206e-14
4.02498e-14
5.00564e-14
3.64724e-14
1.97291e-14
8.98004e-15
3.40203e-15
1.11054e-15
3.23028e-16
8.09897e-17
1.78023e-17
3.61651e-18
6.72144e-19
1.28314e-19
3.06214e-20
1.13519e-20
6.21414e-21
4.27661e-21
3.34397e-21
2.78859e-21
2.36202e-21
2.27253e-21
2.19752e-21
2.11231e-21
2.04349e-21
1.96652e-21
1.87714e-21
1.78989e-21
1.71949e-21
1.67611e-21
1.65019e-21
1.65081e-21
1.71284e-21
1.76299e-21
1.76989e-21
1.78861e-21
1.81579e-21
1.84839e-21
1.17534e-24
3.52894e-24
5.89073e-24
8.2671e-24
1.07032e-23
1.48268e-23
3.00525e-22
2.9026e-20
1.11019e-18
1.6553e-17
1.62584e-16
1.22488e-15
5.18733e-15
1.158e-14
1.41503e-14
9.77926e-15
4.95098e-15
2.12972e-15
7.54908e-16
2.3139e-16
6.01048e-17
1.38575e-17
2.78803e-18
5.12157e-19
8.65635e-20
1.61493e-20
4.15958e-21
1.88901e-21
1.18552e-21
8.56151e-22
6.9185e-22
5.94486e-22
5.28916e-22
5.29392e-22
5.13467e-22
4.90381e-22
4.70905e-22
4.4602e-22
4.16592e-22
3.91271e-22
3.74152e-22
3.64125e-22
3.55142e-22
3.55174e-22
3.74107e-22
3.81634e-22
3.76675e-22
3.78207e-22
3.84519e-22
3.93511e-22
