0.0556041
0.154164
0.23443
0.304196
0.367812
0.428149
0.487234
0.546443
0.606696
0.668836
0.733271
0.800242
0.869969
0.942271
1.01695
1.09375
1.17219
1.25174
1.33188
1.41195
1.49152
1.57005
1.64658
1.72128
1.79449
1.86487
1.93022
1.9915
2.05111
2.10772
2.16254
2.21547
2.26518
2.31254
2.35886
2.40545
2.45293
2.4997
2.54384
2.58444
2.62045
2.64941
2.66852
2.67657
2.69791
2.7438
2.79665
2.84998
2.90197
2.95043
0.0260121
0.0732571
0.112254
0.146471
0.177777
0.207394
0.23631
0.265142
0.294362
0.324496
0.355887
0.388706
0.423205
0.459633
0.497913
0.537934
0.579761
0.623077
0.667379
0.712335
0.757552
0.802427
0.846663
0.889984
0.931987
0.972452
1.01182
1.0479
1.08074
1.11131
1.14022
1.16971
1.19727
1.22303
1.24926
1.27676
1.30374
1.32966
1.35525
1.3778
1.39911
1.41746
1.42937
1.4326
1.43776
1.45985
1.49265
1.52801
1.56436
1.60063
0.0136772
0.0386086
0.0593269
0.0776578
0.0946157
0.110883
0.126972
0.143223
0.15987
0.17721
0.195405
0.214559
0.234834
0.256313
0.278991
0.30285
0.327818
0.353729
0.380299
0.407148
0.43402
0.460517
0.485912
0.510304
0.533792
0.555966
0.577071
0.597471
0.616315
0.633358
0.649388
0.665346
0.680414
0.694228
0.707735
0.721089
0.735282
0.749887
0.764363
0.777979
0.78965
0.800145
0.80793
0.810541
0.80923
0.815901
0.833574
0.853747
0.874702
0.894139
0.0074133
0.0210231
0.0324446
0.0426427
0.0522212
0.061596
0.0710234
0.0807109
0.0908531
0.101593
0.113021
0.125262
0.138381
0.152349
0.167219
0.182986
0.199448
0.21647
0.23387
0.25128
0.268498
0.285256
0.301049
0.315588
0.329021
0.341386
0.353105
0.364518
0.37526
0.384892
0.393663
0.402366
0.410548
0.417801
0.424729
0.431478
0.43788
0.444886
0.452999
0.461262
0.468699
0.475043
0.479433
0.481473
0.48121
0.484031
0.493398
0.505224
0.517462
0.527791
0.00415412
0.0118175
0.0182744
0.0240803
0.0296028
0.0351004
0.0407386
0.046653
0.0529762
0.0598227
0.0672558
0.0753646
0.0841971
0.0937172
0.103956
0.11487
0.126276
0.138042
0.14996
0.161676
0.173027
0.183844
0.193927
0.20316
0.211377
0.218614
0.225143
0.231412
0.237403
0.243183
0.248673
0.253933
0.258726
0.262951
0.266933
0.270522
0.273861
0.277204
0.280856
0.285046
0.289534
0.293604
0.29649
0.29783
0.297232
0.298037
0.303171
0.310448
0.317827
0.323451
0.00238064
0.00675036
0.0104097
0.0137621
0.0169852
0.0202098
0.0235973
0.0272333
0.0311887
0.0355769
0.0404747
0.0459103
0.0519182
0.0585455
0.0657449
0.0734323
0.0815571
0.0899452
0.0983311
0.106496
0.114285
0.121542
0.128198
0.13409
0.139183
0.143789
0.147533
0.150842
0.154337
0.157541
0.160579
0.163666
0.16657
0.169115
0.171475
0.173661
0.175506
0.177188
0.179159
0.181637
0.184196
0.186471
0.18827
0.189267
0.188779
0.188784
0.191643
0.196187
0.20075
0.203913
0.00140349
0.00398871
0.00614038
0.00809389
0.00997151
0.0118669
0.0138761
0.0160732
0.0185313
0.0213375
0.0245445
0.0281995
0.03234
0.036962
0.0420558
0.047579
0.0534036
0.0593921
0.0653733
0.0710532
0.0763281
0.081143
0.0854004
0.0892659
0.0926421
0.0954536
0.0978635
0.0998607
0.101763
0.103757
0.105664
0.107375
0.108961
0.110456
0.111834
0.113116
0.11417
0.115017
0.115826
0.116911
0.118447
0.120064
0.121343
0.122093
0.121783
0.121505
0.123106
0.125962
0.128594
0.130147
0.000823142
0.00237651
0.00368828
0.00484016
0.0059542
0.00710984
0.00832157
0.00965712
0.0111968
0.0129879
0.0150889
0.0175643
0.0204322
0.0236727
0.0273011
0.03128
0.0354847
0.0397881
0.0440275
0.0479991
0.0515725
0.0546695
0.0573156
0.0596339
0.0616706
0.0633303
0.0646671
0.0658096
0.0668237
0.0679173
0.0690785
0.070066
0.070923
0.0718025
0.0726301
0.0733963
0.0741494
0.0747357
0.0751691
0.0755807
0.0762074
0.0771483
0.0780378
0.0786135
0.078476
0.0781866
0.0790445
0.0807801
0.0821952
0.0828316
0.000449889
0.00129973
0.00202736
0.0027083
0.00339203
0.00410617
0.00487622
0.00573698
0.0067318
0.00790658
0.00931075
0.0109966
0.0129897
0.0152815
0.0178764
0.0207263
0.0237243
0.0267868
0.029765
0.0324751
0.0348798
0.036916
0.0385494
0.0399174
0.0410877
0.0420519
0.0427945
0.0433586
0.0438471
0.0443938
0.0450205
0.0455462
0.04597
0.0464043
0.046822
0.0472182
0.0476189
0.0479775
0.0482364
0.048458
0.0488099
0.0493871
0.0500077
0.0504223
0.0503866
0.0502161
0.0507327
0.0518098
0.052581
0.052822
0.000210012
0.0006174
0.000988608
0.00136954
0.00178115
0.00222939
0.00272866
0.00329718
0.00395912
0.00474479
0.00569431
0.00685443
0.00825015
0.00987676
0.0117352
0.0137798
0.015916
0.0180659
0.0201235
0.0219405
0.0235133
0.0248179
0.0257987
0.0265624
0.027181
0.0276787
0.0280818
0.028378
0.0285903
0.0288264
0.0291246
0.0293717
0.0295512
0.0297401
0.0299266
0.0301079
0.0302953
0.0304711
0.0305985
0.0306765
0.0307981
0.0310939
0.0314857
0.0317758
0.0317846
0.0316744
0.0319812
0.0326309
0.0330252
0.033078
7.81565e-05
0.000239904
0.000408258
0.000607331
0.000847331
0.00112657
0.00145126
0.00183057
0.00227737
0.00280796
0.00345347
0.00425531
0.00523573
0.0063934
0.00772572
0.00919033
0.0107049
0.0122011
0.0136034
0.0148038
0.0157972
0.0165869
0.0171438
0.0175355
0.0178333
0.0180493
0.0182099
0.0183358
0.0184075
0.0184803
0.0185983
0.0186869
0.0187342
0.018793
0.0188566
0.0189256
0.0190061
0.0190929
0.0191572
0.0191775
0.0191894
0.019314
0.0195475
0.0197355
0.0197489
0.019675
0.0198484
0.0202204
0.0204033
0.0203833
2.18231e-05
7.29555e-05
0.000139213
0.000233508
0.000364025
0.000530648
0.000735751
0.000985461
0.00128683
0.00164602
0.002085
0.00263853
0.00332637
0.00415
0.00510435
0.00614966
0.00721447
0.00824455
0.0091874
0.00996375
0.0105701
0.0110174
0.011305
0.0114779
0.0115914
0.0116577
0.0116881
0.0117056
0.0116975
0.0116855
0.0117031
0.0117052
0.011682
0.0116718
0.0116683
0.0116734
0.011694
0.0117284
0.0117561
0.0117546
0.0117371
0.0117793
0.0119098
0.0120385
0.0120603
0.012014
0.0121087
0.0123138
0.0123905
0.0123549
4.63424e-06
1.77897e-05
4.0399e-05
7.99279e-05
0.000143986
0.000236017
0.000359048
0.000518158
0.000718633
0.000961258
0.00125992
0.00164119
0.00212201
0.00270611
0.00338813
0.00413007
0.00487176
0.00557225
0.00619462
0.00668107
0.00703537
0.00727094
0.00740099
0.00745795
0.00747506
0.00746466
0.00743195
0.00739278
0.00734289
0.00729068
0.00725791
0.00722021
0.00716688
0.00712595
0.00709326
0.00706823
0.00705597
0.00705557
0.00705825
0.00704933
0.00702855
0.00703196
0.00709431
0.00717785
0.00719993
0.00717075
0.00722102
0.00733075
0.00735964
0.00733083
8.35661e-07
3.83521e-06
1.07735e-05
2.57202e-05
5.43208e-05
0.000101383
0.000171166
0.000268517
0.000398778
0.000561687
0.000765438
0.00102819
0.00136368
0.00177613
0.00226179
0.00278451
0.00329664
0.00376619
0.00416523
0.00445669
0.00465231
0.00476416
0.00480923
0.00481055
0.00478552
0.00474297
0.00468679
0.00462719
0.00456256
0.00449727
0.00444384
0.00439009
0.00432918
0.00427945
0.00423911
0.00420569
0.0041808
0.00416464
0.00415394
0.00414325
0.00412633
0.00411522
0.0041414
0.00419018
0.00420443
0.00418558
0.00421038
0.00426607
0.00427477
0.00425701
1.50553e-07
8.29974e-07
2.89832e-06
8.31163e-06
2.04153e-05
4.33227e-05
8.12427e-05
0.00013903
0.000221591
0.000329899
0.000468959
0.000650112
0.000884403
0.00117467
0.00152028
0.00188597
0.00223503
0.00254375
0.00278786
0.00295285
0.00305268
0.00309716
0.00310079
0.00307795
0.00303766
0.00298582
0.0029264
0.00286604
0.00280307
0.00273998
0.00268417
0.00262914
0.00257234
0.00252523
0.00248648
0.00245419
0.00242727
0.0024066
0.00239153
0.00238133
0.00236918
0.00235597
0.00236603
0.00239539
0.00240481
0.00239227
0.00240336
0.00242984
0.00243043
0.00242121
3.62558e-08
2.23131e-07
8.90733e-07
2.94079e-06
8.14054e-06
1.8948e-05
3.90536e-05
7.25862e-05
0.000122716
0.000192838
0.000287166
0.000411748
0.000574294
0.000778845
0.00102133
0.0012755
0.0015131
0.00171151
0.00185719
0.00194559
0.00198855
0.00199883
0.00198509
0.00195306
0.00191038
0.00186206
0.0018079
0.00175391
0.00170065
0.00164764
0.00159959
0.00155317
0.00150674
0.00146714
0.001434
0.00140715
0.00138368
0.00136448
0.0013508
0.00134152
0.00133195
0.00132113
0.00132376
0.00133921
0.00134385
0.0013355
0.00134065
0.00135432
0.00135309
0.001348
6.23848e-09
4.52146e-08
2.25575e-07
9.09338e-07
2.99577e-06
7.99077e-06
1.81725e-05
3.66983e-05
6.72445e-05
0.000112229
0.000175466
0.000261773
0.000374878
0.000518243
0.000687929
0.000863859
0.00102318
0.00114739
0.00123127
0.00127354
0.00128759
0.00128239
0.00126169
0.00122995
0.00119164
0.00114991
0.00110535
0.00106106
0.00101791
0.000976232
0.000938316
0.00090186
0.000866231
0.000835803
0.000810048
0.00078882
0.000770801
0.000755808
0.00074433
0.000736491
0.000729826
0.000721825
0.000720371
0.000727974
0.000731149
0.000726735
0.000728333
0.0007343
0.000733283
0.000731155
1.28033e-09
9.86883e-09
5.9311e-08
2.88651e-07
1.11924e-06
3.41464e-06
8.60962e-06
1.8913e-05
3.72956e-05
6.60748e-05
0.000108571
0.000168371
0.000247661
0.000347029
0.000466141
0.0005868
0.000690287
0.000766017
0.000810381
0.000827433
0.000828294
0.000817344
0.000796841
0.000769268
0.000736989
0.000702895
0.000667855
0.00063331
0.000600316
0.000569373
0.000541215
0.000514142
0.00048825
0.000466249
0.000447544
0.000431961
0.000418939
0.000408082
0.000399332
0.00039324
0.000388753
0.000383532
0.000381037
0.000384049
0.000385824
0.000383483
0.000383836
0.000386209
0.00038544
0.000384637
2.90922e-10
2.14993e-09
1.54142e-08
9.09634e-08
4.11964e-07
1.46106e-06
4.13608e-06
9.90348e-06
2.09108e-05
3.93737e-05
6.79095e-05
0.000109315
0.00016487
0.000234607
0.000317859
0.000399003
0.00046483
0.000508568
0.000529815
0.000534759
0.000530035
0.000517937
0.0004998
0.000477243
0.000451463
0.000424563
0.000398133
0.000372368
0.00034813
0.000326081
0.000306101
0.000287121
0.000269197
0.000254282
0.00024161
0.000230856
0.000222026
0.00021471
0.000208646
0.000204254
0.000201182
0.000198014
0.00019573
0.000196448
0.000197242
0.000195823
0.000195974
0.000197113
0.000196549
0.000196279
8.28469e-11
5.65377e-10
4.36439e-09
3.03846e-08
1.63453e-07
6.472e-07
2.00996e-06
5.21754e-06
1.17911e-05
2.33612e-05
4.22281e-05
7.0794e-05
0.000109613
0.00015862
0.000216599
0.000271004
0.000311474
0.000335054
0.000344662
0.000344013
0.000337304
0.000326366
0.000311597
0.000293726
0.000274014
0.000254128
0.000234811
0.000216192
0.000199201
0.000184114
0.000170456
0.000157753
0.00014603
0.000136146
0.000127807
0.000120906
0.000115233
0.00011052
0.000106645
0.000103778
0.00010171
9.97602e-05
9.82175e-05
9.83609e-05
9.87872e-05
9.80075e-05
9.78224e-05
9.81614e-05
9.7855e-05
9.7712e-05
2.26365e-11
1.21826e-10
9.84719e-10
8.49759e-09
5.6351e-08
2.67563e-07
9.49261e-07
2.7155e-06
6.6234e-06
1.39178e-05
2.63788e-05
4.60178e-05
7.31554e-05
0.000107093
0.000147285
0.000183016
0.000207265
0.000219874
0.000223193
0.000220276
0.000213783
0.000204518
0.000192905
0.00017953
0.000164976
0.000150456
0.000136733
0.000123905
0.000112277
0.000102113
9.31872e-05
8.50003e-05
7.75214e-05
7.12967e-05
6.60909e-05
6.17733e-05
5.82585e-05
5.53773e-05
5.29903e-05
5.11858e-05
4.98726e-05
4.87592e-05
4.77662e-05
4.76179e-05
4.78344e-05
4.7433e-05
4.72996e-05
4.74033e-05
4.72363e-05
4.71807e-05
7.28881e-12
3.3777e-11
2.64901e-10
2.64783e-09
2.06073e-08
1.11848e-07
4.49158e-07
1.41907e-06
3.71772e-06
8.28266e-06
1.64698e-05
2.98419e-05
4.87097e-05
7.24751e-05
9.99425e-05
0.000123042
0.000137136
0.00014326
0.000143756
0.000140457
0.000134803
0.000127466
0.000118718
0.000108825
9.83698e-05
8.82367e-05
7.87474e-05
7.0045e-05
6.2415e-05
5.58321e-05
5.01033e-05
4.49925e-05
4.04118e-05
3.65999e-05
3.34561e-05
3.08927e-05
2.87958e-05
2.70938e-05
2.57149e-05
2.46528e-05
2.38596e-05
2.32293e-05
2.26589e-05
2.24927e-05
2.25715e-05
2.23534e-05
2.2263e-05
2.22977e-05
2.22089e-05
2.21787e-05
2.30887e-12
8.60565e-12
5.65045e-11
6.8619e-10
6.71495e-09
4.43793e-08
2.05722e-07
7.25052e-07
2.08513e-06
4.93811e-06
1.02928e-05
1.9439e-05
3.25342e-05
4.89386e-05
6.76128e-05
8.22275e-05
9.01617e-05
9.29548e-05
9.2219e-05
8.91344e-05
8.46032e-05
7.89582e-05
7.24766e-05
6.54407e-05
5.8128e-05
5.11252e-05
4.47548e-05
3.9058e-05
3.41101e-05
2.99444e-05
2.64102e-05
2.33009e-05
2.05683e-05
1.83325e-05
1.65056e-05
1.50216e-05
1.3826e-05
1.28691e-05
1.20943e-05
1.1495e-05
1.10404e-05
1.06964e-05
1.03961e-05
1.02676e-05
1.02884e-05
1.01951e-05
1.0138e-05
1.0137e-05
1.00963e-05
1.00834e-05
7.81688e-13
2.6877e-12
1.50312e-11
2.06297e-10
2.37091e-09
1.78217e-08
9.41779e-08
3.724e-07
1.15694e-06
2.93105e-06
6.43168e-06
1.26036e-05
2.16617e-05
3.3071e-05
4.55501e-05
5.46e-05
5.89283e-05
5.9977e-05
5.8909e-05
5.63785e-05
5.28475e-05
4.86309e-05
4.3959e-05
3.89915e-05
3.39795e-05
2.93221e-05
2.51313e-05
2.14619e-05
1.83806e-05
1.58221e-05
1.36849e-05
1.18571e-05
1.02791e-05
8.99725e-06
7.96735e-06
7.14612e-06
6.48325e-06
5.95822e-06
5.54406e-06
5.22153e-06
4.97278e-06
4.78838e-06
4.63183e-06
4.55858e-06
4.56526e-06
4.51752e-06
4.48833e-06
4.48836e-06
4.46837e-06
4.46144e-06
2.58673e-13
8.14282e-13
3.08111e-12
4.57384e-11
6.85311e-10
6.53666e-09
4.09142e-08
1.83795e-07
6.3989e-07
1.7372e-06
4.00647e-06
8.20118e-06
1.44365e-05
2.22835e-05
3.05408e-05
3.60558e-05
3.83277e-05
3.85628e-05
3.74812e-05
3.54792e-05
3.28551e-05
2.97689e-05
2.6423e-05
2.3013e-05
1.96554e-05
1.6581e-05
1.39059e-05
1.16204e-05
9.71928e-06
8.1846e-06
6.93476e-06
5.88309e-06
4.99761e-06
4.29523e-06
3.73682e-06
3.29489e-06
2.94597e-06
2.67292e-06
2.45722e-06
2.29129e-06
2.16358e-06
2.06942e-06
1.99353e-06
1.94928e-06
1.94488e-06
1.92706e-06
1.9118e-06
1.90911e-06
1.90136e-06
1.89872e-06
8.84023e-14
2.73554e-13
8.54699e-13
1.3024e-11
2.30789e-10
2.52231e-09
1.81245e-08
9.21578e-08
3.49021e-07
1.02029e-06
2.48762e-06
5.29013e-06
9.56448e-06
1.49305e-05
2.03375e-05
2.36356e-05
2.48071e-05
2.46944e-05
2.3775e-05
2.22552e-05
2.03284e-05
1.81157e-05
1.57705e-05
1.34449e-05
1.12323e-05
9.26896e-06
7.59031e-06
6.19032e-06
5.06217e-06
4.16682e-06
3.45118e-06
2.86614e-06
2.38402e-06
2.00663e-06
1.71237e-06
1.48439e-06
1.30507e-06
1.1662e-06
1.05915e-06
9.76895e-07
9.13374e-07
8.67073e-07
8.30881e-07
8.10056e-07
8.07308e-07
7.98437e-07
7.91181e-07
7.89909e-07
7.8654e-07
7.85261e-07
2.98265e-14
9.06139e-14
2.09523e-13
2.70471e-12
6.24891e-11
8.80725e-10
7.57673e-09
4.40469e-08
1.88904e-07
5.97815e-07
1.53777e-06
3.41852e-06
6.3256e-06
9.97796e-06
1.34626e-05
1.54141e-05
1.59842e-05
1.57593e-05
1.50141e-05
1.38866e-05
1.25043e-05
1.09424e-05
9.32114e-06
7.76793e-06
6.33927e-06
5.09886e-06
4.07405e-06
3.24133e-06
2.57928e-06
2.06953e-06
1.67395e-06
1.35671e-06
1.10192e-06
9.08183e-07
7.59451e-07
6.45529e-07
5.58156e-07
4.91323e-07
4.39867e-07
4.01017e-07
3.71552e-07
3.50024e-07
3.33591e-07
3.22723e-07
3.19967e-07
3.16753e-07
3.13653e-07
3.13017e-07
3.11928e-07
3.11528e-07
1.0297e-14
3.12502e-14
6.51401e-14
7.61098e-13
2.1067e-11
3.42134e-10
3.33453e-09
2.17235e-08
1.01815e-07
3.46824e-07
9.44302e-07
2.18466e-06
4.14829e-06
6.58417e-06
8.83426e-06
9.98662e-06
1.02603e-05
1.00235e-05
9.45009e-06
8.62193e-06
7.63847e-06
6.5547e-06
5.46055e-06
4.44052e-06
3.53168e-06
2.76966e-06
2.15458e-06
1.66798e-06
1.29267e-06
1.01032e-06
7.96193e-07
6.29428e-07
4.98984e-07
4.01507e-07
3.28381e-07
2.73665e-07
2.32223e-07
2.0089e-07
1.77274e-07
1.59613e-07
1.46288e-07
1.36671e-07
1.29549e-07
1.24828e-07
1.23421e-07
1.22054e-07
1.20681e-07
1.20333e-07
1.19927e-07
1.19771e-07
3.53776e-15
1.06763e-14
1.96455e-14
1.56748e-13
5.41134e-12
1.15463e-10
1.37125e-09
1.0269e-08
5.40923e-08
2.01346e-07
5.8102e-07
1.39903e-06
2.71429e-06
4.34342e-06
5.76455e-06
6.43949e-06
6.56e-06
6.35549e-06
5.92e-06
5.31987e-06
4.62648e-06
3.88594e-06
3.16004e-06
2.50483e-06
1.93948e-06
1.47772e-06
1.118e-06
8.41152e-07
6.3177e-07
4.7906e-07
3.67614e-07
2.8286e-07
2.17958e-07
1.71149e-07
1.36806e-07
1.11475e-07
9.2781e-08
7.8883e-08
6.84641e-08
6.07831e-08
5.51218e-08
5.10269e-08
4.80431e-08
4.61377e-08
4.55744e-08
4.50537e-08
4.4519e-08
4.44137e-08
4.4305e-08
4.42662e-08
1.23412e-15
3.72607e-15
6.61842e-15
4.52517e-14
1.88754e-12
4.68503e-11
6.20938e-10
5.11278e-09
2.93912e-08
1.16189e-07
3.53407e-07
8.89607e-07
1.76509e-06
2.8237e-06
3.72773e-06
4.13896e-06
4.18399e-06
4.01861e-06
3.69464e-06
3.26053e-06
2.77735e-06
2.27698e-06
1.80728e-06
1.39568e-06
1.04968e-06
7.77446e-07
5.70991e-07
4.16349e-07
3.03215e-07
2.23245e-07
1.66281e-07
1.24393e-07
9.33213e-08
7.13054e-08
5.55187e-08
4.42222e-08
3.6045e-08
3.00389e-08
2.56278e-08
2.24332e-08
2.00955e-08
1.84406e-08
1.72782e-08
1.64823e-08
1.62016e-08
1.60396e-08
1.58469e-08
1.58008e-08
1.57745e-08
1.57702e-08
4.32253e-16
1.30383e-15
2.26359e-15
1.31569e-14
6.14411e-13
1.72837e-11
2.64213e-10
2.49204e-09
1.53475e-08
6.57885e-08
2.13381e-07
5.56443e-07
1.13704e-06
1.83829e-06
2.40137e-06
2.64403e-06
2.65647e-06
2.52482e-06
2.29264e-06
1.98933e-06
1.65684e-06
1.32696e-06
1.02724e-06
7.6988e-07
5.62572e-07
4.056e-07
2.88454e-07
2.03559e-07
1.44066e-07
1.02722e-07
7.41235e-08
5.39886e-08
3.93734e-08
2.92026e-08
2.21466e-08
1.72329e-08
1.36998e-08
1.11693e-08
9.36487e-09
8.05991e-09
7.11572e-09
6.4604e-09
6.00553e-09
5.73064e-09
5.65203e-09
5.57745e-09
5.4961e-09
5.47641e-09
5.46791e-09
5.46628e-09
1.51027e-16
4.54687e-16
7.7079e-16
2.93033e-15
1.59586e-13
6.1502e-12
1.13269e-10
1.1703e-09
8.11851e-09
3.74718e-08
1.28137e-07
3.51692e-07
7.336e-07
1.19463e-06
1.54162e-06
1.68422e-06
1.68138e-06
1.58141e-06
1.41487e-06
1.20439e-06
9.80106e-07
7.64227e-07
5.74263e-07
4.18279e-07
2.96613e-07
2.06548e-07
1.42292e-07
9.72225e-08
6.62747e-08
4.56424e-08
3.18891e-08
2.24719e-08
1.58524e-08
1.14126e-08
8.40912e-09
6.36494e-09
4.95025e-09
3.95714e-09
3.25124e-09
2.75405e-09
2.40271e-09
2.15939e-09
1.9962e-09
1.8887e-09
1.85246e-09
1.83553e-09
1.81134e-09
1.807e-09
1.80742e-09
1.80931e-09
5.31146e-17
1.59794e-16
2.69184e-16
9.02785e-16
5.3679e-14
2.39418e-12
5.05625e-11
5.8285e-10
4.3416e-09
2.13923e-08
7.72404e-08
2.20221e-07
4.70571e-07
7.61448e-07
9.83849e-07
1.07084e-06
1.06241e-06
9.88132e-07
8.68742e-07
7.22794e-07
5.74239e-07
4.35028e-07
3.17093e-07
2.2429e-07
1.53936e-07
1.03592e-07
6.8837e-08
4.5378e-08
2.98427e-08
1.98152e-08
1.33597e-08
9.11817e-09
6.22783e-09
4.33904e-09
3.09969e-09
2.2829e-09
1.73022e-09
1.35077e-09
1.08787e-09
9.05767e-10
7.79047e-10
6.93169e-10
6.37038e-10
6.00461e-10
5.87464e-10
5.82713e-10
5.75141e-10
5.74151e-10
5.75174e-10
5.76389e-10
1.86826e-17
5.61264e-17
9.40423e-17
2.32516e-16
1.31204e-14
7.86382e-13
2.12824e-11
2.83057e-10
2.30828e-09
1.22614e-08
4.68407e-08
1.38385e-07
3.01488e-07
4.89235e-07
6.28213e-07
6.80142e-07
6.70225e-07
6.15401e-07
5.30074e-07
4.30344e-07
3.32469e-07
2.44377e-07
1.72354e-07
1.18068e-07
7.82882e-08
5.06539e-08
3.24404e-08
2.05815e-08
1.29743e-08
8.2671e-09
5.37477e-09
3.53935e-09
2.3243e-09
1.56686e-09
1.08404e-09
7.73572e-10
5.71373e-10
4.36094e-10
3.4381e-10
2.81435e-10
2.3932e-10
2.10813e-10
1.92611e-10
1.81093e-10
1.76969e-10
1.76067e-10
1.73949e-10
1.74028e-10
1.74765e-10
1.75449e-10
6.58871e-18
1.98023e-17
3.31191e-17
7.73512e-17
4.82846e-15
3.29079e-13
9.86542e-12
1.43481e-10
1.27159e-09
7.05926e-09
2.80732e-08
8.67223e-08
1.92766e-07
3.12049e-07
4.00721e-07
4.32781e-07
4.2196e-07
3.818e-07
3.21427e-07
2.53977e-07
1.90475e-07
1.35667e-07
9.26979e-08
6.13556e-08
3.91735e-08
2.43908e-08
1.50083e-08
9.13264e-09
5.52361e-09
3.38406e-09
2.1125e-09
1.33935e-09
8.49687e-10
5.52273e-10
3.68257e-10
2.54753e-10
1.83008e-10
1.36011e-10
1.04863e-10
8.43973e-11
7.07855e-11
6.1808e-11
5.63012e-11
5.24354e-11
5.08608e-11
5.09489e-11
5.05222e-11
5.06676e-11
5.10073e-11
5.13061e-11
2.32564e-18
6.98857e-18
1.16799e-17
2.56883e-17
1.63102e-15
1.25264e-13
4.34547e-12
7.18935e-11
6.75566e-10
4.00118e-09
1.67627e-08
5.34768e-08
1.2227e-07
1.97774e-07
2.54165e-07
2.73744e-07
2.64561e-07
2.35757e-07
1.9421e-07
1.49175e-07
1.08563e-07
7.48861e-08
4.94814e-08
3.15479e-08
1.93909e-08
1.16152e-08
6.83782e-09
3.98824e-09
2.3189e-09
1.36083e-09
8.14387e-10
4.98322e-10
3.04598e-10
1.9039e-10
1.22472e-10
8.20521e-11
5.71027e-11
4.12641e-11
3.11186e-11
2.45716e-11
2.03235e-11
1.76194e-11
1.60163e-11
1.48056e-11
1.42399e-11
1.43089e-11
1.41938e-11
1.42537e-11
1.43839e-11
1.44925e-11
8.21506e-19
2.46781e-18
4.12227e-18
7.82531e-18
4.28107e-16
4.16275e-14
1.82556e-12
3.53372e-11
3.66207e-10
2.30039e-09
1.00987e-08
3.32937e-08
7.7596e-08
1.26584e-07
1.61716e-07
1.73082e-07
1.65355e-07
1.44646e-07
1.16267e-07
8.68146e-08
6.12023e-08
4.07987e-08
2.59627e-08
1.59127e-08
9.38088e-09
5.36176e-09
3.02008e-09
1.68406e-09
9.32163e-10
5.21749e-10
2.9939e-10
1.75744e-10
1.02638e-10
6.17484e-11
3.82392e-11
2.46441e-11
1.6639e-11
1.17215e-11
8.63994e-12
6.71347e-12
5.50628e-12
4.74459e-12
4.3027e-12
3.98144e-12
3.82416e-12
3.85591e-12
3.82878e-12
3.85278e-12
3.89611e-12
3.93365e-12
2.90512e-19
8.73317e-19
1.45846e-18
2.7219e-18
1.63225e-16
1.76273e-14
8.44021e-13
1.79361e-11
2.03576e-10
1.32778e-09
6.03721e-09
2.07233e-08
4.92516e-08
8.04075e-08
1.03137e-07
1.09599e-07
1.02847e-07
8.80884e-08
6.88542e-08
4.98994e-08
3.41152e-08
2.19713e-08
1.34734e-08
7.92886e-09
4.46394e-09
2.43533e-09
1.30821e-09
6.95089e-10
3.66569e-10
1.95913e-10
1.07261e-10
6.02919e-11
3.38424e-11
1.95272e-11
1.15913e-11
7.19557e-12
4.69857e-12
3.21297e-12
2.31151e-12
1.76495e-12
1.42892e-12
1.22199e-12
1.10381e-12
1.02286e-12
9.86854e-13
1.00123e-12
9.97949e-13
1.0069e-12
1.02076e-12
1.0328e-12
1.02842e-19
3.09087e-19
5.16303e-19
9.4687e-19
5.77466e-17
6.82395e-15
3.72696e-13
9.06329e-12
1.09323e-10
7.54857e-10
3.59616e-09
1.27216e-08
3.10705e-08
5.08722e-08
6.53789e-08
6.90126e-08
6.36984e-08
5.33511e-08
4.05822e-08
2.84695e-08
1.88613e-08
1.17431e-08
6.93117e-09
3.90495e-09
2.10025e-09
1.09365e-09
5.57533e-10
2.81891e-10
1.41904e-10
7.21168e-11
3.7603e-11
2.03081e-11
1.09288e-11
6.02925e-12
3.43328e-12
2.05177e-12
1.28942e-12
8.54107e-13
5.99826e-13
4.48884e-13
3.58506e-13
3.04769e-13
2.74425e-13
2.54106e-13
2.4664e-13
2.52033e-13
2.51753e-13
2.54704e-13
2.59086e-13
2.62748e-13
3.64386e-20
1.09491e-19
1.82923e-19
3.15118e-19
1.6661e-17
2.29286e-15
1.5229e-13
4.45128e-12
5.99716e-11
4.37544e-10
2.17453e-09
7.90674e-09
1.965e-08
3.25911e-08
4.15732e-08
4.33672e-08
3.93389e-08
3.20176e-08
2.36196e-08
1.60485e-08
1.02737e-08
6.17101e-09
3.4926e-09
1.88144e-09
9.62136e-10
4.73508e-10
2.29224e-10
1.09884e-10
5.22038e-11
2.50978e-11
1.24636e-11
6.41927e-12
3.27608e-12
1.73153e-12
9.43958e-13
5.38504e-13
3.26239e-13
2.09859e-13
1.4393e-13
1.0615e-13
8.43749e-14
7.16848e-14
6.46715e-14
6.02613e-14
5.90731e-14
6.0865e-14
6.10033e-14
6.19408e-14
6.31852e-14
6.42565e-14
1.29179e-20
3.88431e-20
6.4896e-20
1.11906e-19
6.76853e-18
1.02019e-15
7.17851e-14
2.26123e-12
3.38109e-11
2.54984e-10
1.30309e-09
4.92505e-09
1.24676e-08
2.07754e-08
2.65016e-08
2.72124e-08
2.41121e-08
1.90516e-08
1.35862e-08
8.93465e-09
5.52487e-09
3.19783e-09
1.73659e-09
8.93503e-10
4.33292e-10
2.01898e-10
9.24715e-11
4.19101e-11
1.88201e-11
8.57265e-12
4.02686e-12
1.97154e-12
9.61738e-13
4.84866e-13
2.51713e-13
1.37573e-13
8.02256e-14
4.98835e-14
3.3349e-14
2.42193e-14
1.90889e-14
1.6192e-14
1.46689e-14
1.37674e-14
1.36494e-14
1.422e-14
1.43476e-14
1.46322e-14
1.49755e-14
1.52729e-14
4.58331e-21
1.37802e-20
2.30329e-20
4.00845e-20
2.65803e-18
4.27219e-16
3.28305e-14
1.14811e-12
1.84778e-11
1.46415e-10
7.76694e-10
3.03161e-09
7.88414e-09
1.31069e-08
1.67734e-08
1.6984e-08
1.46659e-08
1.13033e-08
7.78809e-09
4.93707e-09
2.95002e-09
1.6425e-09
8.53576e-10
4.1872e-10
1.92721e-10
8.4978e-11
3.65965e-11
1.56809e-11
6.67026e-12
2.86863e-12
1.27287e-12
5.94379e-13
2.76341e-13
1.3252e-13
6.55824e-14
3.43229e-14
1.91813e-14
1.152e-14
7.51646e-15
5.37035e-15
4.20218e-15
3.57124e-15
3.25555e-15
3.07286e-15
3.085e-15
3.25105e-15
3.29601e-15
3.37578e-15
3.46868e-15
3.54694e-15
1.62779e-21
4.89287e-21
8.18246e-21
1.39263e-20
8.41986e-19
1.46339e-16
1.31625e-14
5.63044e-13
1.01746e-11
8.62035e-11
4.75807e-10
1.89224e-09
5.006e-09
8.42767e-09
1.06267e-08
1.05531e-08
8.88968e-09
6.63573e-09
4.4124e-09
2.69738e-09
1.55076e-09
8.26607e-10
4.0883e-10
1.90472e-10
8.27645e-11
3.4192e-11
1.38847e-11
5.59019e-12
2.22523e-12
8.97208e-13
3.75815e-13
1.66232e-13
7.28328e-14
3.32896e-14
1.56922e-14
7.78389e-15
4.17447e-15
2.43333e-15
1.55966e-15
1.11026e-15
8.75456e-16
7.535e-16
6.97972e-16
6.67653e-16
6.79711e-16
7.23512e-16
7.35899e-16
7.56156e-16
7.79023e-16
7.98751e-16
5.78274e-22
1.73936e-21
2.90854e-21
5.01504e-21
3.67623e-19
7.01713e-17
6.5456e-15
2.90926e-13
5.80781e-12
5.10366e-11
2.8801e-10
1.18295e-09
3.18003e-09
5.43026e-09
6.73713e-09
6.52265e-09
5.33838e-09
3.84519e-09
2.47176e-09
1.45819e-09
8.04949e-10
4.10353e-10
1.93285e-10
8.52398e-11
3.4882e-11
1.35698e-11
5.18287e-12
1.95681e-12
7.31144e-13
2.77184e-13
1.08866e-13
4.54148e-14
1.89691e-14
8.21684e-15
3.66641e-15
1.7352e-15
8.92959e-16
5.04634e-16
3.18245e-16
2.26331e-16
1.79811e-16
1.56656e-16
1.47161e-16
1.43181e-16
1.4807e-16
1.59054e-16
1.62633e-16
1.67641e-16
1.73074e-16
1.77881e-16
2.05557e-22
6.18368e-22
1.03453e-21
1.83525e-21
1.61106e-19
3.23621e-17
3.16305e-15
1.50635e-13
3.25994e-12
2.98347e-11
1.72593e-10
7.31653e-10
2.01093e-09
3.41392e-09
4.23255e-09
3.99884e-09
3.16218e-09
2.21315e-09
1.37512e-09
7.80274e-10
4.1425e-10
2.01774e-10
9.03234e-11
3.7754e-11
1.45493e-11
5.32529e-12
1.90322e-12
6.74911e-13
2.37254e-13
8.45087e-14
3.10776e-14
1.22507e-14
4.8734e-15
1.99976e-15
8.46505e-16
3.82526e-16
1.88847e-16
1.03778e-16
6.47649e-17
4.62129e-17
3.71104e-17
3.28293e-17
3.12155e-17
3.07347e-17
3.23616e-17
3.50863e-17
3.60162e-17
3.72128e-17
3.84927e-17
3.96249e-17
7.3128e-23
2.19936e-22
3.68161e-22
6.74473e-22
6.72539e-20
1.41094e-17
1.48821e-15
7.79345e-14
1.78877e-12
1.72777e-11
1.03408e-10
4.47523e-10
1.26233e-09
2.14367e-09
2.63011e-09
2.43021e-09
1.8553e-09
1.25941e-09
7.56966e-10
4.1296e-10
2.10052e-10
9.78104e-11
4.15798e-11
1.6367e-11
5.9452e-12
2.04786e-12
6.82321e-13
2.26524e-13
7.50652e-14
2.50389e-14
8.62029e-15
3.22345e-15
1.22048e-15
4.73155e-16
1.90609e-16
8.25711e-17
3.91438e-17
2.10495e-17
1.31707e-17
9.52759e-18
7.80347e-18
7.05055e-18
6.78991e-18
6.7565e-18
7.21828e-18
7.87485e-18
8.08846e-18
8.3681e-18
8.67336e-18
8.93751e-18
2.60287e-23
7.82917e-23
1.31099e-22
2.46528e-22
2.74149e-20
6.013e-18
6.73732e-16
3.85992e-14
9.87998e-13
1.02416e-11
6.27526e-11
2.74505e-10
7.82385e-10
1.34868e-09
1.60846e-09
1.44648e-09
1.06932e-09
6.9917e-10
4.05627e-10
2.13035e-10
1.03416e-10
4.5708e-11
1.83218e-11
6.77936e-12
2.30016e-12
7.34079e-13
2.28671e-13
7.06792e-14
2.16939e-14
6.74032e-15
2.17855e-15
7.66847e-16
2.72435e-16
1.00317e-16
3.83896e-17
1.58107e-17
7.33369e-18
3.97522e-18
2.57321e-18
1.95413e-18
1.67376e-18
1.56144e-18
1.53023e-18
1.54925e-18
1.6615e-18
1.79596e-18
1.84754e-18
1.91228e-18
1.97846e-18
2.03832e-18
9.26746e-24
2.78895e-23
4.67185e-23
9.34237e-23
1.30344e-20
2.99681e-18
3.4208e-16
2.02225e-14
5.59903e-13
6.01765e-12
3.70408e-11
1.64292e-10
4.68127e-10
8.07608e-10
9.43881e-10
8.21751e-10
5.8795e-10
3.70178e-10
2.07246e-10
1.0478e-10
4.84752e-11
2.02617e-11
7.64909e-12
2.65607e-12
8.38883e-13
2.48798e-13
7.20964e-14
2.07144e-14
5.9052e-15
1.71225e-15
5.17797e-16
1.71883e-16
5.80192e-17
2.0297e-17
7.38983e-18
2.94933e-18
1.36817e-18
7.69852e-19
5.30452e-19
4.28918e-19
3.83809e-19
3.66985e-19
3.64569e-19
3.72165e-19
3.99064e-19
4.27461e-19
4.3928e-19
4.53407e-19
4.68019e-19
4.81987e-19
3.30161e-24
9.93675e-24
1.66407e-23
2.80453e-23
3.39314e-21
1.05854e-18
1.48687e-16
1.01489e-14
3.11175e-13
3.40676e-12
2.05178e-11
9.01737e-11
2.51657e-10
4.18843e-10
4.89934e-10
4.13792e-10
2.85306e-10
1.73845e-10
9.36592e-11
4.5481e-11
1.99537e-11
7.85907e-12
2.78851e-12
9.07903e-13
2.65272e-13
7.28444e-14
1.94231e-14
5.18035e-15
1.37374e-15
3.71544e-16
1.06104e-16
3.38935e-17
1.09388e-17
3.67365e-18
1.29167e-18
5.12673e-19
2.47869e-19
1.52445e-19
1.15529e-19
9.99514e-20
9.30164e-20
9.06363e-20
9.05151e-20
9.24938e-20
9.89197e-20
1.05052e-19
1.07513e-19
1.1051e-19
1.13777e-19
1.17021e-19
1.18262e-24
3.56278e-24
6.06016e-24
6.39106e-23
1.88496e-20
3.23053e-18
2.84288e-16
1.37077e-14
2.45526e-13
1.75418e-12
8.63252e-12
3.434e-11
8.36497e-11
1.29474e-10
1.50896e-10
1.23446e-10
8.12289e-11
4.75451e-11
2.44234e-11
1.13816e-11
4.52379e-12
1.67044e-12
5.53381e-13
1.64582e-13
4.31498e-14
1.08419e-14
2.54802e-15
6.2513e-16
1.53481e-16
3.84566e-17
1.08274e-17
3.58873e-18
1.11403e-18
3.63568e-19
1.25831e-19
5.32737e-20
3.03298e-20
2.2599e-20
1.94722e-20
1.79771e-20
1.73001e-20
1.71115e-20
1.70341e-20
1.74035e-20
1.87939e-20
1.96963e-20
1.97954e-20
2.01808e-20
2.07599e-20
2.14127e-20
