0.0541241
0.150146
0.228505
0.296792
0.359244
0.418673
0.477057
0.535735
0.595602
0.657488
0.721779
0.788702
0.858473
0.930894
1.00576
1.08281
1.16154
1.24143
1.32193
1.40237
1.48233
1.56124
1.63816
1.71323
1.78682
1.85755
1.92323
1.98482
2.04473
2.10164
2.15676
2.20998
2.25993
2.30752
2.35407
2.40089
2.44863
2.49565
2.54003
2.58087
2.61708
2.6462
2.6654
2.67347
2.69496
2.7412
2.79445
2.84819
2.90058
2.9494
0.0237314
0.0669537
0.102789
0.134414
0.163545
0.191316
0.21865
0.246124
0.274174
0.303309
0.333854
0.365967
0.399891
0.435864
0.4738
0.513583
0.555266
0.598522
0.642838
0.687869
0.733211
0.778247
0.822672
0.866202
0.908422
0.949108
0.988708
1.02499
1.05801
1.08877
1.11786
1.14756
1.1753
1.20123
1.22765
1.25538
1.28258
1.30874
1.33456
1.35732
1.37884
1.39737
1.40939
1.41263
1.41783
1.4402
1.47343
1.50925
1.54606
1.58273
0.0112915
0.0319812
0.0493203
0.0648293
0.0793603
0.0935008
0.107698
0.122241
0.137344
0.153286
0.170213
0.188225
0.207477
0.228047
0.249924
0.27309
0.297464
0.322874
0.349028
0.375538
0.402134
0.428409
0.453623
0.477863
0.501224
0.523286
0.54429
0.5646
0.583358
0.600319
0.616278
0.632188
0.647221
0.661007
0.674506
0.68787
0.702099
0.716763
0.731313
0.74501
0.756753
0.767321
0.775157
0.777759
0.776391
0.783125
0.801031
0.821484
0.84273
0.86242
0.00535523
0.0152706
0.0237078
0.0313769
0.0387297
0.0460908
0.0536638
0.0616202
0.0701276
0.0793178
0.0892771
0.100124
0.111926
0.124661
0.138379
0.153077
0.168561
0.184693
0.201288
0.217975
0.234546
0.250724
0.265999
0.280074
0.293081
0.305053
0.316399
0.327457
0.337861
0.347176
0.355651
0.364082
0.37202
0.379062
0.385807
0.392397
0.398658
0.405539
0.413544
0.42172
0.429089
0.435379
0.439724
0.441719
0.441409
0.444202
0.453593
0.465482
0.477803
0.488208
0.00255562
0.00732849
0.0114326
0.0152205
0.0189324
0.0227483
0.0267898
0.0311605
0.0359695
0.0413195
0.0472737
0.05392
0.0613119
0.0694279
0.0783043
0.0879079
0.0980721
0.108671
0.119502
0.130223
0.140662
0.150646
0.159971
0.168516
0.176111
0.182781
0.188784
0.194543
0.20004
0.205344
0.210382
0.215219
0.219633
0.223526
0.227213
0.230544
0.233653
0.236779
0.240219
0.244198
0.248486
0.252387
0.255147
0.256404
0.25577
0.25651
0.261506
0.268638
0.275899
0.281447
0.00121817
0.00349198
0.00545061
0.00731057
0.00917253
0.011116
0.013245
0.0156219
0.0183041
0.021383
0.0249298
0.028983
0.0335849
0.0387853
0.0445592
0.0508462
0.0576042
0.0646807
0.0718376
0.0788653
0.0856061
0.0919061
0.0976901
0.102801
0.107195
0.111152
0.11433
0.117106
0.120055
0.122741
0.125286
0.127894
0.130357
0.132518
0.134533
0.136411
0.137993
0.139439
0.141161
0.143364
0.145659
0.147706
0.149325
0.150206
0.149707
0.149665
0.152301
0.156547
0.160845
0.16384
0.00057961
0.00167175
0.00261788
0.00352112
0.00443876
0.00542035
0.00651884
0.0077797
0.00925348
0.0110061
0.0130849
0.0155386
0.0184106
0.0217116
0.0254492
0.0296009
0.0340713
0.0387465
0.043481
0.0480184
0.0522519
0.0561197
0.0595292
0.062611
0.065279
0.0674677
0.0693151
0.0708077
0.0722161
0.0737028
0.0751241
0.0763927
0.0775719
0.0786967
0.0797397
0.0807206
0.0815221
0.0821585
0.0827719
0.0836292
0.084886
0.0862271
0.0872888
0.0879002
0.087594
0.0873135
0.0886745
0.0911593
0.0934784
0.094856
0.000267086
0.000786894
0.00125152
0.00169071
0.0021491
0.00265998
0.00323278
0.00390218
0.00471433
0.00570419
0.00691626
0.00840341
0.0101933
0.0122865
0.0147062
0.0174361
0.0203916
0.0234771
0.0265614
0.0294761
0.0321054
0.034374
0.0362911
0.0379491
0.0393828
0.0405179
0.041397
0.0421215
0.0427421
0.0434226
0.0441622
0.0447766
0.045301
0.0458614
0.0463973
0.0468982
0.0474023
0.0477877
0.048062
0.0483253
0.0487612
0.0494533
0.0501169
0.0505414
0.0504049
0.0501463
0.0508004
0.0521742
0.0533136
0.0538302
0.000111643
0.000331748
0.000536529
0.000748085
0.000982252
0.00124916
0.00155996
0.00193113
0.00238614
0.00295288
0.00366479
0.00456171
0.0056716
0.00700074
0.00856365
0.0103384
0.0122578
0.0142608
0.0162383
0.0180502
0.0196557
0.0210006
0.0220542
0.0229113
0.0236205
0.0241795
0.0245783
0.0248481
0.0250618
0.0253144
0.025626
0.0258741
0.0260598
0.0262661
0.0264727
0.0266743
0.0268889
0.0270831
0.0272149
0.0273261
0.0275311
0.0278986
0.0283055
0.0285748
0.0285294
0.0283882
0.028735
0.0294951
0.0300507
0.0302259
3.7744e-05
0.000115935
0.000196742
0.000291536
0.000407129
0.000546652
0.00071597
0.000923949
0.00118311
0.00150996
0.00192849
0.00246979
0.00315732
0.00399829
0.00500324
0.00615288
0.00739244
0.00866867
0.0099084
0.0110074
0.0119517
0.0127194
0.0132727
0.0136789
0.0139848
0.0142102
0.0143727
0.0144657
0.0145042
0.0145562
0.014648
0.0147128
0.0147422
0.0147874
0.0148398
0.0148964
0.0149636
0.0150299
0.0150723
0.0150892
0.0151352
0.0152903
0.0155101
0.0156729
0.0156644
0.0155824
0.0157602
0.0161611
0.01641
0.0164434
9.67669e-06
3.18218e-05
5.93683e-05
9.78795e-05
0.000151482
0.000222052
0.000312665
0.000428622
0.000576805
0.000765871
0.00101202
0.00133861
0.00176391
0.00229529
0.00293981
0.00368088
0.0044747
0.0052779
0.00604101
0.00669386
0.00722545
0.00763352
0.00790152
0.00806838
0.00817615
0.00823522
0.00826107
0.00826598
0.0082398
0.00821359
0.00821236
0.00819813
0.00816611
0.00814748
0.00813775
0.00813647
0.00814598
0.00816297
0.00817226
0.00816186
0.00814913
0.00819695
0.00830587
0.00839445
0.00839219
0.00834369
0.00842852
0.00862591
0.00872503
0.00871343
1.84835e-06
6.78665e-06
1.47067e-05
2.83671e-05
5.07629e-05
8.40094e-05
0.000130582
0.00019376
0.000277988
0.000387483
0.000532399
0.000729376
0.000992242
0.00132775
0.00174041
0.00221577
0.002719
0.00321777
0.00367935
0.00405675
0.0043432
0.00454217
0.0046546
0.00470439
0.00472064
0.00471195
0.00468415
0.00464896
0.00460084
0.00455078
0.00451505
0.00447388
0.00442405
0.00438539
0.00435431
0.00433117
0.00431833
0.00431457
0.00431062
0.00429595
0.00427572
0.00428302
0.0043319
0.00438251
0.00438628
0.00435949
0.00439771
0.00448997
0.00452482
0.00450741
3.04478e-07
1.24351e-06
3.18623e-06
7.37194e-06
1.56584e-05
2.99694e-05
5.24582e-05
8.57606e-05
0.000132994
0.000196445
0.000282177
0.000401283
0.000563826
0.000775545
0.00103955
0.00134299
0.0016589
0.00196428
0.00223737
0.00244732
0.00259331
0.00268065
0.00271693
0.00271786
0.00269902
0.00266747
0.00262557
0.00258045
0.00253063
0.00248016
0.00243804
0.00239518
0.00234824
0.00230983
0.00227784
0.0022516
0.0022326
0.00222004
0.00221042
0.00219803
0.00218236
0.00217648
0.00219384
0.00222087
0.00222554
0.00221085
0.00222726
0.00226858
0.0022792
0.00226716
5.82379e-08
2.38157e-07
6.74206e-07
1.83232e-06
4.61923e-06
1.03132e-05
2.05399e-05
3.74057e-05
6.33525e-05
0.000100048
0.000151171
0.000223658
0.000324561
0.000458203
0.000627021
0.000819632
0.00101627
0.00120033
0.00135667
0.00146742
0.00153643
0.00156859
0.00157207
0.0015569
0.00153033
0.00149677
0.00145786
0.00141764
0.00137568
0.001334
0.00129696
0.00126073
0.00122358
0.00119271
0.00116713
0.00114575
0.00112874
0.0011158
0.0011057
0.00109665
0.00108651
0.0010787
0.00108318
0.0010958
0.00109811
0.00109
0.00109631
0.00111366
0.00111598
0.00110963
1.47963e-08
5.51494e-08
1.55245e-07
4.70263e-07
1.37504e-06
3.55867e-06
8.05389e-06
1.63503e-05
3.03168e-05
5.14174e-05
8.20522e-05
0.000126439
0.000189483
0.000273991
0.000382259
0.000503924
0.000624801
0.000733466
0.000818446
0.000872965
0.000902077
0.000909637
0.000901704
0.000883908
0.000859572
0.000831288
0.0008006
0.000769819
0.000738485
0.000707646
0.000679517
0.000652295
0.000625631
0.000603471
0.000585112
0.000569818
0.000557043
0.000546781
0.000538705
0.000532582
0.000526538
0.000520561
0.000520981
0.000527065
0.000528282
0.00052376
0.000525788
0.000532502
0.00053231
0.00052947
4.61162e-09
1.59274e-08
4.24602e-08
1.36709e-07
4.4657e-07
1.2811e-06
3.24024e-06
7.26776e-06
1.44925e-05
2.63226e-05
4.45716e-05
7.17014e-05
0.000110926
0.000164606
0.000233184
0.000309574
0.00038377
0.000446351
0.000491191
0.000516156
0.000525374
0.000523374
0.000513377
0.000497437
0.000478096
0.000457223
0.000434807
0.000412745
0.000391292
0.000370335
0.000351076
0.000332778
0.00031523
0.000300439
0.000288131
0.000278127
0.000269524
0.000262412
0.000256989
0.000252939
0.000249187
0.000245403
0.000244705
0.000247124
0.000247417
0.000244917
0.000245538
0.000248345
0.000247848
0.000246513
1.44229e-09
4.54608e-09
1.06251e-08
3.47039e-08
1.3094e-07
4.38021e-07
1.24941e-06
3.10509e-06
6.84826e-06
1.3408e-05
2.41543e-05
4.08941e-05
6.54615e-05
9.94527e-05
0.000142906
0.000190746
0.000235577
0.000270596
0.000293254
0.000303009
0.000304087
0.000299346
0.000290116
0.00027778
0.000263663
0.00024884
0.000233545
0.000218636
0.000204332
0.000190744
0.000178355
0.000166666
0.000155659
0.000146419
0.000138706
0.000132399
0.000127114
0.000122725
0.000119259
0.000116704
0.000114571
0.000112352
0.000111403
0.000112247
0.000112429
0.00011128
0.000111294
0.000112251
0.00011194
0.000111448
4.75403e-10
1.43459e-09
2.99251e-09
9.437e-09
3.98284e-08
1.53891e-07
4.95715e-07
1.36442e-06
3.29407e-06
6.94554e-06
1.33161e-05
2.36848e-05
3.92373e-05
6.06206e-05
8.83156e-05
0.000118035
0.000144245
0.000163265
0.000173602
0.000176385
0.000174771
0.000170023
0.000162868
0.00015401
0.000144085
0.000133924
0.000123812
0.000114092
0.000104956
9.65352e-05
8.89342e-05
8.17921e-05
7.51951e-05
6.97111e-05
6.51416e-05
6.13958e-05
5.83092e-05
5.57586e-05
5.36924e-05
5.2172e-05
5.10093e-05
4.98312e-05
4.91104e-05
4.92835e-05
4.93471e-05
4.88251e-05
4.87398e-05
4.90228e-05
4.88416e-05
4.86728e-05
1.57912e-10
4.68481e-10
8.96597e-10
2.61956e-09
1.19969e-08
5.42779e-08
2.00474e-07
6.13284e-07
1.60938e-06
3.65867e-06
7.4497e-06
1.38905e-05
2.37661e-05
3.7428e-05
5.50402e-05
7.31514e-05
8.81339e-05
9.78548e-05
0.000101978
0.000102086
9.98884e-05
9.5984e-05
9.07542e-05
8.46319e-05
7.79141e-05
7.11235e-05
6.46528e-05
5.85314e-05
5.28876e-05
4.78537e-05
4.33656e-05
3.92086e-05
3.5419e-05
3.23433e-05
2.97972e-05
2.76879e-05
2.5981e-05
2.45866e-05
2.34432e-05
2.25886e-05
2.1962e-05
2.13764e-05
2.09286e-05
2.08818e-05
2.08823e-05
2.06264e-05
2.05797e-05
2.06848e-05
2.05825e-05
2.05279e-05
5.42746e-11
1.58708e-10
2.85968e-10
7.84783e-10
3.96752e-09
2.01594e-08
8.28213e-08
2.78475e-07
7.93621e-07
1.91973e-06
4.14277e-06
8.12664e-06
1.43767e-05
2.31148e-05
3.4278e-05
4.52741e-05
5.35328e-05
5.81214e-05
5.95788e-05
5.88043e-05
5.6762e-05
5.38675e-05
5.02535e-05
4.6108e-05
4.17052e-05
3.74069e-05
3.3375e-05
2.96217e-05
2.62769e-05
2.33746e-05
2.08058e-05
1.84812e-05
1.64125e-05
1.47221e-05
1.33378e-05
1.22218e-05
1.13223e-05
1.05895e-05
9.99573e-06
9.54917e-06
9.21625e-06
8.9235e-06
8.68863e-06
8.63719e-06
8.63359e-06
8.51704e-06
8.46757e-06
8.48414e-06
8.43801e-06
8.41401e-06
1.82138e-11
5.34099e-11
9.14207e-11
2.15573e-10
1.13208e-09
6.8677e-09
3.29517e-08
1.24725e-07
3.89705e-07
1.01305e-06
2.31746e-06
4.77728e-06
8.73951e-06
1.42598e-05
2.13021e-05
2.78308e-05
3.22443e-05
3.43695e-05
3.4638e-05
3.37068e-05
3.21222e-05
3.00517e-05
2.76071e-05
2.49249e-05
2.21214e-05
1.94267e-05
1.69744e-05
1.47681e-05
1.28296e-05
1.1183e-05
9.77276e-06
8.51813e-06
7.41634e-06
6.53161e-06
5.81679e-06
5.24278e-06
4.78651e-06
4.4207e-06
4.12435e-06
3.9e-06
3.73298e-06
3.59641e-06
3.479e-06
3.43699e-06
3.4341e-06
3.3845e-06
3.36011e-06
3.36058e-06
3.34008e-06
3.33145e-06
6.26198e-12
1.83511e-11
3.06645e-11
6.59392e-11
3.50998e-10
2.40747e-09
1.32342e-08
5.62185e-08
1.91616e-07
5.34606e-07
1.29662e-06
2.80094e-06
5.29873e-06
8.82336e-06
1.32026e-05
1.70127e-05
1.92892e-05
2.0155e-05
2.00187e-05
1.92377e-05
1.80788e-05
1.66662e-05
1.50676e-05
1.33471e-05
1.16043e-05
9.98207e-06
8.52719e-06
7.2496e-06
6.16901e-06
5.26787e-06
4.50737e-06
3.85093e-06
3.28673e-06
2.83627e-06
2.47878e-06
2.19748e-06
1.97415e-06
1.79738e-06
1.65762e-06
1.55102e-06
1.47064e-06
1.40807e-06
1.35426e-06
1.32998e-06
1.32618e-06
1.30453e-06
1.29276e-06
1.2916e-06
1.28278e-06
1.27907e-06
2.11233e-12
6.24909e-12
1.03481e-11
1.92508e-11
9.79607e-11
7.94797e-10
5.12958e-09
2.48292e-08
9.40406e-08
2.82627e-07
7.26396e-07
1.65176e-06
3.22523e-06
5.44503e-06
8.1528e-06
1.03234e-05
1.1452e-05
1.17645e-05
1.15193e-05
1.09223e-05
1.01226e-05
9.17806e-06
8.14539e-06
7.07871e-06
6.02071e-06
5.05321e-06
4.21431e-06
3.49957e-06
2.90498e-06
2.42379e-06
2.02973e-06
1.69568e-06
1.41492e-06
1.19561e-06
1.02401e-06
8.90338e-07
7.86326e-07
7.05374e-07
6.41727e-07
5.93465e-07
5.56978e-07
5.29538e-07
5.06768e-07
4.94424e-07
4.91845e-07
4.84008e-07
4.78664e-07
4.77208e-07
4.73879e-07
4.7253e-07
7.2741e-13
2.15867e-12
3.55969e-12
6.20168e-12
3.00966e-11
2.71816e-10
2.01975e-09
1.10433e-08
4.5706e-08
1.48814e-07
4.07009e-07
9.68351e-07
1.95534e-06
3.36317e-06
5.007e-06
6.21419e-06
6.75126e-06
6.82301e-06
6.59816e-06
6.17939e-06
5.6376e-06
5.021e-06
4.36995e-06
3.71333e-06
3.08379e-06
2.52762e-06
2.05347e-06
1.66032e-06
1.34583e-06
1.09628e-06
8.9619e-07
7.31954e-07
5.96846e-07
4.92652e-07
4.12877e-07
3.52095e-07
3.04993e-07
2.68885e-07
2.41294e-07
2.20383e-07
2.04488e-07
1.92781e-07
1.83325e-07
1.77976e-07
1.76802e-07
1.73651e-07
1.71515e-07
1.70981e-07
1.6968e-07
1.69132e-07
2.46445e-13
7.36545e-13
1.22368e-12
1.94179e-12
7.9154e-12
8.41618e-11
7.42776e-10
4.66806e-09
2.20657e-08
7.81455e-08
2.2719e-07
5.70372e-07
1.18693e-06
2.06928e-06
3.05644e-06
3.71508e-06
3.95742e-06
3.94184e-06
3.76257e-06
3.47545e-06
3.12212e-06
2.72621e-06
2.31829e-06
1.9248e-06
1.55844e-06
1.24162e-06
9.81828e-07
7.72883e-07
6.08565e-07
4.82626e-07
3.8476e-07
3.06115e-07
2.43196e-07
1.96045e-07
1.60536e-07
1.33859e-07
1.13737e-07
9.85679e-08
8.70287e-08
7.84389e-08
7.19809e-08
6.72542e-08
6.36035e-08
6.12749e-08
6.05917e-08
5.95996e-08
5.87685e-08
5.84884e-08
5.80724e-08
5.78969e-08
8.49732e-14
2.55039e-13
4.23587e-13
6.51836e-13
2.39829e-12
2.75734e-11
2.80751e-10
2.02185e-09
1.05192e-08
4.06279e-08
1.26295e-07
3.32207e-07
7.15001e-07
1.26414e-06
1.8495e-06
2.20108e-06
2.3066e-06
2.26705e-06
2.13838e-06
1.94735e-06
1.71907e-06
1.46964e-06
1.21933e-06
9.85419e-07
7.76022e-07
6.01496e-07
4.61752e-07
3.52748e-07
2.70221e-07
2.08447e-07
1.61645e-07
1.25295e-07
9.69442e-08
7.60958e-08
6.07855e-08
4.95714e-08
4.11974e-08
3.49885e-08
3.03954e-08
2.69998e-08
2.44595e-08
2.26312e-08
2.1258e-08
2.0398e-08
2.01368e-08
1.97658e-08
1.94646e-08
1.93676e-08
1.92263e-08
1.91634e-08
2.90719e-14
8.73959e-14
1.46252e-13
2.16633e-13
6.3714e-13
8.08353e-12
9.89289e-11
8.25925e-10
4.95236e-09
2.10375e-08
6.98213e-08
1.93952e-07
4.29796e-07
7.69502e-07
1.11071e-06
1.29595e-06
1.33752e-06
1.29887e-06
1.20903e-06
1.08414e-06
9.39624e-07
7.84734e-07
6.33305e-07
4.97306e-07
3.80193e-07
2.85342e-07
2.12425e-07
1.57371e-07
1.16574e-07
8.71683e-08
6.56915e-08
4.94225e-08
3.71031e-08
2.8349e-08
2.20611e-08
1.75389e-08
1.42634e-08
1.18789e-08
1.01287e-08
8.86335e-09
7.93855e-09
7.27547e-09
6.78989e-09
6.46155e-09
6.34364e-09
6.23618e-09
6.13871e-09
6.10686e-09
6.06926e-09
6.05261e-09
1.00926e-14
3.04003e-14
5.07631e-14
7.42716e-14
2.0067e-13
2.68805e-12
3.73136e-11
3.5192e-10
2.32903e-09
1.07704e-08
3.82539e-08
1.1159e-07
2.555e-07
4.61012e-07
6.598e-07
7.57021e-07
7.72228e-07
7.41342e-07
6.80919e-07
5.99941e-07
5.09214e-07
4.14723e-07
3.25335e-07
2.47697e-07
1.8333e-07
1.33291e-07
9.59679e-08
6.87266e-08
4.92806e-08
3.56884e-08
2.60625e-08
1.90274e-08
1.38623e-08
1.02765e-08
7.77446e-09
6.02626e-09
4.7834e-09
3.895e-09
3.25966e-09
2.8071e-09
2.48023e-09
2.25025e-09
2.08667e-09
1.97699e-09
1.93547e-09
1.90161e-09
1.86979e-09
1.85898e-09
1.84837e-09
1.84364e-09
3.49484e-15
1.05098e-14
1.76022e-14
2.5397e-14
5.60951e-14
7.7209e-13
1.30076e-11
1.42504e-10
1.07404e-09
5.5102e-09
2.10041e-08
6.43579e-08
1.51435e-07
2.7598e-07
3.89159e-07
4.39701e-07
4.43804e-07
4.21594e-07
3.81293e-07
3.29433e-07
2.73025e-07
2.16301e-07
1.64508e-07
1.21253e-07
8.6747e-08
6.08091e-08
4.22772e-08
2.92143e-08
2.01495e-08
1.40608e-08
9.94286e-09
7.02553e-09
4.94009e-09
3.55103e-09
2.60948e-09
1.96562e-09
1.52236e-09
1.21282e-09
9.94277e-10
8.41745e-10
7.34624e-10
6.59727e-10
6.07431e-10
5.73924e-10
5.61974e-10
5.52588e-10
5.4348e-10
5.41051e-10
5.38827e-10
5.37876e-10
1.22221e-15
3.67804e-15
6.13926e-15
8.7842e-15
1.84505e-14
2.69232e-13
5.06665e-12
6.13263e-11
5.08627e-10
2.79817e-09
1.13535e-08
3.6745e-08
8.89935e-08
1.6219e-07
2.26976e-07
2.54404e-07
2.54343e-07
2.38977e-07
2.12533e-07
1.79406e-07
1.44792e-07
1.11208e-07
8.19869e-08
5.84664e-08
4.03239e-08
2.72733e-08
1.82667e-08
1.21388e-08
8.05724e-09
5.42216e-09
3.69805e-09
2.52602e-09
1.71916e-09
1.19464e-09
8.49459e-10
6.21902e-10
4.69187e-10
3.6456e-10
2.92593e-10
2.43522e-10
2.09502e-10
1.86348e-10
1.70805e-10
1.604e-10
1.56449e-10
1.54344e-10
1.51972e-10
1.5134e-10
1.50961e-10
1.50864e-10
4.28691e-16
1.28954e-15
2.14911e-15
3.06301e-15
5.98429e-15
8.57126e-14
1.85285e-12
2.58716e-11
2.31387e-10
1.39247e-09
6.09023e-09
2.05646e-08
5.16769e-08
9.54166e-08
1.31732e-07
1.46135e-07
1.44996e-07
1.34426e-07
1.17636e-07
9.71448e-08
7.61705e-08
5.67825e-08
4.05489e-08
2.78369e-08
1.85163e-08
1.21058e-08
7.78593e-09
4.96646e-09
3.18159e-09
2.05836e-09
1.35096e-09
8.93931e-10
5.88052e-10
3.94045e-10
2.71357e-10
1.93082e-10
1.41227e-10
1.06818e-10
8.39678e-11
6.85062e-11
5.79772e-11
5.1e-11
4.63808e-11
4.36168e-11
4.2786e-11
4.21302e-11
4.14172e-11
4.12577e-11
4.11917e-11
4.11842e-11
1.50189e-16
4.5129e-16
7.52534e-16
1.06391e-15
1.83911e-15
2.64642e-14
6.85086e-13
1.0515e-11
1.06676e-10
6.97616e-10
3.24553e-09
1.16574e-08
3.00636e-08
5.5985e-08
7.61214e-08
8.36498e-08
8.2341e-08
7.53185e-08
6.46506e-08
5.20746e-08
3.96317e-08
2.85497e-08
1.96293e-08
1.29938e-08
8.31887e-09
5.20492e-09
3.21471e-09
1.96846e-09
1.20326e-09
7.45821e-10
4.70811e-10
2.99515e-10
1.89196e-10
1.2227e-10
8.12592e-11
5.59016e-11
3.98427e-11
2.94579e-11
2.26345e-11
1.81618e-11
1.51985e-11
1.32572e-11
1.20221e-11
1.12423e-11
1.09999e-11
1.0915e-11
1.07701e-11
1.07582e-11
1.07733e-11
1.07939e-11
5.28533e-17
1.58747e-16
2.64447e-16
3.72766e-16
6.17017e-16
8.93598e-15
2.64752e-13
4.55085e-12
4.98075e-11
3.50138e-10
1.73466e-09
6.52423e-09
1.73451e-08
3.20655e-08
4.36657e-08
4.77712e-08
4.66536e-08
4.20658e-08
3.52996e-08
2.76063e-08
2.03731e-08
1.41485e-08
9.35889e-09
5.96852e-09
3.66656e-09
2.1972e-09
1.29654e-09
7.58878e-10
4.4354e-10
2.6281e-10
1.58915e-10
9.73525e-11
5.91649e-11
3.67753e-11
2.35509e-11
1.56855e-11
1.085e-11
7.81206e-12
5.87743e-12
4.6375e-12
3.83338e-12
3.32187e-12
3.00739e-12
2.81426e-12
2.7574e-12
2.74948e-12
2.72084e-12
2.72493e-12
2.73697e-12
2.74761e-12
1.86079e-17
5.58398e-17
9.3061e-17
1.3084e-16
1.97721e-16
2.57765e-15
9.65837e-14
1.92329e-12
2.31494e-11
1.7667e-10
9.34244e-10
3.66584e-09
9.98787e-09
1.85324e-08
2.50553e-08
2.72413e-08
2.63739e-08
2.3389e-08
1.91136e-08
1.44825e-08
1.03128e-08
6.89034e-09
4.37078e-09
2.67648e-09
1.57359e-09
8.97045e-10
5.0513e-10
2.81635e-10
1.56073e-10
8.78882e-11
5.08636e-11
2.98739e-11
1.73134e-11
1.03515e-11
6.38448e-12
4.09927e-12
2.75728e-12
1.94107e-12
1.4326e-12
1.11642e-12
9.18545e-13
7.94e-13
7.20158e-13
6.77086e-13
6.66541e-13
6.70051e-13
6.65829e-13
6.69802e-13
6.75487e-13
6.79996e-13
6.56421e-18
1.97038e-17
3.28201e-17
4.60546e-17
6.85795e-17
9.35995e-16
3.89653e-14
8.49341e-13
1.11519e-11
8.9413e-11
4.95159e-10
2.04973e-09
5.73235e-09
1.06127e-08
1.43576e-08
1.55662e-08
1.48685e-08
1.29388e-08
1.02654e-08
7.51164e-09
5.15121e-09
3.30639e-09
2.0145e-09
1.18147e-09
6.62358e-10
3.59664e-10
1.92534e-10
1.01888e-10
5.36129e-11
2.87524e-11
1.58398e-11
8.89746e-12
4.95069e-12
2.83762e-12
1.67873e-12
1.04194e-12
6.81478e-13
4.68347e-13
3.39938e-13
2.6273e-13
2.15476e-13
1.86772e-13
1.70791e-13
1.60297e-13
1.57533e-13
1.60433e-13
1.60611e-13
1.6235e-13
1.64394e-13
1.65974e-13
2.31764e-18
6.95617e-18
1.15874e-17
1.62536e-17
2.36557e-17
3.10564e-16
1.49064e-14
3.70867e-13
5.17971e-12
4.45194e-11
2.61478e-10
1.1245e-09
3.25649e-09
6.02832e-09
8.17112e-09
8.83099e-09
8.33805e-09
7.11308e-09
5.48593e-09
3.87054e-09
2.55447e-09
1.57461e-09
9.19766e-10
5.14689e-10
2.7512e-10
1.42337e-10
7.20838e-11
3.61752e-11
1.81245e-11
9.21852e-12
4.82627e-12
2.60129e-12
1.38681e-12
7.60428e-13
4.32913e-13
2.6021e-13
1.65301e-13
1.11252e-13
7.99124e-14
6.15007e-14
5.05933e-14
4.42775e-14
4.1016e-14
3.85655e-14
3.77878e-14
3.8805e-14
3.8988e-14
3.95468e-14
4.01949e-14
4.06806e-14
8.18937e-19
2.45743e-18
4.09526e-18
5.74375e-18
8.027e-18
9.17878e-17
5.48096e-15
1.59889e-13
2.47015e-12
2.25861e-11
1.39714e-10
6.24122e-10
1.85073e-09
3.46441e-09
4.66674e-09
5.0059e-09
4.65631e-09
3.8779e-09
2.89654e-09
1.97e-09
1.24821e-09
7.36664e-10
4.10444e-10
2.1867e-10
1.10886e-10
5.40786e-11
2.591e-11
1.22876e-11
5.78951e-12
2.77856e-12
1.38348e-12
7.11004e-13
3.59684e-13
1.8915e-13
1.03628e-13
6.01477e-14
3.74713e-14
2.50202e-14
1.79895e-14
1.40116e-14
1.17592e-14
1.04735e-14
9.86013e-15
9.39117e-15
9.25061e-15
9.56763e-15
9.64111e-15
9.80776e-15
9.9926e-15
1.01355e-14
2.89659e-19
8.69588e-19
1.44913e-18
2.03084e-18
2.82562e-18
3.38725e-17
2.21805e-15
7.10134e-14
1.20327e-12
1.14644e-11
7.37814e-11
3.45688e-10
1.05125e-09
1.97287e-09
2.67316e-09
2.84208e-09
2.58386e-09
2.09425e-09
1.50866e-09
9.87185e-10
6.01373e-10
3.39756e-10
1.80692e-10
9.15435e-11
4.38511e-11
2.01778e-11
9.11128e-12
4.07052e-12
1.80653e-12
8.19107e-13
3.85598e-13
1.88629e-13
9.13453e-14
4.60164e-14
2.42496e-14
1.37142e-14
8.43491e-15
5.63467e-15
4.10682e-15
3.27143e-15
2.81172e-15
2.5563e-15
2.44157e-15
2.35688e-15
2.34958e-15
2.44893e-15
2.47894e-15
2.52814e-15
2.58073e-15
2.62194e-15
1.0255e-19
3.07822e-19
5.13098e-19
7.19169e-19
9.91047e-19
1.14792e-17
8.5441e-16
3.13707e-14
5.65866e-13
5.7286e-12
3.88312e-11
1.88448e-10
5.92539e-10
1.11798e-09
1.5202e-09
1.60245e-09
1.42576e-09
1.12276e-09
7.80849e-10
4.90057e-10
2.8672e-10
1.55222e-10
7.87119e-11
3.77825e-11
1.71113e-11
7.43565e-12
3.14804e-12
1.32308e-12
5.54746e-13
2.36638e-13
1.05134e-13
4.91902e-14
2.27889e-14
1.09996e-14
5.61854e-15
3.12702e-15
1.91705e-15
1.30173e-15
9.77892e-16
8.04071e-16
7.1177e-16
6.62252e-16
6.41795e-16
6.25001e-16
6.30085e-16
6.60819e-16
6.70026e-16
6.84339e-16
6.99924e-16
7.11963e-16
3.63367e-20
1.09056e-19
1.81834e-19
2.5513e-19
3.45686e-19
3.46477e-18
3.07445e-16
1.35908e-14
2.74352e-13
2.93967e-12
2.08525e-11
1.04338e-10
3.35035e-10
6.43271e-10
8.67602e-10
9.00901e-10
7.83531e-10
5.9482e-10
3.97635e-10
2.39502e-10
1.34108e-10
6.9354e-11
3.33704e-11
1.51539e-11
6.44659e-12
2.61306e-12
1.03832e-12
4.08625e-13
1.59592e-13
6.3686e-14
2.67364e-14
1.18875e-14
5.21626e-15
2.4347e-15
1.21823e-15
6.75387e-16
4.25236e-16
3.0278e-16
2.39685e-16
2.06484e-16
1.89802e-16
1.80888e-16
1.77714e-16
1.74854e-16
1.78025e-16
1.87224e-16
1.89845e-16
1.93958e-16
1.98381e-16
2.01947e-16
1.28831e-20
3.86829e-20
6.45012e-20
9.04559e-20
1.22774e-19
1.34665e-18
1.27808e-16
6.08014e-15
1.36143e-13
1.5106e-12
1.10491e-11
5.78162e-11
1.90125e-10
3.68073e-10
4.96713e-10
5.05424e-10
4.26437e-10
3.11667e-10
1.99509e-10
1.15243e-10
6.1763e-11
3.04808e-11
1.39252e-11
5.97549e-12
2.38262e-12
9.0365e-13
3.35664e-13
1.23483e-13
4.50713e-14
1.68631e-14
6.64006e-15
2.79926e-15
1.1796e-15
5.34848e-16
2.65468e-16
1.50987e-16
1.00052e-16
7.56812e-17
6.34101e-17
5.70061e-17
5.38494e-17
5.21504e-17
5.1728e-17
5.12948e-17
5.26492e-17
5.55179e-17
5.63982e-17
5.76363e-17
5.89461e-17
6.00332e-17
4.57124e-21
1.37247e-20
2.28915e-20
3.20995e-20
4.35083e-20
4.93236e-19
5.12929e-17
2.71173e-15
6.53722e-14
7.64151e-13
5.82475e-12
3.16254e-11
1.07441e-10
2.08011e-10
2.81963e-10
2.81652e-10
2.29793e-10
1.62582e-10
9.96244e-11
5.49297e-11
2.81901e-11
1.32546e-11
5.73379e-12
2.31985e-12
8.68349e-13
3.08362e-13
1.06425e-13
3.6612e-14
1.25366e-14
4.38667e-15
1.62019e-15
6.51883e-16
2.64951e-16
1.18064e-16
5.96772e-17
3.58585e-17
2.54835e-17
2.05895e-17
1.81568e-17
1.68407e-17
1.61906e-17
1.58471e-17
1.58137e-17
1.57136e-17
1.62177e-17
1.71316e-17
1.73979e-17
1.77772e-17
1.81883e-17
1.85284e-17
1.6234e-21
4.87331e-21
8.13135e-21
1.14209e-20
1.53535e-20
1.52821e-19
1.82378e-17
1.18056e-15
3.19708e-14
4.00335e-13
3.1826e-12
1.76223e-11
6.1058e-11
1.20287e-10
1.60221e-10
1.56051e-10
1.23254e-10
8.36695e-11
4.89893e-11
2.5797e-11
1.26109e-11
5.61353e-12
2.28367e-12
8.67239e-13
3.02423e-13
9.92735e-14
3.19597e-14
1.02035e-14
3.22936e-15
1.04951e-15
3.6475e-16
1.40024e-16
5.50184e-17
2.48965e-17
1.33979e-17
8.83109e-18
6.90213e-18
5.95498e-18
5.4772e-18
5.19382e-18
5.04108e-18
4.96416e-18
4.97491e-18
4.94853e-18
5.11814e-18
5.3974e-18
5.46572e-18
5.57551e-18
5.69836e-18
5.80544e-18
5.76761e-22
1.73212e-21
2.88997e-21
4.05878e-21
5.48516e-21
6.41059e-20
8.07035e-18
5.41566e-16
1.61717e-14
2.09933e-13
1.70876e-12
9.81759e-12
3.47353e-11
6.9811e-11
9.11624e-11
8.59191e-11
6.5371e-11
4.23968e-11
2.37677e-11
1.19639e-11
5.56031e-12
2.34154e-12
8.96639e-13
3.18523e-13
1.03338e-13
3.15704e-14
9.4514e-15
2.80073e-15
8.24221e-16
2.50005e-16
8.13905e-17
2.98933e-17
1.17117e-17
5.53513e-18
3.27033e-18
2.39663e-18
2.02898e-18
1.8321e-18
1.72503e-18
1.65242e-18
1.60701e-18
1.58145e-18
1.58315e-18
1.58249e-18
1.64307e-18
1.73011e-18
1.75131e-18
1.78465e-18
1.82212e-18
1.85656e-18
2.05037e-22
6.15815e-22
1.02775e-21
1.44264e-21
1.95794e-21
2.5876e-20
3.45118e-18
2.4809e-16
8.02213e-15
1.0856e-13
9.08422e-13
5.41038e-12
1.96734e-11
3.94125e-11
5.13931e-11
4.68978e-11
3.41326e-11
2.13254e-11
1.14478e-11
5.48725e-12
2.42952e-12
9.6723e-13
3.47926e-13
1.15825e-13
3.49945e-14
9.95321e-15
2.75813e-15
7.60848e-16
2.09137e-16
5.93223e-17
1.81642e-17
6.47798e-18
2.59425e-18
1.32992e-18
8.80577e-19
7.07471e-19
6.31862e-19
5.87013e-19
5.59075e-19
5.37001e-19
5.20942e-19
5.11825e-19
5.10767e-19
5.10986e-19
5.33666e-19
5.6228e-19
5.68975e-19
5.79331e-19
5.9125e-19
6.0245e-19
7.29436e-23
2.19048e-22
3.65695e-22
5.13557e-22
6.97641e-22
9.91515e-21
1.4358e-18
1.13453e-16
3.89179e-15
5.57313e-14
4.84166e-13
2.95369e-12
1.10796e-11
2.22953e-11
2.8697e-11
2.54103e-11
1.76691e-11
1.06121e-11
5.46216e-12
2.49239e-12
1.04646e-12
3.94278e-13
1.33218e-13
4.12515e-14
1.1629e-14
3.08489e-15
7.88941e-16
2.02062e-16
5.21051e-17
1.38264e-17
4.02073e-18
1.4283e-18
6.04926e-19
3.47425e-19
2.57259e-19
2.2094e-19
2.03973e-19
1.92824e-19
1.84458e-19
1.77049e-19
1.71179e-19
1.68016e-19
1.67083e-19
1.67078e-19
1.75176e-19
1.84603e-19
1.86418e-19
1.89641e-19
1.93627e-19
1.97318e-19
2.59641e-23
7.79755e-23
1.30201e-22
1.83152e-22
2.49517e-22
3.77927e-21
5.82338e-19
5.02677e-17
1.92344e-15
2.95937e-14
2.63567e-13
1.62804e-12
6.19313e-12
1.27482e-11
1.5853e-11
1.35344e-11
9.02191e-12
5.16568e-12
2.54169e-12
1.10558e-12
4.38306e-13
1.54851e-13
4.87152e-14
1.40127e-14
3.64126e-15
8.83625e-16
2.09404e-16
4.94876e-17
1.17415e-17
2.9175e-18
8.26198e-19
3.03693e-19
1.42944e-19
9.59273e-20
7.87438e-20
7.08975e-20
6.69025e-20
6.39662e-20
6.1192e-20
5.86322e-20
5.65803e-20
5.54875e-20
5.50008e-20
5.52019e-20
5.76338e-20
6.01018e-20
6.06542e-20
6.16602e-20
6.2824e-20
6.39909e-20
9.24566e-24
2.77753e-23
4.63856e-23
6.52339e-23
8.98726e-23
1.66824e-21
2.6553e-19
2.36045e-17
9.74272e-16
1.55225e-14
1.39556e-13
8.80561e-13
3.37595e-12
7.00899e-12
8.49837e-12
6.94792e-12
4.43737e-12
2.42283e-12
1.13937e-12
4.72261e-13
1.76789e-13
5.83936e-14
1.70851e-14
4.55931e-15
1.09108e-15
2.43578e-16
5.32396e-17
1.16292e-17
2.5604e-18
6.02955e-19
1.70336e-19
6.81546e-20
3.72072e-20
2.85418e-20
2.50912e-20
2.32143e-20
2.20969e-20
2.11687e-20
2.02263e-20
1.93473e-20
1.8628e-20
1.82138e-20
1.80259e-20
1.80998e-20
1.88451e-20
1.9531e-20
1.96936e-20
1.99817e-20
2.03302e-20
2.07106e-20
3.29422e-24
9.89689e-24
1.65336e-23
2.32417e-23
3.15068e-23
5.33819e-22
1.01764e-19
1.03933e-17
4.78831e-16
7.89961e-15
7.05447e-14
4.45406e-13
1.68813e-12
3.40102e-12
4.11031e-12
3.22512e-12
1.96501e-12
1.0296e-12
4.6152e-13
1.8177e-13
6.40296e-14
1.97172e-14
5.35255e-15
1.32442e-15
2.90774e-16
5.96079e-17
1.19047e-17
2.40494e-18
4.95227e-19
1.12681e-19
3.37279e-20
1.58204e-20
1.01626e-20
8.63593e-21
7.93188e-21
7.44284e-21
7.10989e-21
6.79526e-21
6.46266e-21
6.15189e-21
5.90778e-21
5.76302e-21
5.68239e-21
5.69602e-21
5.92708e-21
6.11805e-21
6.15299e-21
6.22785e-21
6.33062e-21
6.45034e-21
1.17798e-24
3.54116e-24
5.92142e-24
8.34061e-24
1.60452e-23
1.35825e-21
1.81395e-19
1.3489e-17
3.73719e-16
4.05559e-15
2.93845e-14
1.66008e-13
5.4423e-13
1.0169e-12
1.21526e-12
9.13595e-13
5.25724e-13
2.62225e-13
1.10879e-13
4.13864e-14
1.30852e-14
3.72994e-15
9.31719e-16
2.08022e-16
4.06346e-17
7.54426e-18
1.3158e-18
2.43908e-19
4.75008e-20
1.10864e-20
4.20846e-21
2.62935e-21
2.02314e-21
1.89638e-21
1.78489e-21
1.67853e-21
1.59889e-21
1.50881e-21
1.40749e-21
1.32206e-21
1.26551e-21
1.23374e-21
1.2059e-21
1.20877e-21
1.27657e-21
1.30587e-21
1.29133e-21
1.29861e-21
1.32183e-21
1.35379e-21
