0.0553063
0.153356
0.233239
0.302709
0.366093
0.426249
0.485196
0.5443
0.604478
0.666569
0.730978
0.797942
0.86768
0.940008
1.01473
1.09158
1.17008
1.2497
1.32991
1.41006
1.4897
1.56831
1.64492
1.71969
1.79299
1.86343
1.92885
1.99019
2.04986
2.10653
2.16141
2.2144
2.26415
2.31156
2.35793
2.40456
2.45209
2.49891
2.5431
2.58375
2.6198
2.64879
2.66791
2.67596
2.69734
2.7433
2.79622
2.84963
2.9017
2.95024
0.0255381
0.0719483
0.110291
0.143973
0.174832
0.204071
0.232666
0.261224
0.290209
0.320145
0.351371
0.384054
0.418444
0.454788
0.493007
0.532988
0.574795
0.618108
0.662421
0.7074
0.75265
0.797565
0.841846
0.885216
0.927269
0.967784
1.00721
1.04333
1.07621
1.10683
1.13577
1.16532
1.19291
1.21871
1.24498
1.27253
1.29956
1.32553
1.35117
1.37376
1.39512
1.41351
1.42544
1.42867
1.43384
1.45599
1.48887
1.52433
1.56078
1.59712
0.0131551
0.0371605
0.0571441
0.0748647
0.0913012
0.107116
0.122806
0.1387
0.155029
0.172084
0.190025
0.208953
0.229029
0.250335
0.272864
0.296596
0.321459
0.347285
0.373787
0.400583
0.427414
0.453882
0.479254
0.503628
0.527104
0.549268
0.570364
0.590758
0.609595
0.626632
0.642658
0.658616
0.673687
0.687504
0.701017
0.714381
0.728588
0.743213
0.757711
0.771349
0.78304
0.793554
0.801352
0.803963
0.802641
0.809328
0.827055
0.847293
0.868314
0.88781
0.00693288
0.0196835
0.0304152
0.0400335
0.0491067
0.0580301
0.0670472
0.0763574
0.0861487
0.0965612
0.107684
0.119641
0.132496
0.146221
0.160867
0.176431
0.19271
0.209569
0.226825
0.244106
0.261212
0.27787
0.293576
0.308036
0.321397
0.333696
0.345353
0.356708
0.367395
0.376976
0.385698
0.394358
0.402502
0.409723
0.416623
0.423348
0.42973
0.43672
0.444822
0.453077
0.46051
0.46685
0.471236
0.47327
0.472997
0.475816
0.4852
0.497053
0.509322
0.519678
0.00375288
0.0106944
0.0165686
0.0218802
0.0269654
0.0320633
0.0373288
0.0428893
0.0488719
0.0553881
0.0625009
0.0702986
0.0788301
0.0880617
0.0980249
0.108679
0.119841
0.131381
0.143091
0.154619
0.165798
0.176459
0.186401
0.195507
0.203609
0.21074
0.217171
0.223346
0.229247
0.23494
0.240348
0.245532
0.250258
0.254424
0.258354
0.261897
0.265197
0.268503
0.27212
0.276276
0.280733
0.284777
0.287644
0.28897
0.288363
0.289157
0.294275
0.301541
0.308913
0.314534
0.0020651
0.00586957
0.00907528
0.0120353
0.014907
0.0178074
0.0208833
0.0242144
0.027868
0.0319525
0.0365431
0.0416704
0.0473702
0.0536902
0.0605874
0.0679822
0.0758252
0.0839459
0.0920835
0.10002
0.1076
0.114666
0.121149
0.126886
0.131839
0.136316
0.139946
0.143147
0.146534
0.149635
0.152576
0.155569
0.158387
0.160858
0.163151
0.165278
0.167073
0.16871
0.170635
0.173063
0.175575
0.17781
0.179576
0.180552
0.180059
0.180054
0.182878
0.187377
0.191902
0.195042
0.00116005
0.0033076
0.00511093
0.00676669
0.00837834
0.0100274
0.0117979
0.013756
0.0159686
0.0185182
0.021456
0.0248299
0.0286788
0.0330022
0.0377941
0.0430162
0.048547
0.0542534
0.0599689
0.0654064
0.0704608
0.0750751
0.0791527
0.0828519
0.0860773
0.0887554
0.0910444
0.0929323
0.0947282
0.0966135
0.098417
0.100034
0.101534
0.102951
0.104259
0.105478
0.10648
0.107282
0.108051
0.109089
0.110571
0.112135
0.113372
0.114094
0.113782
0.113502
0.115059
0.117849
0.120428
0.121951
0.000643807
0.00186712
0.00291339
0.00384775
0.00476765
0.00573818
0.00677252
0.00792868
0.00927759
0.0108637
0.0127422
0.014975
0.0175829
0.0205512
0.0238971
0.027588
0.0315078
0.035536
0.0395159
0.0432507
0.0466125
0.049523
0.052004
0.0541721
0.056071
0.0576096
0.0588397
0.0598841
0.0608056
0.061803
0.0628671
0.0637684
0.0645485
0.0653551
0.0661166
0.0668229
0.0675203
0.0680614
0.0684586
0.0688365
0.0694215
0.0703097
0.0711519
0.0716956
0.0715563
0.071271
0.0720875
0.0737522
0.0751142
0.0757277
0.000330218
0.000960119
0.00150985
0.00203647
0.00257782
0.00315556
0.00379044
0.00451153
0.00535656
0.00636677
0.00758774
0.00906915
0.0108378
0.0128893
0.0152305
0.0178199
0.0205595
0.0233701
0.0261116
0.0286094
0.0308245
0.0326956
0.0341888
0.0354321
0.0364888
0.037352
0.0380076
0.0384958
0.038913
0.0393844
0.0399317
0.0403871
0.0407501
0.041127
0.0414919
0.0418398
0.0421948
0.0425132
0.0427406
0.0429348
0.0432517
0.0437806
0.0443528
0.0447343
0.0446949
0.044529
0.045008
0.0460171
0.0467428
0.0469699
0.000142405
0.000422969
0.000686537
0.000966181
0.00127771
0.00162544
0.00202125
0.00248028
0.00302334
0.00367693
0.00447713
0.0054672
0.00667256
0.00809205
0.00972953
0.011546
0.0134564
0.015388
0.017242
0.0188799
0.020295
0.0214635
0.022334
0.0230035
0.0235384
0.0239621
0.0242987
0.0245374
0.0246992
0.0248826
0.0251231
0.0253188
0.0254552
0.0256035
0.0257526
0.0258993
0.0260539
0.0262
0.026304
0.0263647
0.0264659
0.0267262
0.0270757
0.0273345
0.0273379
0.027233
0.0275088
0.0281004
0.0284612
0.0285095
4.81467e-05
0.000150316
0.000261654
0.000399176
0.000571197
0.000777613
0.00102358
0.00131728
0.00166994
0.00209572
0.00262174
0.00328492
0.00410729
0.00509053
0.00623523
0.00750589
0.00882973
0.010144
0.0113789
0.0124354
0.0133062
0.0139931
0.01447
0.0147974
0.0150394
0.0152079
0.0153265
0.015414
0.015453
0.015493
0.0155731
0.0156284
0.015649
0.0156824
0.0157223
0.0157691
0.0158278
0.0158935
0.015941
0.015951
0.0159545
0.0160575
0.0162578
0.0164193
0.0164276
0.0163591
0.0165093
0.0168371
0.016999
0.016981
1.20507e-05
4.1399e-05
8.18524e-05
0.000142519
0.000230259
0.000346598
0.000494228
0.000678921
0.000907187
0.00118483
0.00153045
0.00197383
0.00253381
0.00321408
0.00401296
0.00489783
0.00580675
0.00669043
0.0075009
0.0081668
0.00868327
0.00905919
0.00929443
0.00942846
0.00950967
0.00954951
0.00955793
0.00955481
0.00952945
0.0095008
0.00949764
0.009482
0.00944612
0.00942338
0.00940814
0.00940195
0.00941024
0.00943145
0.0094482
0.0094411
0.00942112
0.00945204
0.00955882
0.00966507
0.00968109
0.00963933
0.00971793
0.0098922
0.0099575
0.00992667
2.29838e-06
9.15838e-06
2.18222e-05
4.53357e-05
8.54847e-05
0.000145894
0.000229927
0.000342108
0.000487667
0.000668288
0.000895572
0.00119151
0.00157159
0.00204078
0.00259697
0.0032096
0.00382754
0.00441399
0.00493552
0.00534136
0.00563368
0.00582357
0.00592288
0.00595943
0.00596153
0.00594024
0.00589993
0.00585401
0.00579906
0.0057423
0.0057018
0.0056578
0.0056019
0.00555784
0.00552202
0.00549375
0.00547702
0.00547086
0.00546805
0.00545652
0.00543589
0.0054353
0.00548327
0.00554934
0.00556564
0.00554009
0.00557993
0.00566948
0.00569293
0.00566886
3.82198e-07
1.81643e-06
5.37708e-06
1.35808e-05
3.02652e-05
5.92645e-05
0.000104361
0.000169894
0.000260638
0.000377545
0.000527582
0.000725447
0.00098323
0.0013057
0.00169169
0.00211275
0.0025291
0.00291249
0.00323807
0.00347403
0.00362968
0.00371494
0.00374443
0.0037374
0.00370826
0.0036647
0.00360994
0.00355235
0.00349072
0.00342876
0.00337649
0.0033244
0.00326739
0.00322051
0.00318216
0.00315028
0.00312593
0.00310911
0.00309714
0.00308574
0.00306992
0.00305892
0.00307739
0.00311411
0.0031241
0.00310818
0.00312679
0.00317031
0.0031769
0.00316258
6.67551e-08
3.70008e-07
1.34946e-06
4.10665e-06
1.07103e-05
2.40116e-05
4.7264e-05
8.44109e-05
0.000139626
0.000214612
0.000313793
0.000446311
0.000621519
0.000842644
0.00111052
0.00139796
0.00167484
0.00192053
0.00211418
0.0022434
0.0023194
0.00235021
0.00234785
0.00232407
0.00228611
0.00223896
0.00218585
0.00213207
0.00207636
0.00202081
0.00197111
0.00192237
0.00187287
0.00183173
0.00179779
0.00176949
0.00174587
0.00172744
0.00171363
0.00170388
0.00169303
0.00168159
0.00168777
0.0017088
0.00171511
0.00170495
0.00171273
0.00173246
0.0017327
0.00172552
1.6034e-08
9.54566e-08
3.92465e-07
1.37455e-06
4.05329e-06
1.00031e-05
2.1737e-05
4.23527e-05
7.4573e-05
0.000121427
0.000186592
0.000275134
0.000393501
0.00054544
0.000728785
0.000923732
0.00110757
0.00126138
0.00137359
0.0014403
0.00147091
0.00147561
0.00146139
0.00143282
0.00139591
0.00135472
0.00130912
0.0012638
0.00121922
0.00117507
0.00113482
0.0010961
0.00105784
0.00102528
0.000998059
0.000975965
0.00095673
0.000940938
0.000929425
0.000921359
0.000913328
0.000904569
0.000905563
0.000915987
0.000918824
0.00091235
0.000915697
0.0009254
0.000924357
0.000920547
3.06173e-09
1.90578e-08
9.35281e-08
3.98578e-07
1.40695e-06
4.00618e-06
9.65958e-06
2.05474e-05
3.94026e-05
6.83929e-05
0.000110704
0.000170329
0.000250607
0.000354492
0.000479731
0.000611439
0.000731649
0.000825371
0.000887988
0.000918431
0.000927079
0.000920909
0.00090292
0.000876552
0.000845222
0.000811441
0.000775695
0.000740327
0.000705982
0.000672935
0.000642806
0.000613969
0.000586068
0.000562336
0.000542309
0.000525826
0.000511877
0.000500269
0.000491292
0.000485008
0.000479695
0.000473587
0.000472036
0.00047683
0.000478697
0.000475387
0.000476264
0.000480266
0.000479467
0.00047792
7.4023e-10
4.28007e-09
2.34914e-08
1.19552e-07
4.98168e-07
1.63096e-06
4.38101e-06
1.01814e-05
2.11023e-05
3.90212e-05
6.65881e-05
0.000106778
0.000161668
0.00023199
0.000317857
0.00040604
0.000482157
0.000537723
0.000569691
0.00058111
0.000580387
0.000570845
0.000554251
0.000532482
0.000507304
0.000480921
0.000454027
0.000427671
0.000402578
0.000379133
0.000357817
0.000337435
0.000318119
0.000301788
0.00028797
0.000276501
0.000266947
0.000258996
0.000252574
0.000248025
0.000244634
0.000240847
0.000238891
0.00024061
0.00024159
0.000239897
0.000240002
0.000241494
0.000240929
0.000240358
2.02377e-10
1.00857e-09
5.88779e-09
3.56556e-08
1.73895e-07
6.65542e-07
2.01869e-06
5.13784e-06
1.14399e-05
2.2561e-05
4.05273e-05
6.76215e-05
0.000105165
0.000153396
0.000212042
0.000269939
0.000317117
0.000348273
0.000362941
0.000365678
0.000361383
0.000351758
0.000337816
0.000320769
0.000301495
0.00028154
0.000262076
0.000243237
0.000225589
0.000209602
0.000195161
0.000181524
0.00016876
0.0001582
0.000149285
0.000141762
0.000135605
0.00013052
0.000126314
0.000123239
0.000121056
0.000118869
0.000117263
0.000117569
0.000117963
0.00011699
0.000117015
0.000117691
0.000117303
0.000117112
6.4306e-11
2.84781e-10
1.62354e-09
1.13591e-08
6.58745e-08
2.82393e-07
9.42783e-07
2.61029e-06
6.24246e-06
1.2989e-05
2.4521e-05
4.27175e-05
6.83209e-05
0.000101442
0.000141354
0.000179244
0.000207489
0.000223757
0.000230036
0.00022903
0.000223752
0.000215513
0.000204635
0.000191659
0.000177484
0.000163297
0.00014963
0.000136565
0.000124704
0.000114223
0.000104781
9.60549e-05
8.80734e-05
8.13944e-05
7.57994e-05
7.11982e-05
6.74322e-05
6.43179e-05
6.17657e-05
5.98673e-05
5.84842e-05
5.72055e-05
5.6189e-05
5.61931e-05
5.63903e-05
5.58793e-05
5.57311e-05
5.59118e-05
5.57106e-05
5.56137e-05
2.0052e-11
7.41297e-11
3.68753e-10
3.01643e-09
2.15316e-08
1.11348e-07
4.27325e-07
1.31021e-06
3.39356e-06
7.51237e-06
1.49096e-05
2.70927e-05
4.45674e-05
6.69943e-05
9.40301e-05
0.000118309
0.000134769
0.000143173
0.000145119
0.000142764
0.000137967
0.000131294
0.000123062
0.000113701
0.000103616
9.36454e-05
8.43054e-05
7.56537e-05
6.78664e-05
6.11025e-05
5.5194e-05
4.9813e-05
4.49446e-05
4.09271e-05
3.75947e-05
3.48523e-05
3.26319e-05
3.08212e-05
2.9329e-05
2.81997e-05
2.7372e-05
2.66771e-05
2.60633e-05
2.59365e-05
2.60299e-05
2.57787e-05
2.56839e-05
2.57313e-05
2.5627e-05
2.55897e-05
6.75213e-12
2.30079e-11
1.00407e-10
9.0156e-10
7.52391e-09
4.45805e-08
1.94303e-07
6.60939e-07
1.84445e-06
4.34158e-06
9.06293e-06
1.71418e-05
2.90026e-05
4.43557e-05
6.24098e-05
7.77177e-05
8.70118e-05
9.09298e-05
9.10421e-05
8.86145e-05
8.46279e-05
7.95411e-05
7.35582e-05
6.68768e-05
5.98891e-05
5.3182e-05
4.69657e-05
4.13232e-05
3.64165e-05
3.22155e-05
2.85842e-05
2.53692e-05
2.25168e-05
2.01665e-05
1.82457e-05
1.66928e-05
1.54313e-05
1.44133e-05
1.35933e-05
1.29628e-05
1.24904e-05
1.21169e-05
1.17835e-05
1.16718e-05
1.16992e-05
1.15699e-05
1.15116e-05
1.15246e-05
1.14719e-05
1.14528e-05
2.22763e-12
7.01179e-12
2.34112e-11
2.24691e-10
2.33265e-09
1.68869e-08
8.54455e-08
3.25517e-07
1.00145e-06
2.51382e-06
5.5149e-06
1.08984e-05
1.89369e-05
2.92991e-05
4.12913e-05
5.07317e-05
5.5806e-05
5.75029e-05
5.68817e-05
5.47349e-05
5.16609e-05
4.78839e-05
4.36006e-05
3.90082e-05
3.42898e-05
2.98213e-05
2.58026e-05
2.22499e-05
1.9195e-05
1.66461e-05
1.45007e-05
1.26293e-05
1.10021e-05
9.68544e-06
8.62056e-06
7.76413e-06
7.07975e-06
6.5355e-06
6.09783e-06
5.76085e-06
5.50525e-06
5.31204e-06
5.14561e-06
5.06918e-06
5.0726e-06
5.01938e-06
4.98571e-06
4.9825e-06
4.95944e-06
4.95156e-06
7.61862e-13
2.34281e-12
6.69646e-12
6.54825e-11
7.92607e-10
6.52576e-09
3.77077e-08
1.61415e-07
5.38052e-07
1.44932e-06
3.35594e-06
6.89493e-06
1.23235e-05
1.93693e-05
2.71968e-05
3.28917e-05
3.55711e-05
3.61539e-05
3.5386e-05
3.36954e-05
3.13835e-05
2.86559e-05
2.56697e-05
2.25359e-05
1.94132e-05
1.65465e-05
1.40001e-05
1.17993e-05
9.97207e-06
8.47057e-06
7.22793e-06
6.17517e-06
5.27674e-06
4.55588e-06
3.98327e-06
3.53156e-06
3.17043e-06
2.88652e-06
2.66421e-06
2.49219e-06
2.3599e-06
2.26194e-06
2.17984e-06
2.13924e-06
2.13909e-06
2.11342e-06
2.09722e-06
2.096e-06
2.08529e-06
2.08135e-06
2.54817e-13
7.70419e-13
1.7198e-12
1.4331e-11
2.18865e-10
2.28979e-09
1.5708e-08
7.67214e-08
2.87966e-07
8.34184e-07
2.03558e-06
4.37924e-06
8.02826e-06
1.27651e-05
1.78231e-05
2.12016e-05
2.2559e-05
2.26497e-05
2.19239e-05
2.06344e-05
1.89715e-05
1.70392e-05
1.49703e-05
1.28899e-05
1.08693e-05
9.04437e-06
7.47882e-06
6.16039e-06
5.07809e-06
4.21483e-06
3.51928e-06
2.94021e-06
2.4585e-06
2.0815e-06
1.78558e-06
1.55426e-06
1.37355e-06
1.23334e-06
1.12356e-06
1.03975e-06
9.75582e-07
9.28321e-07
8.90644e-07
8.68101e-07
8.64606e-07
8.5538e-07
8.47524e-07
8.45773e-07
8.418e-07
8.40354e-07
8.73616e-14
2.64106e-13
5.36608e-13
4.01334e-12
7.07253e-11
8.48231e-10
6.69406e-09
3.71263e-08
1.5203e-07
4.75709e-07
1.23054e-06
2.75575e-06
5.19734e-06
8.36271e-06
1.15955e-05
1.35611e-05
1.42346e-05
1.41311e-05
1.35413e-05
1.25943e-05
1.14114e-05
1.00696e-05
8.6663e-06
7.29468e-06
6.00881e-06
4.88485e-06
3.93881e-06
3.16228e-06
2.54565e-06
2.06288e-06
1.68173e-06
1.3738e-06
1.12332e-06
9.30106e-07
7.81567e-07
6.67988e-07
5.79731e-07
5.12063e-07
4.60391e-07
4.21044e-07
3.9088e-07
3.68945e-07
3.51969e-07
3.41959e-07
3.40141e-07
3.35859e-07
3.32364e-07
3.31602e-07
3.29973e-07
3.29324e-07
2.96052e-14
8.93e-14
1.63239e-13
8.63286e-13
1.83183e-11
2.83099e-10
2.68358e-09
1.70807e-08
7.95633e-08
2.70554e-07
7.40454e-07
1.73761e-06
3.35863e-06
5.46342e-06
7.49647e-06
8.62755e-06
8.94065e-06
8.78562e-06
8.32557e-06
7.64473e-06
6.82189e-06
5.90412e-06
4.96527e-06
4.07977e-06
3.2781e-06
2.59357e-06
2.03765e-06
1.59374e-06
1.24662e-06
9.83431e-07
7.8203e-07
6.2263e-07
4.96357e-07
4.01852e-07
3.30425e-07
2.76518e-07
2.35719e-07
2.04864e-07
1.8137e-07
1.6381e-07
1.50605e-07
1.40993e-07
1.33732e-07
1.28895e-07
1.27525e-07
1.2605e-07
1.24653e-07
1.24317e-07
1.23812e-07
1.23615e-07
1.02375e-14
3.09347e-14
5.46477e-14
2.46273e-13
5.94285e-12
1.05778e-10
1.13751e-09
8.13101e-09
4.14964e-08
1.52315e-07
4.42395e-07
1.08269e-06
2.1509e-06
3.52171e-06
4.80207e-06
5.45136e-06
5.5938e-06
5.44358e-06
5.10138e-06
4.61646e-06
4.04876e-06
3.43169e-06
2.81847e-06
2.25646e-06
1.76428e-06
1.359e-06
1.03795e-06
7.88765e-07
6.00042e-07
4.60481e-07
3.56303e-07
2.76355e-07
2.14734e-07
1.69469e-07
1.36083e-07
1.11499e-07
9.31508e-08
7.94561e-08
6.92583e-08
6.17174e-08
5.60857e-08
5.20424e-08
4.90775e-08
4.71034e-08
4.6468e-08
4.58839e-08
4.53088e-08
4.51482e-08
4.49715e-08
4.49004e-08
3.52537e-15
1.06224e-14
1.82116e-14
5.70436e-14
1.46847e-12
3.42025e-11
4.49156e-10
3.70168e-09
2.13065e-08
8.57849e-08
2.64869e-07
6.76113e-07
1.3742e-06
2.2693e-06
3.0579e-06
3.42753e-06
3.4856e-06
3.36215e-06
3.1105e-06
2.7696e-06
2.38147e-06
1.97292e-06
1.57925e-06
1.23048e-06
9.35124e-07
6.98603e-07
5.18088e-07
3.82013e-07
2.81161e-07
2.09005e-07
1.57266e-07
1.18561e-07
8.9391e-08
6.87375e-08
5.38623e-08
4.30823e-08
3.52543e-08
2.95178e-08
2.52766e-08
2.21894e-08
1.99393e-08
1.83237e-08
1.71586e-08
1.64126e-08
1.61774e-08
1.59707e-08
1.57623e-08
1.57165e-08
1.56714e-08
1.56541e-08
1.23068e-15
3.71112e-15
6.28523e-15
1.72578e-14
4.93777e-13
1.33707e-11
1.96115e-10
1.77941e-09
1.12018e-08
4.80136e-08
1.56629e-07
4.18985e-07
8.72157e-07
1.43982e-06
1.92885e-06
2.14793e-06
2.16659e-06
2.07071e-06
1.88921e-06
1.65e-06
1.38778e-06
1.12045e-06
8.74021e-07
6.62422e-07
4.88149e-07
3.53909e-07
2.54348e-07
1.81442e-07
1.29266e-07
9.31568e-08
6.79366e-08
4.97262e-08
3.64498e-08
2.72282e-08
2.07469e-08
1.61969e-08
1.29606e-08
1.06214e-08
8.92929e-09
7.72083e-09
6.84752e-09
6.2345e-09
5.80852e-09
5.51808e-09
5.4123e-09
5.35224e-09
5.28252e-09
5.26484e-09
5.25454e-09
5.25238e-09
4.31228e-16
1.29951e-15
2.18558e-15
5.32687e-15
1.55121e-13
4.75038e-12
8.04294e-11
8.37611e-10
5.6587e-09
2.63601e-08
9.19389e-08
2.55197e-07
5.48027e-07
9.14809e-07
1.21178e-06
1.33753e-06
1.34045e-06
1.2669e-06
1.14061e-06
9.78343e-07
8.03379e-07
6.32698e-07
4.80618e-07
3.52861e-07
2.52219e-07
1.77723e-07
1.23447e-07
8.5069e-08
5.88067e-08
4.09734e-08
2.89029e-08
2.05722e-08
1.46382e-08
1.05963e-08
7.85215e-09
5.97974e-09
4.6588e-09
3.72926e-09
3.07728e-09
2.61304e-09
2.28187e-09
2.0543e-09
1.89806e-09
1.80348e-09
1.77527e-09
1.75003e-09
1.72284e-09
1.71609e-09
1.7131e-09
1.71246e-09
1.50786e-16
4.53693e-16
7.596e-16
1.46919e-15
3.90969e-14
1.62849e-12
3.32552e-11
3.79788e-10
2.89599e-09
1.45609e-08
5.36609e-08
1.57167e-07
3.44944e-07
5.80125e-07
7.58555e-07
8.30442e-07
8.26653e-07
7.72616e-07
6.84662e-07
5.75355e-07
4.60933e-07
3.52815e-07
2.59667e-07
1.8495e-07
1.28053e-07
8.69674e-08
5.8402e-08
3.88914e-08
2.58397e-08
1.73567e-08
1.1836e-08
8.13796e-09
5.59091e-09
3.92174e-09
2.81826e-09
2.08393e-09
1.58614e-09
1.24329e-09
1.00404e-09
8.38337e-10
7.22994e-10
6.44089e-10
5.91789e-10
5.57617e-10
5.45988e-10
5.40739e-10
5.33282e-10
5.31953e-10
5.3209e-10
5.32676e-10
5.30396e-17
1.59489e-16
2.66377e-16
4.84044e-16
1.27235e-14
6.11946e-13
1.43368e-11
1.82874e-10
1.49927e-09
8.06194e-09
3.14369e-08
9.58261e-08
2.15754e-07
3.60441e-07
4.71917e-07
5.14621e-07
5.08894e-07
4.69993e-07
4.08781e-07
3.35244e-07
2.61796e-07
1.94346e-07
1.38488e-07
9.56167e-08
6.39477e-08
4.18851e-08
2.70721e-08
1.73566e-08
1.11025e-08
7.17594e-09
4.7138e-09
3.13447e-09
2.08156e-09
1.41059e-09
9.80987e-10
7.0461e-10
5.21763e-10
3.98807e-10
3.15294e-10
2.585e-10
2.19629e-10
1.93654e-10
1.76899e-10
1.66104e-10
1.62288e-10
1.60985e-10
1.58859e-10
1.58619e-10
1.58946e-10
1.59317e-10
1.86612e-17
5.60438e-17
9.3549e-17
1.51661e-16
3.04313e-15
1.93915e-13
5.82701e-12
8.58674e-11
7.71761e-10
4.48269e-09
1.85358e-08
5.86426e-08
1.34774e-07
2.25823e-07
2.93752e-07
3.18565e-07
3.12752e-07
2.84905e-07
2.42437e-07
1.93694e-07
1.46827e-07
1.05551e-07
7.26281e-08
4.84691e-08
3.12505e-08
1.96319e-08
1.22015e-08
7.51101e-09
4.59376e-09
2.84274e-09
1.79738e-09
1.15123e-09
7.33464e-10
4.80067e-10
3.22726e-10
2.24145e-10
1.61497e-10
1.20521e-10
9.317e-11
7.50469e-11
6.30286e-11
5.503e-11
4.99976e-11
4.68634e-11
4.57674e-11
4.55757e-11
4.50415e-11
4.50908e-11
4.53094e-11
4.55063e-11
6.58169e-18
1.9774e-17
3.29749e-17
5.22658e-17
1.08296e-15
7.84885e-14
2.61259e-12
4.21124e-11
4.118e-10
2.50324e-09
1.07913e-08
3.57753e-08
8.39992e-08
1.40399e-07
1.82665e-07
1.97587e-07
1.918e-07
1.72008e-07
1.42837e-07
1.10871e-07
8.14363e-08
5.66171e-08
3.76682e-08
2.42399e-08
1.50148e-08
9.05561e-09
5.39432e-09
3.1771e-09
1.85977e-09
1.10405e-09
6.68829e-10
4.1171e-10
2.52949e-10
1.59329e-10
1.03027e-10
6.92393e-11
4.84411e-11
3.51503e-11
2.65427e-11
2.10065e-11
1.73967e-11
1.50609e-11
1.36537e-11
1.26859e-11
1.23039e-11
1.23502e-11
1.22592e-11
1.23084e-11
1.2403e-11
1.2484e-11
2.32335e-18
6.97926e-18
1.16377e-17
1.80744e-17
3.54788e-16
2.88644e-14
1.11238e-12
2.04169e-11
2.11882e-10
1.37593e-09
6.25956e-09
2.1461e-08
5.19123e-08
8.67059e-08
1.12918e-07
1.21793e-07
1.17114e-07
1.03328e-07
8.38337e-08
6.31387e-08
4.49174e-08
3.01848e-08
1.93821e-08
1.1988e-08
7.13262e-09
4.12913e-09
2.34699e-09
1.32162e-09
7.42012e-10
4.20918e-10
2.43912e-10
1.44672e-10
8.54886e-11
5.16815e-11
3.21834e-11
2.09103e-11
1.41465e-11
9.96695e-12
7.35439e-12
5.70652e-12
4.66031e-12
4.00853e-12
3.63051e-12
3.35096e-12
3.22405e-12
3.24946e-12
3.22859e-12
3.24747e-12
3.2816e-12
3.30938e-12
8.2077e-19
2.46483e-18
4.11161e-18
6.14279e-18
9.18444e-17
9.28259e-15
4.52411e-13
9.722e-12
1.11386e-10
7.67917e-10
3.66582e-09
1.30051e-08
3.21008e-08
5.41031e-08
7.0034e-08
7.50417e-08
7.12733e-08
6.165e-08
4.87228e-08
3.56029e-08
2.44851e-08
1.58675e-08
9.79074e-09
5.80829e-09
3.30607e-09
1.82099e-09
9.87675e-10
5.3024e-10
2.82565e-10
1.52469e-10
8.45315e-11
4.80086e-11
2.70416e-11
1.57032e-11
9.39572e-12
5.86026e-12
3.84041e-12
2.63491e-12
1.89925e-12
1.45065e-12
1.17613e-12
1.00713e-12
9.11695e-13
8.43736e-13
8.11461e-13
8.21623e-13
8.17713e-13
8.24569e-13
8.35264e-13
8.44272e-13
2.90268e-19
8.72248e-19
1.45491e-18
2.15998e-18
3.38553e-17
3.80811e-15
2.02611e-13
4.77972e-12
6.00087e-11
4.29997e-10
2.12853e-09
7.87661e-09
1.9851e-08
3.34941e-08
4.35476e-08
4.63092e-08
4.31523e-08
3.64952e-08
2.79945e-08
1.98146e-08
1.31892e-08
8.24013e-09
4.88882e-09
2.7784e-09
1.50639e-09
7.89772e-10
4.07358e-10
2.07797e-10
1.05203e-10
5.40568e-11
2.85239e-11
1.54819e-11
8.36583e-12
4.65037e-12
2.66172e-12
1.59647e-12
1.01039e-12
6.72221e-13
4.72802e-13
3.55127e-13
2.8465e-13
2.42408e-13
2.19012e-13
2.03348e-13
1.96737e-13
2.00693e-13
2.00645e-13
2.02972e-13
2.06184e-13
2.089e-13
1.02759e-19
3.08725e-19
5.15115e-19
7.60759e-19
1.16203e-17
1.42626e-15
8.65842e-14
2.3389e-12
3.12244e-11
2.37117e-10
1.23155e-09
4.70254e-09
1.2197e-08
2.06494e-08
2.6908e-08
2.84105e-08
2.6009e-08
2.14779e-08
1.60035e-08
1.09417e-08
7.04315e-09
4.24521e-09
2.41889e-09
1.31284e-09
6.7829e-10
3.38543e-10
1.6522e-10
7.99699e-11
3.85443e-11
1.87797e-11
9.41306e-12
4.90013e-12
2.5341e-12
1.34436e-12
7.369e-13
4.24927e-13
2.58503e-13
1.66487e-13
1.14356e-13
8.43002e-14
6.68091e-14
5.67108e-14
5.1203e-14
4.75964e-14
4.64095e-14
4.77466e-14
4.78731e-14
4.85838e-14
4.95361e-14
5.03133e-14
3.64094e-20
1.09367e-19
1.82547e-19
2.66209e-19
3.31349e-18
4.64736e-16
3.43047e-14
1.1144e-12
1.66302e-11
1.33531e-10
7.24192e-10
2.84467e-09
7.51446e-09
1.29e-08
1.66809e-08
1.73916e-08
1.56279e-08
1.25175e-08
9.02689e-09
5.96502e-09
3.70199e-09
2.14778e-09
1.17058e-09
6.05936e-10
2.96789e-10
1.3955e-10
6.44819e-11
2.94978e-11
1.33721e-11
6.14423e-12
2.92564e-12
1.44949e-12
7.09121e-13
3.59805e-13
1.88502e-13
1.03609e-13
6.07374e-14
3.80139e-14
2.55547e-14
1.86363e-14
1.47704e-14
1.25882e-14
1.14311e-14
1.07222e-14
1.05802e-14
1.09885e-14
1.10608e-14
1.12686e-14
1.15237e-14
1.17379e-14
1.29079e-20
3.87972e-20
6.47618e-20
9.43245e-20
1.29749e-18
2.00752e-16
1.56933e-14
5.49206e-13
9.09627e-12
7.55435e-11
4.21625e-10
1.72421e-09
4.64524e-09
8.01784e-09
1.03688e-08
1.06299e-08
9.31542e-09
7.22942e-09
5.0287e-09
3.20943e-09
1.91989e-09
1.07089e-09
5.58632e-10
2.75479e-10
1.27586e-10
5.66316e-11
2.46819e-11
1.06431e-11
4.54643e-12
1.97323e-12
8.86135e-13
4.16416e-13
1.94342e-13
9.39007e-14
4.67813e-14
2.46202e-14
1.38995e-14
8.42763e-15
5.54606e-15
4.00697e-15
3.17068e-15
2.71434e-15
2.48641e-15
2.35628e-15
2.35633e-15
2.47617e-15
2.50984e-15
2.56834e-15
2.63495e-15
2.69142e-15
4.57986e-21
1.37643e-20
2.29849e-20
3.34962e-20
4.91679e-19
8.14822e-17
6.95644e-15
2.70362e-13
4.82063e-12
4.20997e-11
2.4417e-10
1.03247e-09
2.86156e-09
4.92979e-09
6.39741e-09
6.46054e-09
5.50752e-09
4.16193e-09
2.79105e-09
1.71319e-09
9.88195e-10
5.29013e-10
2.63416e-10
1.23513e-10
5.41447e-11
2.26805e-11
9.26548e-12
3.76611e-12
1.51968e-12
6.20869e-13
2.62611e-13
1.17462e-13
5.21562e-14
2.3934e-14
1.13573e-14
5.72592e-15
3.10404e-15
1.82659e-15
1.18238e-15
8.487e-16
6.73437e-16
5.82242e-16
5.39573e-16
5.15745e-16
5.2307e-16
5.55905e-16
5.66072e-16
5.8154e-16
5.98758e-16
6.13029e-16
1.62653e-21
4.88726e-21
8.16559e-21
1.18637e-20
1.53322e-19
2.7125e-17
2.7088e-15
1.28823e-13
2.57999e-12
2.41103e-11
1.45615e-10
6.27577e-10
1.77067e-09
3.09242e-09
3.95129e-09
3.90815e-09
3.24432e-09
2.36931e-09
1.52985e-09
9.03509e-10
5.00255e-10
2.55703e-10
1.20827e-10
5.36519e-11
2.21312e-11
8.65581e-12
3.32453e-12
1.26544e-12
4.76122e-13
1.81763e-13
7.23708e-14
3.0597e-14
1.27775e-14
5.58236e-15
2.52265e-15
1.20767e-15
6.31983e-16
3.64959e-16
2.35841e-16
1.71693e-16
1.39372e-16
1.23288e-16
1.16732e-16
1.1326e-16
1.16464e-16
1.24771e-16
1.27315e-16
1.31068e-16
1.35174e-16
1.38674e-16
5.77841e-22
1.73729e-21
2.90243e-21
4.22386e-21
6.43563e-20
1.26575e-17
1.31021e-15
6.47028e-14
1.4311e-12
1.38725e-11
8.57035e-11
3.81962e-10
1.09639e-09
1.94476e-09
2.44275e-09
2.35133e-09
1.89269e-09
1.33068e-09
8.28754e-10
4.71285e-10
2.49958e-10
1.21873e-10
5.46888e-11
2.29193e-11
8.87609e-12
3.25901e-12
1.17371e-12
4.17701e-13
1.47073e-13
5.26275e-14
1.95862e-14
7.79011e-15
3.09707e-15
1.28133e-15
5.48799e-16
2.51983e-16
1.28008e-16
7.30958e-17
4.7707e-17
3.55883e-17
2.96571e-17
2.6829e-17
2.58514e-17
2.55216e-17
2.66067e-17
2.86451e-17
2.93184e-17
3.02202e-17
3.11831e-17
3.20306e-17
2.05408e-22
6.17637e-22
1.03228e-21
1.50754e-21
2.71123e-20
5.6721e-18
6.14944e-16
3.25392e-14
7.80081e-13
7.87865e-12
4.99404e-11
2.3e-10
6.75893e-10
1.19258e-09
1.49661e-09
1.40323e-09
1.08879e-09
7.42302e-10
4.45884e-10
2.43303e-10
1.23824e-10
5.75347e-11
2.44666e-11
9.69101e-12
3.52418e-12
1.21402e-12
4.07892e-13
1.35974e-13
4.49256e-14
1.50609e-14
5.23172e-15
1.96149e-15
7.4189e-16
2.9075e-16
1.18537e-16
5.24876e-17
2.61174e-17
1.49903e-17
1.00658e-17
7.78163e-18
6.6838e-18
6.18836e-18
6.03979e-18
6.02227e-18
6.36416e-18
6.87451e-18
7.04253e-18
7.2577e-18
7.48766e-18
7.69203e-18
7.30752e-23
2.19682e-22
3.67331e-22
5.3919e-22
1.09165e-20
2.40153e-18
2.80941e-16
1.63466e-14
4.15693e-13
4.43505e-12
2.91169e-11
1.37031e-10
4.13852e-10
7.31141e-10
9.07427e-10
8.30567e-10
6.20661e-10
4.09552e-10
2.37476e-10
1.24293e-10
6.04544e-11
2.67869e-11
1.07879e-11
4.01157e-12
1.37139e-12
4.43486e-13
1.38511e-13
4.31129e-14
1.33978e-14
4.19499e-15
1.36027e-15
4.8276e-16
1.73692e-16
6.4385e-17
2.5152e-17
1.08673e-17
5.3819e-18
3.18434e-18
2.25455e-18
1.82784e-18
1.62409e-18
1.53839e-18
1.51544e-18
1.52007e-18
1.61904e-18
1.74781e-18
1.7858e-18
1.83748e-18
1.8951e-18
1.94568e-18
2.60102e-23
7.82011e-23
1.30795e-22
1.93074e-22
4.32089e-21
9.9765e-19
1.23861e-16
7.88212e-15
2.23592e-13
2.56184e-12
1.723e-11
8.20188e-11
2.5057e-10
4.50171e-10
5.42296e-10
4.82042e-10
3.47997e-10
2.2065e-10
1.23212e-10
6.19365e-11
2.86768e-11
1.20248e-11
4.55184e-12
1.5863e-12
5.0481e-13
1.50732e-13
4.38968e-14
1.26831e-14
3.63887e-15
1.05823e-15
3.21308e-16
1.07123e-16
3.61545e-17
1.27853e-17
4.81672e-18
2.05458e-18
1.06491e-18
6.86967e-19
5.3046e-19
4.58877e-19
4.24115e-19
4.1035e-19
4.07178e-19
4.12043e-19
4.37235e-19
4.65177e-19
4.74467e-19
4.87153e-19
5.00573e-19
5.13116e-19
9.26122e-24
2.78568e-23
4.66028e-23
6.94561e-23
1.98177e-21
4.84934e-19
6.1311e-17
4.02397e-15
1.23411e-13
1.46616e-12
9.92138e-12
4.79857e-11
1.46854e-10
2.64511e-10
3.11883e-10
2.67713e-10
1.86616e-10
1.1368e-10
6.11178e-11
2.9503e-11
1.29893e-11
5.13627e-12
1.82528e-12
5.95176e-13
1.75809e-13
4.86458e-14
1.31441e-14
3.52195e-15
9.36231e-16
2.5343e-16
7.17949e-17
2.25311e-17
7.23459e-18
2.45321e-18
9.0588e-19
4.00025e-19
2.28057e-19
1.64661e-19
1.38381e-19
1.25775e-19
1.19036e-19
1.16193e-19
1.15646e-19
1.172e-19
1.23765e-19
1.30234e-19
1.3247e-19
1.35475e-19
1.38763e-19
1.42079e-19
3.29949e-24
9.92533e-24
1.66106e-23
2.40194e-23
5.13167e-22
1.66504e-19
2.58195e-17
1.95634e-15
6.66425e-14
8.10306e-13
5.3863e-12
2.58747e-11
7.77215e-11
1.35213e-10
1.59404e-10
1.32412e-10
8.87414e-11
5.22133e-11
2.69517e-11
1.24637e-11
5.19379e-12
1.93003e-12
6.42497e-13
1.95864e-13
5.33978e-14
1.36458e-14
3.38445e-15
8.39948e-16
2.07251e-16
5.22061e-17
1.39321e-17
4.20466e-18
1.29704e-18
4.30974e-19
1.62921e-19
7.95703e-20
5.24431e-20
4.25865e-20
3.81498e-20
3.56454e-20
3.41297e-20
3.34221e-20
3.31829e-20
3.3546e-20
3.53049e-20
3.68634e-20
3.73373e-20
3.80293e-20
3.88589e-20
3.97467e-20
1.18129e-24
3.55654e-24
5.96973e-24
1.53422e-23
2.61781e-21
4.97868e-19
4.88858e-17
2.63338e-15
5.27099e-14
4.18414e-13
2.26649e-12
9.81994e-12
2.56778e-11
4.15055e-11
4.86634e-11
3.90559e-11
2.49188e-11
1.40533e-11
6.89874e-12
3.05229e-12
1.14956e-12
3.99192e-13
1.23608e-13
3.43087e-14
8.37107e-15
1.95099e-15
4.2501e-16
9.67191e-17
2.2028e-17
5.12484e-18
1.34756e-18
4.24923e-19
1.28477e-19
4.41289e-20
1.89341e-20
1.15992e-20
9.3199e-21
8.36256e-21
7.71715e-21
7.25522e-21
6.97817e-21
6.84769e-21
6.74276e-21
6.80959e-21
7.25357e-21
7.48862e-21
7.45149e-21
7.53294e-21
7.69888e-21
7.90655e-21
