0.0533408
0.148017
0.225362
0.292859
0.354688
0.413626
0.471628
0.530012
0.589662
0.6514
0.715601
0.782486
0.852268
0.924742
0.999697
1.07687
1.15575
1.23581
1.31649
1.39713
1.47729
1.55641
1.63353
1.7088
1.78259
1.85351
1.91936
1.98111
2.04119
2.09826
2.15354
2.20691
2.257
2.30471
2.35138
2.39834
2.4462
2.49337
2.53789
2.57884
2.61517
2.64437
2.66363
2.67172
2.69329
2.73972
2.7932
2.84717
2.89977
2.94878
0.0225962
0.0638109
0.0980612
0.128379
0.156406
0.18323
0.209743
0.236503
0.26393
0.292523
0.322598
0.35431
0.387897
0.423592
0.461308
0.500922
0.542487
0.58567
0.629951
0.674982
0.720351
0.765435
0.809925
0.853532
0.895835
0.936607
0.976298
1.01266
1.04576
1.07659
1.10574
1.13553
1.16335
1.18935
1.21586
1.24368
1.271
1.29726
1.3232
1.34606
1.36768
1.3863
1.39838
1.40161
1.40683
1.42935
1.46279
1.49885
1.53589
1.57276
0.010217
0.028987
0.0447848
0.0589933
0.0723913
0.0855229
0.0988048
0.112507
0.126834
0.142054
0.158312
0.175706
0.194389
0.214436
0.23584
0.25858
0.282577
0.307653
0.333517
0.359776
0.386156
0.412246
0.4373
0.461398
0.484632
0.506577
0.527472
0.54768
0.566342
0.583211
0.599086
0.614923
0.629891
0.643623
0.65708
0.670413
0.684625
0.699283
0.713838
0.727547
0.739303
0.749887
0.757734
0.760325
0.758927
0.765677
0.783669
0.80423
0.825591
0.845377
0.00454025
0.0129815
0.0202132
0.0268438
0.0332641
0.0397613
0.0465181
0.0536916
0.0614385
0.0698865
0.0791215
0.0892613
0.100376
0.112448
0.12553
0.139622
0.154537
0.170137
0.186239
0.202474
0.218631
0.234431
0.249366
0.263133
0.275856
0.287565
0.29866
0.309474
0.319645
0.328743
0.337013
0.345251
0.353014
0.359903
0.366511
0.372979
0.37913
0.385905
0.393808
0.401893
0.409185
0.415412
0.419711
0.421672
0.421337
0.424096
0.433445
0.445301
0.457601
0.467992
0.0020112
0.00578898
0.00906858
0.0121324
0.015176
0.0183506
0.0217616
0.0255012
0.0296694
0.0343638
0.0396486
0.0456115
0.0523096
0.0597303
0.0679136
0.0768331
0.0863347
0.0962975
0.106527
0.116689
0.12661
0.136115
0.145003
0.153151
0.160386
0.166728
0.172428
0.17789
0.183099
0.188121
0.192889
0.197471
0.201655
0.205347
0.208851
0.212021
0.214984
0.217972
0.221272
0.225106
0.229251
0.233028
0.235698
0.236901
0.236257
0.236955
0.241827
0.248809
0.255937
0.261391
0.000883943
0.00254633
0.00399645
0.00539557
0.00682102
0.00833614
0.0100255
0.0119435
0.0141423
0.0167043
0.0196976
0.0231644
0.0271504
0.0317068
0.0368194
0.0424401
0.0485331
0.0549592
0.0614971
0.0679455
0.0741484
0.0799551
0.0852882
0.0899964
0.0940317
0.0976565
0.100548
0.103057
0.105726
0.108147
0.110438
0.112794
0.115024
0.116981
0.11881
0.120522
0.121962
0.123278
0.124861
0.126904
0.129041
0.130953
0.132464
0.133279
0.132783
0.132722
0.135208
0.139243
0.143345
0.146212
0.000384579
0.00111635
0.00176128
0.00239013
0.00304373
0.00375906
0.00457694
0.00553425
0.00667376
0.00805245
0.00971484
0.0117084
0.0140773
0.016838
0.0200045
0.0235634
0.0274352
0.0315191
0.0356838
0.0396946
0.0434463
0.0468759
0.0498944
0.0526158
0.0549602
0.0568678
0.0584636
0.0597338
0.0609239
0.0621834
0.0633857
0.0644544
0.0654486
0.066403
0.0672909
0.0681305
0.0688142
0.0693532
0.069875
0.0706213
0.0717349
0.0729315
0.0738795
0.0744204
0.0741255
0.0738522
0.0750791
0.0773463
0.0794761
0.0807461
0.000161061
0.000478552
0.000769027
0.00105171
0.00135551
0.00170352
0.00210346
0.00258139
0.0031732
0.00390857
0.00482593
0.00597218
0.00737628
0.009045
0.0110036
0.0132437
0.0156977
0.0182853
0.0208912
0.0233655
0.0256012
0.027527
0.0291459
0.0305365
0.0317286
0.0326577
0.0333614
0.033928
0.0344016
0.0349251
0.0355011
0.0359718
0.0363687
0.0368036
0.0372234
0.037618
0.0380203
0.0383246
0.038536
0.0387403
0.0390954
0.0396759
0.0402367
0.0405932
0.0404638
0.0402272
0.0407845
0.0419772
0.0429748
0.0434293
6.10148e-05
0.000183308
0.000300719
0.000426468
0.000570574
0.000740116
0.00094298
0.00119132
0.00150289
0.00189948
0.00240832
0.00306311
0.00389013
0.00489916
0.00610675
0.00749983
0.00902674
0.010637
0.0122391
0.013713
0.0150191
0.0161083
0.0169523
0.017629
0.0181788
0.0186014
0.0188889
0.0190677
0.0191983
0.0193596
0.0195698
0.01973
0.0198416
0.019975
0.0201128
0.0202502
0.0204016
0.0205396
0.0206292
0.0207039
0.0208562
0.0211433
0.021466
0.0216784
0.0216337
0.0215098
0.0217875
0.022411
0.0228714
0.0230173
1.85227e-05
5.77816e-05
0.0001001
0.000151968
0.000217797
0.000300155
0.000403074
0.000533148
0.000699593
0.000914755
0.00119702
0.00157101
0.00205732
0.00266501
0.00340598
0.00426888
0.00521312
0.00619614
0.00715834
0.0080137
0.00874694
0.00933807
0.00975596
0.0100537
0.0102689
0.0104185
0.0105171
0.0105599
0.0105589
0.0105678
0.0106078
0.0106281
0.0106229
0.0106333
0.0106522
0.0106769
0.0107121
0.0107487
0.0107689
0.0107711
0.0107965
0.0109066
0.0110685
0.0111883
0.011177
0.0111088
0.0112417
0.0115505
0.0117443
0.0117705
4.2974e-06
1.43773e-05
2.74898e-05
4.67037e-05
7.46758e-05
0.000113088
0.000164324
0.000232046
0.000321318
0.00043852
0.000595361
0.000809168
0.00109501
0.00146079
0.00191456
0.00244669
0.00302587
0.00361858
0.0041857
0.00467136
0.00506448
0.00536179
0.00555067
0.00566071
0.00572416
0.00575001
0.00575016
0.00573407
0.00569442
0.00565444
0.00563287
0.0056026
0.00556068
0.00553089
0.00550963
0.00549629
0.00549227
0.00549502
0.00549358
0.00547912
0.00546367
0.00549215
0.00556573
0.00562588
0.00562115
0.00558313
0.00564182
0.00578393
0.005856
0.00584736
7.9886e-07
2.91003e-06
6.336e-06
1.2494e-05
2.31152e-05
3.9715e-05
6.40985e-05
9.85584e-05
0.000146218
0.000210278
0.00029775
0.00042025
0.000588494
0.000808885
0.0010867
0.0014136
0.00176551
0.00211823
0.00244657
0.00271459
0.0029158
0.00305195
0.00312407
0.00314974
0.00315024
0.0031325
0.00310078
0.00306353
0.00301707
0.00296922
0.00293142
0.00289041
0.00284439
0.00280764
0.00277746
0.00275392
0.00273838
0.00272984
0.00272203
0.0027078
0.00269035
0.00269161
0.00272134
0.00275302
0.00275364
0.00273379
0.00275804
0.00281985
0.00284331
0.00283121
1.55287e-07
5.71461e-07
1.34763e-06
3.04842e-06
6.60543e-06
1.31407e-05
2.40225e-05
4.09969e-05
6.61103e-05
0.00010121
0.00015036
0.000220928
0.000320277
0.000453302
0.000623576
0.000823706
0.00103564
0.00124268
0.00142855
0.00157065
0.00166765
0.00172295
0.00174224
0.00173663
0.001717
0.00168863
0.00165316
0.00161546
0.00157465
0.00153356
0.00149808
0.00146251
0.00142497
0.00139398
0.00136805
0.0013466
0.00133042
0.00131886
0.00130968
0.00129925
0.00128714
0.00128135
0.00129033
0.00130582
0.00130763
0.00129737
0.00130683
0.00133251
0.00133902
0.00133118
3.98612e-08
1.34068e-07
3.0274e-07
7.31277e-07
1.81573e-06
4.19186e-06
8.75732e-06
1.67597e-05
2.97511e-05
4.89761e-05
7.68704e-05
0.000117891
0.000176945
0.000257454
0.000361967
0.000483986
0.000610663
0.000730332
0.000832078
0.000903328
0.000946377
0.000964431
0.000963226
0.00094957
0.000928296
0.000902519
0.000873348
0.000843406
0.000812459
0.000781878
0.000754343
0.000727585
0.000700728
0.000678363
0.000659789
0.000644256
0.000631754
0.000622004
0.000614232
0.000607378
0.000600135
0.000594396
0.000595926
0.000602448
0.000603153
0.000597846
0.000601066
0.000611023
0.000612243
0.000608356
1.23224e-08
3.82872e-08
7.80539e-08
1.86012e-07
5.07123e-07
1.34303e-06
3.20127e-06
6.87779e-06
1.34616e-05
2.394e-05
3.98712e-05
6.3912e-05
9.93185e-05
0.000148241
0.000212697
0.000286829
0.000361666
0.000429427
0.000482231
0.000515417
0.000532168
0.000535
0.000527947
0.00051467
0.000497284
0.000477527
0.000456395
0.000435317
0.000414029
0.000393215
0.00037415
0.000355814
0.000338105
0.000323411
0.00031124
0.000301117
0.000292669
0.000285825
0.000280359
0.000276133
0.00027211
0.000268222
0.000267857
0.000270692
0.000271002
0.00026824
0.000269092
0.000272629
0.000272428
0.00027079
4.10661e-09
1.22603e-08
2.32078e-08
5.36525e-08
1.55092e-07
4.50346e-07
1.20306e-06
2.8743e-06
6.08456e-06
1.16559e-05
2.07014e-05
3.47677e-05
5.59247e-05
8.58231e-05
0.000125116
0.00016991
0.000214072
0.000251483
0.000278044
0.000292308
0.000296845
0.000294495
0.000287305
0.000276571
0.000263841
0.000250294
0.000235936
0.000221891
0.000208324
0.000195167
0.000183073
0.000171656
0.000160847
0.000151785
0.00014427
0.000138169
0.000132953
0.000128635
0.000125294
0.00012275
0.000120448
0.000118194
0.000117526
0.000118493
0.000118454
0.000117033
0.000117215
0.000118569
0.000118261
0.000117537
1.35976e-09
3.96668e-09
6.87903e-09
1.43791e-08
4.32465e-08
1.42879e-07
4.31398e-07
1.14995e-06
2.71455e-06
5.6421e-06
1.07193e-05
1.90326e-05
3.1774e-05
5.00052e-05
7.39968e-05
0.000101014
0.000126667
0.000146723
0.000159478
0.000164585
0.000164579
0.000161177
0.000155209
0.000147494
0.000138809
0.000129802
0.000120619
0.000111744
0.00010329
9.53193e-05
8.8072e-05
8.12865e-05
7.49755e-05
6.97168e-05
6.53532e-05
6.18003e-05
5.88392e-05
5.63855e-05
5.4435e-05
5.29722e-05
5.17567e-05
5.05402e-05
4.99365e-05
5.02023e-05
5.01911e-05
4.95732e-05
4.95143e-05
4.99276e-05
4.97524e-05
4.94983e-05
4.56184e-10
1.32505e-09
2.20204e-09
4.19735e-09
1.26508e-08
4.68114e-08
1.59763e-07
4.74747e-07
1.23536e-06
2.78201e-06
5.65422e-06
1.05926e-05
1.83573e-05
2.94187e-05
4.41692e-05
6.03422e-05
7.47558e-05
8.51777e-05
9.06646e-05
9.18649e-05
9.05983e-05
8.7596e-05
8.32932e-05
7.80934e-05
7.23528e-05
6.65455e-05
6.08366e-05
5.54062e-05
5.03422e-05
4.57133e-05
4.15586e-05
3.76911e-05
3.41633e-05
3.12571e-05
2.88557e-05
2.69008e-05
2.52998e-05
2.39827e-05
2.2916e-05
2.21205e-05
2.1507e-05
2.09085e-05
2.05199e-05
2.05327e-05
2.05143e-05
2.02502e-05
2.01826e-05
2.0288e-05
2.01947e-05
2.0111e-05
1.52869e-10
4.46134e-10
7.29847e-10
1.27736e-09
3.70939e-09
1.54091e-08
6.03819e-08
2.00946e-07
5.72153e-07
1.39706e-06
3.03025e-06
5.97542e-06
1.0727e-05
1.75508e-05
2.66065e-05
3.61055e-05
4.40185e-05
4.91001e-05
5.11253e-05
5.0972e-05
4.95894e-05
4.7312e-05
4.43578e-05
4.09676e-05
3.7302e-05
3.36432e-05
3.02001e-05
2.69827e-05
2.40447e-05
2.14485e-05
1.9153e-05
1.70492e-05
1.51566e-05
1.36367e-05
1.23916e-05
1.13701e-05
1.05492e-05
9.8827e-06
9.33894e-06
8.9296e-06
8.62591e-06
8.35006e-06
8.13605e-06
8.08927e-06
8.06894e-06
7.94938e-06
7.91713e-06
7.95167e-06
7.90377e-06
7.87747e-06
5.26655e-11
1.52984e-10
2.46237e-10
4.1002e-10
1.18285e-09
5.34911e-09
2.33509e-08
8.59427e-08
2.67498e-07
6.98636e-07
1.61372e-06
3.36191e-06
6.25931e-06
1.04726e-05
1.60138e-05
2.15704e-05
2.57552e-05
2.80319e-05
2.86657e-05
2.81452e-05
2.69829e-05
2.53987e-05
2.34699e-05
2.12988e-05
1.90262e-05
1.6837e-05
1.48125e-05
1.29545e-05
1.13169e-05
9.91119e-06
8.68014e-06
7.57903e-06
6.61294e-06
5.83372e-06
5.20334e-06
4.70062e-06
4.29902e-06
3.97451e-06
3.71337e-06
3.51641e-06
3.36843e-06
3.24103e-06
3.1386e-06
3.10693e-06
3.09654e-06
3.04599e-06
3.02176e-06
3.02443e-06
3.00439e-06
2.99365e-06
1.77546e-11
5.2053e-11
8.39918e-11
1.30202e-10
3.41781e-10
1.70904e-09
8.68976e-09
3.62568e-08
1.24561e-07
3.51506e-07
8.64716e-07
1.901e-06
3.6711e-06
6.24221e-06
9.61656e-06
1.27928e-05
1.49333e-05
1.59282e-05
1.59903e-05
1.54612e-05
1.46189e-05
1.35492e-05
1.23127e-05
1.09804e-05
9.60954e-06
8.31162e-06
7.14886e-06
6.11902e-06
5.22657e-06
4.47825e-06
3.8449e-06
3.28877e-06
2.80798e-06
2.42763e-06
2.12468e-06
1.88463e-06
1.69583e-06
1.54593e-06
1.42564e-06
1.33474e-06
1.26677e-06
1.21185e-06
1.16524e-06
1.14561e-06
1.14095e-06
1.12101e-06
1.1103e-06
1.10902e-06
1.10081e-06
1.09714e-06
6.1134e-12
1.79482e-11
2.89208e-11
4.34248e-11
1.06589e-10
5.63742e-10
3.27142e-09
1.54092e-08
5.81048e-08
1.7688e-07
4.63413e-07
1.07168e-06
2.14678e-06
3.73209e-06
5.75714e-06
7.54028e-06
8.59435e-06
8.96977e-06
8.86358e-06
8.45482e-06
7.87416e-06
7.18214e-06
6.41422e-06
5.60324e-06
4.79554e-06
4.05601e-06
3.40445e-06
2.84244e-06
2.37449e-06
1.99009e-06
1.67021e-06
1.39805e-06
1.16807e-06
9.87591e-07
8.46656e-07
7.37408e-07
6.51796e-07
5.84792e-07
5.32372e-07
4.92625e-07
4.62644e-07
4.39489e-07
4.19924e-07
4.10148e-07
4.07494e-07
3.99511e-07
3.94883e-07
3.93959e-07
3.90715e-07
3.89273e-07
2.07115e-12
6.13746e-12
1.00073e-11
1.45078e-11
3.13869e-11
1.75728e-10
1.18526e-09
6.39563e-09
2.70229e-08
8.91363e-08
2.4864e-07
6.07838e-07
1.26043e-06
2.22462e-06
3.43255e-06
4.40853e-06
4.90537e-06
5.02565e-06
4.89002e-06
4.59728e-06
4.21747e-06
3.77788e-06
3.30642e-06
2.82886e-06
2.36396e-06
1.94676e-06
1.59209e-06
1.29592e-06
1.05405e-06
8.61681e-07
7.06645e-07
5.77336e-07
4.70638e-07
3.88899e-07
3.26108e-07
2.78048e-07
2.41215e-07
2.1291e-07
1.90939e-07
1.74434e-07
1.62007e-07
1.52701e-07
1.45112e-07
1.40746e-07
1.39468e-07
1.36787e-07
1.34912e-07
1.34289e-07
1.3316e-07
1.32676e-07
7.1454e-13
2.12358e-12
3.47141e-12
4.98404e-12
9.98189e-12
5.69698e-11
4.38573e-10
2.69202e-09
1.24542e-08
4.47336e-08
1.33398e-07
3.42468e-07
7.36683e-07
1.32701e-06
2.03396e-06
2.55471e-06
2.77827e-06
2.79622e-06
2.68436e-06
2.49007e-06
2.24562e-06
1.97274e-06
1.69012e-06
1.41104e-06
1.14892e-06
9.22113e-07
7.33003e-07
5.7971e-07
4.59608e-07
3.66177e-07
2.92621e-07
2.33328e-07
1.85521e-07
1.49452e-07
1.22398e-07
1.02182e-07
8.67905e-08
7.51651e-08
6.64068e-08
5.98498e-08
5.49052e-08
5.12824e-08
4.84057e-08
4.67005e-08
4.6205e-08
4.52272e-08
4.45484e-08
4.43399e-08
4.39388e-08
4.37619e-08
2.43215e-13
7.27146e-13
1.20359e-12
1.71079e-12
3.02118e-12
1.68473e-11
1.51794e-10
1.07137e-09
5.69223e-09
2.23743e-08
7.12643e-08
1.93895e-07
4.31052e-07
7.88031e-07
1.19704e-06
1.46915e-06
1.56363e-06
1.54912e-06
1.4663e-06
1.3399e-06
1.18814e-06
1.02143e-06
8.53168e-07
6.94448e-07
5.49996e-07
4.27985e-07
3.30371e-07
2.53815e-07
1.95031e-07
1.50982e-07
1.17457e-07
9.10549e-08
7.03837e-08
5.52632e-08
4.41371e-08
3.59613e-08
2.99157e-08
2.54349e-08
2.20824e-08
1.96229e-08
1.77947e-08
1.64648e-08
1.54531e-08
1.47945e-08
1.4571e-08
1.42879e-08
1.40521e-08
1.39643e-08
1.38469e-08
1.37952e-08
8.4045e-14
2.52184e-13
4.17929e-13
5.93911e-13
9.91023e-13
5.28798e-12
5.39266e-11
4.37706e-10
2.57072e-09
1.10734e-08
3.78897e-08
1.08414e-07
2.50058e-07
4.6426e-07
6.97651e-07
8.365e-07
8.74517e-07
8.53938e-07
7.97914e-07
7.17903e-07
6.24544e-07
5.2461e-07
4.26543e-07
3.37107e-07
2.59025e-07
1.95614e-07
1.46211e-07
1.08741e-07
8.11166e-08
6.0956e-08
4.60383e-08
3.47086e-08
2.60773e-08
1.98971e-08
1.54734e-08
1.23104e-08
1.00009e-08
8.32164e-09
7.10192e-09
6.21534e-09
5.56154e-09
5.09503e-09
4.7497e-09
4.52987e-09
4.45541e-09
4.36111e-09
4.28474e-09
4.25801e-09
4.22216e-09
4.20577e-09
2.8863e-14
8.67125e-14
1.44828e-13
2.05745e-13
3.16994e-13
1.51622e-12
1.78161e-11
1.68029e-10
1.14418e-09
5.4539e-09
2.00219e-08
6.07618e-08
1.44694e-07
2.72351e-07
4.03151e-07
4.72963e-07
4.86323e-07
4.68718e-07
4.31686e-07
3.81871e-07
3.25573e-07
2.66548e-07
2.10251e-07
1.61023e-07
1.19777e-07
8.7327e-08
6.31237e-08
4.5407e-08
3.26652e-08
2.37398e-08
1.73916e-08
1.27009e-08
9.23758e-09
6.84715e-09
5.17815e-09
4.00965e-09
3.18387e-09
2.5958e-09
2.17307e-09
1.87318e-09
1.65758e-09
1.50475e-09
1.39452e-09
1.32e-09
1.29205e-09
1.26763e-09
1.24565e-09
1.23815e-09
1.22959e-09
1.22572e-09
1.00356e-14
3.0201e-14
5.03665e-14
7.14971e-14
1.07503e-13
4.87416e-13
6.32866e-12
6.75396e-11
5.09326e-10
2.6538e-09
1.04718e-08
3.35026e-08
8.26889e-08
1.57005e-07
2.30178e-07
2.65093e-07
2.69136e-07
2.56171e-07
2.32516e-07
2.01748e-07
1.68104e-07
1.33885e-07
1.02375e-07
7.58025e-08
5.44271e-08
3.83292e-08
2.67158e-08
1.85235e-08
1.28654e-08
9.03382e-09
6.39992e-09
4.52725e-09
3.18923e-09
2.28927e-09
1.68033e-09
1.26707e-09
9.811e-10
7.81629e-10
6.42203e-10
5.4495e-10
4.76016e-10
4.28213e-10
3.94737e-10
3.72414e-10
3.63922e-10
3.57206e-10
3.50894e-10
3.48772e-10
3.46675e-10
3.45745e-10
3.48278e-15
1.04663e-14
1.75047e-14
2.48489e-14
3.56709e-14
1.40449e-13
2.07505e-12
2.57347e-11
2.21909e-10
1.28961e-09
5.48838e-09
1.85155e-08
4.70883e-08
9.03962e-08
1.30366e-07
1.4764e-07
1.48177e-07
1.39428e-07
1.24429e-07
1.05665e-07
8.57686e-08
6.6264e-08
4.89751e-08
3.49991e-08
2.42128e-08
1.63847e-08
1.0993e-08
7.33169e-09
4.88249e-09
3.29455e-09
2.25539e-09
1.54127e-09
1.04557e-09
7.26491e-10
5.17299e-10
3.78722e-10
2.86073e-10
2.23082e-10
1.79722e-10
1.5015e-10
1.29804e-10
1.1583e-10
1.06234e-10
1.00159e-10
9.80895e-11
9.65061e-11
9.4933e-11
9.45638e-11
9.42058e-11
9.40627e-11
1.21886e-15
3.6651e-15
6.11306e-15
8.64475e-15
1.22721e-14
4.71925e-14
7.61656e-13
1.0447e-11
9.93937e-11
6.21524e-10
2.82617e-09
1.01141e-08
2.65538e-08
5.10017e-08
7.29295e-08
8.18616e-08
8.13169e-08
7.56042e-08
6.62394e-08
5.4835e-08
4.32337e-08
3.22853e-08
2.30592e-08
1.58943e-08
1.05654e-08
6.8756e-09
4.42916e-09
2.83144e-09
1.80895e-09
1.17394e-09
7.73355e-10
5.09998e-10
3.34331e-10
2.24255e-10
1.54363e-10
1.09823e-10
8.08557e-11
6.15781e-11
4.86733e-11
4.00901e-11
3.42715e-11
3.03952e-11
2.78422e-11
2.61636e-11
2.55882e-11
2.53127e-11
2.49662e-11
2.49031e-11
2.48683e-11
2.48705e-11
4.27685e-16
1.28561e-15
2.14161e-15
3.02572e-15
4.23895e-15
1.48794e-14
2.6276e-13
4.16055e-12
4.27738e-11
2.9341e-10
1.44393e-09
5.40731e-09
1.47775e-08
2.87921e-08
4.05685e-08
4.50322e-08
4.43659e-08
4.06509e-08
3.49879e-08
2.82723e-08
2.1596e-08
1.56081e-08
1.07651e-08
7.11797e-09
4.54873e-09
2.85273e-09
1.75844e-09
1.07535e-09
6.61218e-10
4.11371e-10
2.60186e-10
1.65991e-10
1.05047e-10
6.78754e-11
4.52461e-11
3.1314e-11
2.23852e-11
1.66417e-11
1.29354e-11
1.04921e-11
8.86731e-12
7.8171e-12
7.13665e-12
6.74628e-12
6.66175e-12
6.59263e-12
6.50329e-12
6.49694e-12
6.49936e-12
6.50629e-12
1.49951e-16
4.50337e-16
7.50604e-16
1.05634e-15
1.445e-15
4.62871e-15
9.1851e-14
1.59773e-12
1.86629e-11
1.39509e-10
7.32583e-10
2.9303e-09
8.23819e-09
1.62007e-08
2.24537e-08
2.46728e-08
2.40994e-08
2.17582e-08
1.83328e-08
1.44127e-08
1.06547e-08
7.41701e-09
4.90791e-09
3.11845e-09
1.91131e-09
1.1427e-09
6.73972e-10
3.94272e-10
2.30488e-10
1.36985e-10
8.31634e-11
5.09361e-11
3.09118e-11
1.92607e-11
1.24013e-11
8.31718e-12
5.81861e-12
4.25406e-12
3.25619e-12
2.61946e-12
2.20802e-12
1.94613e-12
1.78434e-12
1.68613e-12
1.66793e-12
1.66888e-12
1.65578e-12
1.66093e-12
1.66803e-12
1.67419e-12
5.27792e-17
1.58451e-16
2.63884e-16
3.70728e-16
5.0165e-16
1.53246e-15
3.35342e-14
6.53684e-13
8.24795e-12
6.6418e-11
3.7251e-10
1.56519e-09
4.5487e-09
8.87909e-09
1.23269e-08
1.3481e-08
1.30546e-08
1.16023e-08
9.5357e-09
7.25763e-09
5.18728e-09
3.46944e-09
2.2009e-09
1.3427e-09
7.86817e-10
4.48893e-10
2.51985e-10
1.40399e-10
7.82178e-11
4.43105e-11
2.57148e-11
1.51531e-11
8.84425e-12
5.30501e-12
3.29984e-12
2.15278e-12
1.47224e-12
1.0585e-12
8.02758e-13
6.43245e-13
5.42421e-13
4.80406e-13
4.43852e-13
4.22743e-13
4.20819e-13
4.24361e-13
4.23085e-13
4.26029e-13
4.29457e-13
4.32075e-13
1.85867e-17
5.57587e-17
9.28956e-17
1.30351e-16
1.73105e-16
4.6217e-16
1.15879e-14
2.61571e-13
3.63268e-12
3.18137e-11
1.90999e-10
8.39363e-10
2.50535e-09
4.91123e-09
6.76692e-09
7.35215e-09
7.0523e-09
6.15476e-09
4.91339e-09
3.61197e-09
2.48266e-09
1.5917e-09
9.64626e-10
5.63046e-10
3.14548e-10
1.69989e-10
9.07106e-11
4.79585e-11
2.5236e-11
1.35467e-11
7.5123e-12
4.24275e-12
2.36192e-12
1.36665e-12
8.2338e-13
5.22643e-13
3.52212e-13
2.51797e-13
1.90968e-13
1.54137e-13
1.31705e-13
1.18033e-13
1.1048e-13
1.06468e-13
1.06933e-13
1.08945e-13
1.09198e-13
1.10504e-13
1.11864e-13
1.12865e-13
6.55725e-18
1.96759e-17
3.27661e-17
4.59128e-17
6.06706e-17
1.60375e-16
4.41833e-15
1.09288e-13
1.65711e-12
1.52692e-11
9.61881e-11
4.47411e-10
1.37434e-09
2.68895e-09
3.7086e-09
4.01745e-09
3.79741e-09
3.24625e-09
2.50873e-09
1.77507e-09
1.17099e-09
7.18603e-10
4.16777e-10
2.32157e-10
1.23194e-10
6.31665e-11
3.19162e-11
1.59569e-11
7.9458e-12
4.05137e-12
2.13537e-12
1.15375e-12
6.17996e-13
3.44608e-13
2.01105e-13
1.25306e-13
8.38228e-14
5.99803e-14
4.59752e-14
3.77716e-14
3.28953e-14
3.00516e-14
2.86546e-14
2.76926e-14
2.78393e-14
2.87528e-14
2.90413e-14
2.95251e-14
2.99996e-14
3.03473e-14
2.31537e-18
6.94696e-18
1.15694e-17
1.62088e-17
2.13208e-17
5.30617e-17
1.59816e-15
4.51593e-14
7.28918e-13
7.20877e-12
4.8263e-11
2.3373e-10
7.45431e-10
1.45902e-09
2.01732e-09
2.17812e-09
2.03274e-09
1.70016e-09
1.27364e-09
8.65865e-10
5.478e-10
3.21711e-10
1.7825e-10
9.43775e-11
4.75748e-11
2.31586e-11
1.10256e-11
5.20902e-12
2.4629e-12
1.18818e-12
5.94596e-13
3.08762e-13
1.5916e-13
8.56688e-14
4.88711e-14
3.01999e-14
2.02374e-14
1.46779e-14
1.15219e-14
9.71466e-15
8.68081e-15
8.11683e-15
7.89838e-15
7.66149e-15
7.68022e-15
7.98646e-15
8.08875e-15
8.24366e-15
8.39953e-15
8.51215e-15
8.18206e-19
2.45448e-18
4.08911e-18
5.72962e-18
7.48171e-18
1.66078e-17
5.58023e-16
1.84885e-14
3.302e-13
3.47512e-12
2.45358e-11
1.23623e-10
4.04399e-10
8.01386e-10
1.10119e-09
1.17957e-09
1.08295e-09
8.822e-10
6.37998e-10
4.16611e-10
2.5209e-10
1.41198e-10
7.43347e-11
3.73309e-11
1.77775e-11
8.12169e-12
3.64421e-12
1.62105e-12
7.18432e-13
3.26475e-13
1.55481e-13
7.72831e-14
3.81179e-14
2.00113e-14
1.12928e-14
7.01252e-15
4.82928e-15
3.63723e-15
2.9711e-15
2.60241e-15
2.40477e-15
2.29665e-15
2.26874e-15
2.22292e-15
2.23347e-15
2.32946e-15
2.36017e-15
2.40722e-15
2.45471e-15
2.49039e-15
2.89417e-19
8.68528e-19
1.44693e-18
2.02618e-18
2.64188e-18
5.83923e-18
2.13802e-16
7.78255e-15
1.52445e-13
1.67306e-12
1.23048e-11
6.51864e-11
2.1918e-10
4.35852e-10
6.02954e-10
6.39744e-10
5.72901e-10
4.53043e-10
3.14885e-10
1.97092e-10
1.14251e-10
6.10312e-11
3.05535e-11
1.4538e-11
6.5141e-12
2.79659e-12
1.17809e-12
4.92109e-13
2.04924e-13
8.7893e-14
3.96466e-14
1.88799e-14
9.03755e-15
4.66515e-15
2.64072e-15
1.68551e-15
1.21196e-15
9.57741e-16
8.17752e-16
7.41866e-16
7.0274e-16
6.81479e-16
6.7791e-16
6.69629e-16
6.7769e-16
7.08922e-16
7.19452e-16
7.3413e-16
7.48954e-16
7.6036e-16
1.02467e-19
3.07462e-19
5.12324e-19
7.17541e-19
9.33755e-19
1.97513e-18
7.7974e-17
3.25751e-15
6.79414e-14
7.92882e-13
6.15078e-12
3.38064e-11
1.17794e-10
2.35778e-10
3.27603e-10
3.4437e-10
3.0117e-10
2.30771e-10
1.5433e-10
9.22928e-11
5.1195e-11
2.6114e-11
1.24201e-11
5.57758e-12
2.35432e-12
9.51226e-13
3.74344e-13
1.46688e-13
5.7623e-14
2.32559e-14
9.93998e-15
4.57551e-15
2.14078e-15
1.10045e-15
6.39524e-16
4.28266e-16
3.24676e-16
2.70338e-16
2.40503e-16
2.24093e-16
2.16032e-16
2.11675e-16
2.11471e-16
2.09328e-16
2.13019e-16
2.23385e-16
2.26609e-16
2.31243e-16
2.36141e-16
2.39895e-16
3.63077e-20
1.08933e-19
1.81558e-19
2.54521e-19
3.3059e-19
6.38868e-19
2.67067e-17
1.34326e-15
3.13505e-14
3.87153e-13
3.14441e-12
1.78306e-11
6.35189e-11
1.2964e-10
1.78648e-10
1.84757e-10
1.57588e-10
1.16023e-10
7.43038e-11
4.24848e-11
2.24664e-11
1.09044e-11
4.90143e-12
2.07437e-12
8.18974e-13
3.0736e-13
1.1317e-13
4.14127e-14
1.51337e-14
5.72809e-15
2.33436e-15
1.04122e-15
4.79391e-16
2.53371e-16
1.56169e-16
1.12099e-16
9.08796e-17
7.98372e-17
7.35646e-17
6.99489e-17
6.83183e-17
6.73626e-17
6.74092e-17
6.69192e-17
6.84136e-17
7.17533e-17
7.26838e-17
7.4127e-17
7.56677e-17
7.69097e-17
1.28732e-20
3.86373e-20
6.43998e-20
9.02434e-20
1.17275e-19
2.30906e-19
1.05366e-17
5.71027e-16
1.47727e-14
1.88927e-13
1.58306e-12
9.4051e-12
3.43799e-11
7.08679e-11
9.77489e-11
9.88833e-11
8.15875e-11
5.76312e-11
3.5205e-11
1.9232e-11
9.69878e-12
4.47545e-12
1.90256e-12
7.58004e-13
2.79421e-13
9.77742e-14
3.35523e-14
1.14576e-14
3.91435e-15
1.39594e-15
5.41343e-16
2.35927e-16
1.10255e-16
6.14011e-17
4.08713e-17
3.16409e-17
2.71211e-17
2.46667e-17
2.32405e-17
2.23653e-17
2.19523e-17
2.1688e-17
2.17222e-17
2.16293e-17
2.22207e-17
2.33461e-17
2.36767e-17
2.41496e-17
2.46512e-17
2.50692e-17
4.56781e-21
1.37089e-20
2.28551e-20
3.20243e-20
4.1597e-20
8.14158e-20
4.01076e-18
2.41783e-16
6.73259e-15
9.07422e-14
7.93118e-13
4.89582e-12
1.8524e-11
3.82313e-11
5.30015e-11
5.25372e-11
4.17821e-11
2.84809e-11
1.65914e-11
8.61764e-12
4.14689e-12
1.81659e-12
7.28451e-13
2.72593e-13
9.40083e-14
3.07124e-14
9.76739e-15
3.11631e-15
1.0011e-15
3.36802e-16
1.25342e-16
5.45019e-17
2.65066e-17
1.59324e-17
1.15614e-17
9.55727e-18
8.52228e-18
7.91619e-18
7.55357e-18
7.30537e-18
7.17822e-18
7.0999e-18
7.11651e-18
7.08174e-18
7.30353e-18
7.68762e-18
7.79404e-18
7.94994e-18
8.12039e-18
8.26216e-18
1.62216e-21
4.86775e-21
8.11795e-21
1.13907e-20
1.47908e-20
2.69775e-20
1.3617e-18
1.00458e-16
3.14093e-15
4.53395e-14
4.13342e-13
2.6015e-12
1.00436e-11
2.11361e-11
2.87658e-11
2.77359e-11
2.12859e-11
1.38677e-11
7.68836e-12
3.79936e-12
1.73481e-12
7.16481e-13
2.69045e-13
9.41265e-14
3.01153e-14
9.06164e-15
2.68401e-15
7.94596e-16
2.37054e-16
7.5355e-17
2.75206e-17
1.22879e-17
6.41166e-18
4.30226e-18
3.41915e-18
2.991e-18
2.75663e-18
2.59143e-18
2.48979e-18
2.4115e-18
2.36436e-18
2.33852e-18
2.34644e-18
2.33374e-18
2.4103e-18
2.53386e-18
2.56215e-18
2.60975e-18
2.66369e-18
2.71104e-18
5.76331e-22
1.73006e-21
2.8851e-21
4.04791e-21
5.26327e-21
1.00712e-20
5.73579e-19
4.39357e-17
1.51297e-15
2.26231e-14
2.11162e-13
1.38072e-12
5.45222e-12
1.17335e-11
1.56347e-11
1.4543e-11
1.07135e-11
6.64173e-12
3.51203e-12
1.65292e-12
7.14894e-13
2.78231e-13
9.79444e-14
3.19301e-14
9.47039e-15
2.64471e-15
7.27402e-16
2.00237e-16
5.60321e-17
1.70674e-17
6.217e-18
2.93219e-18
1.69144e-18
1.25272e-18
1.06211e-18
9.62978e-19
9.05921e-19
8.58575e-19
8.26857e-19
8.00211e-19
7.81748e-19
7.7058e-19
7.71365e-19
7.70492e-19
7.98736e-19
8.38877e-19
8.48108e-19
8.63219e-19
8.80406e-19
8.96322e-19
2.04889e-22
6.15089e-22
1.02598e-21
1.43884e-21
1.87195e-21
3.70598e-21
2.3329e-19
1.91632e-17
7.14056e-16
1.11277e-14
1.06828e-13
7.24844e-13
2.9464e-12
6.32762e-12
8.41744e-12
7.5564e-12
5.30322e-12
3.15624e-12
1.5923e-12
7.1088e-13
2.91891e-13
1.07001e-13
3.5245e-14
1.07286e-14
2.95435e-15
7.66455e-16
1.94979e-16
5.01493e-17
1.32899e-17
3.93824e-18
1.47586e-18
7.58147e-19
4.83741e-19
3.87997e-19
3.43169e-19
3.17494e-19
3.01587e-19
2.87597e-19
2.77081e-19
2.67484e-19
2.60023e-19
2.55601e-19
2.54956e-19
2.54853e-19
2.65735e-19
2.7937e-19
2.82401e-19
2.87254e-19
2.92908e-19
2.98259e-19
7.28911e-23
2.18796e-22
3.65055e-22
5.12154e-22
6.6586e-22
1.33475e-21
9.23431e-20
8.34302e-18
3.29715e-16
5.43852e-15
5.42328e-14
3.77186e-13
1.58382e-12
3.42214e-12
4.48921e-12
3.89782e-12
2.60248e-12
1.48367e-12
7.15256e-13
3.02859e-13
1.17486e-13
4.06217e-14
1.2524e-14
3.53233e-15
9.05301e-16
2.18784e-16
5.1382e-17
1.23484e-17
3.13752e-18
9.23351e-19
3.70303e-19
2.12172e-19
1.47492e-19
1.25202e-19
1.13577e-19
1.06175e-19
1.01455e-19
9.72648e-20
9.36068e-20
9.00834e-20
8.71846e-20
8.55759e-20
8.50508e-20
8.49758e-20
8.89504e-20
9.35549e-20
9.43876e-20
9.5935e-20
9.78754e-20
9.96841e-20
2.59457e-23
7.78856e-23
1.29969e-22
1.82595e-22
2.37688e-22
4.81676e-22
3.5845e-20
3.53798e-18
1.5589e-16
2.76094e-15
2.82129e-14
1.98631e-13
8.46304e-13
1.8761e-12
2.37203e-12
1.97807e-12
1.26088e-12
6.82479e-13
3.13355e-13
1.26025e-13
4.59839e-14
1.48457e-14
4.24455e-15
1.10822e-15
2.60897e-16
5.75692e-17
1.25606e-17
2.81822e-18
6.85819e-19
2.09718e-19
9.57597e-20
6.19748e-20
4.61253e-20
4.10263e-20
3.79124e-20
3.56802e-20
3.42534e-20
3.29842e-20
3.1654e-20
3.0372e-20
2.93223e-20
2.87491e-20
2.84778e-20
2.85544e-20
2.97655e-20
3.0987e-20
3.12437e-20
3.17353e-20
3.23114e-20
3.2894e-20
9.23946e-24
2.77429e-23
4.6301e-23
6.50342e-23
8.48355e-23
1.85867e-22
1.56252e-20
1.58951e-18
7.5431e-17
1.38143e-15
1.4261e-14
1.02757e-13
4.42425e-13
9.92368e-13
1.22091e-12
9.70558e-13
5.90282e-13
3.03506e-13
1.32703e-13
5.06681e-14
1.73998e-14
5.23163e-15
1.38572e-15
3.346e-16
7.23767e-17
1.4685e-17
2.9682e-18
6.27589e-19
1.50889e-19
5.04245e-20
2.66273e-20
1.89699e-20
1.48026e-20
1.35328e-20
1.26856e-20
1.20135e-20
1.15445e-20
1.11073e-20
1.06347e-20
1.01815e-20
9.80495e-21
9.58338e-21
9.47725e-21
9.50619e-21
9.88221e-21
1.02259e-20
1.03018e-20
1.0444e-20
1.0619e-20
1.08121e-20
3.29212e-24
9.88556e-24
1.65029e-23
2.31728e-23
3.02156e-23
6.23877e-23
5.72202e-21
6.65722e-19
3.52677e-17
6.71534e-16
6.91803e-15
5.00523e-14
2.1384e-13
4.66744e-13
5.71481e-13
4.34021e-13
2.50775e-13
1.23324e-13
5.12148e-14
1.8508e-14
5.96505e-15
1.66638e-15
4.07943e-16
9.10695e-17
1.80543e-17
3.36786e-18
6.27284e-19
1.26772e-19
3.15585e-20
1.22221e-20
7.4921e-21
5.73742e-21
4.65109e-21
4.34759e-21
4.13049e-21
3.92769e-21
3.77482e-21
3.61836e-21
3.44601e-21
3.28188e-21
3.15134e-21
3.07232e-21
3.02659e-21
3.03042e-21
3.14849e-21
3.24504e-21
3.2605e-21
3.29747e-21
3.34963e-21
3.41131e-21
1.17666e-24
3.53504e-24
5.90603e-24
8.29878e-24
1.09785e-23
7.53391e-23
9.68276e-21
8.36426e-19
2.70255e-17
3.40826e-16
2.84842e-15
1.83962e-14
6.7836e-14
1.37285e-13
1.65727e-13
1.20042e-13
6.52335e-14
3.04332e-14
1.18746e-14
4.04821e-15
1.16766e-15
3.00748e-16
6.74608e-17
1.35506e-17
2.3909e-18
4.05525e-19
6.73041e-20
1.34854e-20
3.9241e-21
1.9669e-21
1.43088e-21
1.17813e-21
1.01387e-21
9.91915e-22
9.4893e-22
8.98823e-22
8.59041e-22
8.11683e-22
7.57349e-22
7.11148e-22
6.8025e-22
6.62508e-22
6.46803e-22
6.47561e-22
6.82948e-22
6.97626e-22
6.89194e-22
6.92523e-22
7.04484e-22
7.21229e-22
