0.0455122
0.12665
0.19368
0.253021
0.30827
0.361881
0.415571
0.470472
0.527358
0.586993
0.64966
0.715535
0.784809
0.85721
0.932498
1.01038
1.0903
1.17166
1.25386
1.33618
1.41813
1.49912
1.57811
1.65525
1.73094
1.80371
1.87126
1.9346
1.99632
2.05502
2.11194
2.16686
2.2183
2.26729
2.31529
2.36368
2.41313
2.46195
2.50806
2.55054
2.58824
2.61854
2.63846
2.64672
2.66928
2.71808
2.77433
2.83111
2.88637
2.93713
0.0138559
0.0394693
0.0612123
0.0809952
0.099874
0.118588
0.137774
0.157847
0.179125
0.20203
0.226836
0.253693
0.282825
0.314449
0.348493
0.384846
0.423542
0.46424
0.506419
0.549691
0.593599
0.637484
0.680987
0.72377
0.765368
0.805526
0.844668
0.8805
0.913041
0.943353
0.972016
1.00138
1.0288
1.05447
1.08083
1.10872
1.13624
1.16281
1.1892
1.21252
1.23467
1.2538
1.26614
1.26924
1.27444
1.2979
1.33293
1.37073
1.4094
1.44702
0.00430005
0.0123491
0.0193313
0.0258575
0.0322897
0.0389092
0.0459494
0.053575
0.061935
0.071237
0.0816144
0.0931825
0.106098
0.120455
0.136292
0.153626
0.172411
0.192502
0.213654
0.235501
0.257753
0.280007
0.301543
0.322347
0.342465
0.361468
0.379533
0.396991
0.413027
0.427419
0.440916
0.454437
0.467247
0.479042
0.490739
0.502459
0.515141
0.528386
0.541669
0.554298
0.565166
0.575017
0.582308
0.584521
0.582848
0.589099
0.606413
0.626379
0.647185
0.666294
0.00131567
0.00381898
0.00604424
0.00818154
0.0103626
0.0126987
0.0152722
0.0181645
0.0214667
0.0252701
0.029654
0.034722
0.0405582
0.0471978
0.0547163
0.0631526
0.0724192
0.0824375
0.0930809
0.104071
0.115218
0.126279
0.136826
0.146569
0.155549
0.163758
0.171475
0.178961
0.185921
0.192029
0.197487
0.202959
0.208132
0.212732
0.21722
0.221701
0.226006
0.230876
0.236737
0.242853
0.248425
0.253211
0.256483
0.257853
0.257335
0.259344
0.266885
0.27668
0.286994
0.295759
0.000410969
0.0012033
0.00192023
0.00262538
0.00336728
0.00419002
0.00513042
0.00622614
0.0075233
0.00907447
0.0109272
0.0131444
0.0157818
0.0188668
0.0224523
0.026557
0.0311298
0.0361193
0.0414216
0.0468327
0.0522214
0.0574501
0.062363
0.066857
0.0707891
0.0741527
0.0770928
0.0798512
0.0824153
0.0848371
0.0870946
0.0892557
0.0912174
0.092945
0.0946228
0.0961595
0.0976167
0.0991247
0.100863
0.102987
0.105371
0.107581
0.109121
0.109732
0.10915
0.109421
0.112441
0.11697
0.121724
0.125426
0.000131542
0.000385677
0.000616959
0.00085207
0.00110594
0.00139301
0.00173395
0.0021461
0.00264931
0.00327417
0.00405252
0.00501419
0.00619295
0.00762523
0.00932955
0.0113109
0.0135708
0.0160619
0.0186928
0.0213604
0.0239691
0.0264269
0.0286749
0.030628
0.0322402
0.0336323
0.0346523
0.0354533
0.0363034
0.0370169
0.0376627
0.0383515
0.0390059
0.0395739
0.0401194
0.040648
0.0410799
0.0414755
0.0420115
0.042783
0.0436285
0.0443996
0.045008
0.0452982
0.0449636
0.0448273
0.0459327
0.0478664
0.0499176
0.0513898
4.37102e-05
0.000128842
0.000206627
0.000285962
0.000372845
0.000473747
0.000596455
0.000749418
0.000943644
0.00119488
0.00151909
0.00193606
0.00246743
0.00312921
0.00393929
0.00490698
0.00601921
0.00724811
0.0085498
0.00983443
0.0110469
0.0121488
0.0130958
0.0139207
0.0145894
0.0150805
0.0154421
0.0156664
0.0158447
0.0160356
0.0162042
0.0163334
0.0164502
0.0165769
0.0167004
0.0168283
0.0169222
0.016981
0.0170442
0.0171906
0.017472
0.0177981
0.018056
0.0181854
0.0180326
0.0178821
0.0182529
0.0190233
0.019789
0.0202605
1.54229e-05
4.60555e-05
7.42224e-05
0.000102037
0.000132839
0.000169757
0.000214729
0.00027213
0.000348233
0.000449868
0.000586326
0.0007701
0.0010128
0.00132251
0.00171229
0.00218786
0.00273946
0.0033494
0.00398521
0.00459965
0.00515367
0.00561753
0.00598524
0.00627732
0.00650208
0.00664261
0.00671148
0.00673538
0.00672671
0.00672498
0.00673698
0.00672603
0.00670299
0.00670239
0.00670915
0.00671916
0.00674093
0.0067482
0.00674028
0.00673542
0.00676888
0.00686243
0.00696056
0.007017
0.00696073
0.00687725
0.00698614
0.00726594
0.00751685
0.00763519
5.6121e-06
1.65609e-05
2.64119e-05
3.63862e-05
4.75976e-05
6.11187e-05
7.82082e-05
0.000100626
0.00013098
0.000172919
0.000231277
0.000312776
0.000424421
0.000571247
0.00076047
0.000994056
0.00126529
0.00156447
0.00187112
0.00215519
0.00240237
0.00259745
0.00273185
0.00282245
0.00287895
0.0029039
0.00289707
0.00286509
0.00282123
0.00278139
0.00275097
0.00271381
0.00267193
0.00264057
0.00261595
0.00259632
0.00258406
0.00257422
0.00256036
0.00254709
0.00254772
0.00257239
0.0026071
0.0026276
0.00260813
0.00257571
0.00261031
0.00270969
0.00278907
0.00281503
2.03657e-06
5.93388e-06
9.31531e-06
1.27194e-05
1.65989e-05
2.14198e-05
2.78066e-05
3.65512e-05
4.88105e-05
6.6294e-05
9.14591e-05
0.000127975
0.000179826
0.000249921
0.000342271
0.000457599
0.000591215
0.000736063
0.000881071
0.00100902
0.00111425
0.00119151
0.00123523
0.0012549
0.0012577
0.0012483
0.00122984
0.00120219
0.00116766
0.0011344
0.00110582
0.00107616
0.00104559
0.0010206
0.000999785
0.00098239
0.000968658
0.000957289
0.000946189
0.000934831
0.000927029
0.000929337
0.000939055
0.000945886
0.000939262
0.000926566
0.000936854
0.000969867
0.000992304
0.000995247
7.43872e-07
2.14549e-06
3.31066e-06
4.43823e-06
5.70493e-06
7.32659e-06
9.61058e-06
1.294e-05
1.78634e-05
2.51673e-05
3.60807e-05
5.25923e-05
7.69104e-05
0.000110696
0.000156104
0.000213259
0.000278983
0.000348585
0.000415992
0.000472193
0.0005143
0.000541239
0.000551822
0.000550517
0.000542116
0.000528854
0.000512495
0.000494375
0.000473897
0.000453707
0.000435776
0.000417903
0.000400278
0.000385645
0.000373377
0.000363186
0.000354927
0.000348225
0.000342202
0.000336093
0.000330469
0.000328431
0.000330412
0.000332151
0.000329534
0.000324599
0.000327257
0.00033738
0.000342862
0.000341958
2.62006e-07
7.57701e-07
1.16702e-06
1.54884e-06
1.95512e-06
2.47219e-06
3.2415e-06
4.45497e-06
6.39036e-06
9.42171e-06
1.41566e-05
2.16594e-05
3.31585e-05
4.95871e-05
7.20765e-05
0.000100477
0.000132652
0.000165738
0.000196465
0.000220212
0.00023577
0.00024323
0.000243279
0.000238149
0.000230308
0.000220956
0.000210559
0.000199939
0.000188881
0.000178075
0.000168347
0.000158902
0.000149833
0.000142318
0.000136022
0.000130816
0.000126626
0.000123285
0.000120426
0.000117638
0.000114969
0.000113394
0.000113491
0.000113996
0.000113138
0.000111328
0.000111913
0.000114842
0.000115967
0.000115179
8.9206e-08
2.60146e-07
4.04579e-07
5.38546e-07
6.73138e-07
8.34731e-07
1.07972e-06
1.49864e-06
2.23456e-06
3.47616e-06
5.52641e-06
8.94431e-06
1.4413e-05
2.24537e-05
3.36625e-05
4.77868e-05
6.34365e-05
7.89418e-05
9.25416e-05
0.000101954
0.000106972
0.000107971
0.000105837
0.000101716
9.65935e-05
9.10878e-05
8.5327e-05
7.96508e-05
7.40212e-05
6.86425e-05
6.37993e-05
5.92301e-05
5.49286e-05
5.13927e-05
4.84669e-05
4.60561e-05
4.41178e-05
4.25623e-05
4.12786e-05
4.01191e-05
3.90288e-05
3.82317e-05
3.80258e-05
3.81628e-05
3.79092e-05
3.72684e-05
3.73747e-05
3.81925e-05
3.83714e-05
3.80209e-05
3.00298e-08
8.82017e-08
1.3872e-07
1.86044e-07
2.32365e-07
2.84019e-07
3.59859e-07
4.97628e-07
7.66854e-07
1.26639e-06
2.15231e-06
3.71364e-06
6.32916e-06
1.02831e-05
1.58937e-05
2.29039e-05
3.04601e-05
3.75887e-05
4.33211e-05
4.66758e-05
4.78751e-05
4.72439e-05
4.53893e-05
4.2861e-05
3.9997e-05
3.70625e-05
3.41201e-05
3.12999e-05
2.85838e-05
2.60473e-05
2.37724e-05
2.16737e-05
1.97484e-05
1.81884e-05
1.69236e-05
1.58948e-05
1.50669e-05
1.44013e-05
1.38599e-05
1.34075e-05
1.29985e-05
1.26586e-05
1.25219e-05
1.25477e-05
1.24628e-05
1.22423e-05
1.22504e-05
1.24679e-05
1.24772e-05
1.23556e-05
1.01111e-08
2.98651e-08
4.74669e-08
6.40504e-08
8.01833e-08
9.72979e-08
1.20905e-07
1.65046e-07
2.60443e-07
4.57817e-07
8.39478e-07
1.5538e-06
2.81245e-06
4.766e-06
7.59132e-06
1.10592e-05
1.46561e-05
1.78393e-05
2.00584e-05
2.10478e-05
2.10689e-05
2.03367e-05
1.91651e-05
1.77848e-05
1.6305e-05
1.48329e-05
1.34108e-05
1.20872e-05
1.08432e-05
9.70335e-06
8.69197e-06
7.77361e-06
6.953e-06
6.30205e-06
5.78362e-06
5.36982e-06
5.03704e-06
4.77074e-06
4.55787e-06
4.39122e-06
4.24789e-06
4.1192e-06
4.06088e-06
4.07215e-06
4.0491e-06
3.97506e-06
3.97028e-06
4.02536e-06
4.01526e-06
3.97913e-06
3.45492e-09
1.0177e-08
1.61803e-08
2.19763e-08
2.75927e-08
3.33602e-08
4.09692e-08
5.53753e-08
8.85293e-08
1.64295e-07
3.25912e-07
6.48342e-07
1.24589e-06
2.21216e-06
3.61228e-06
5.31478e-06
7.02014e-06
8.3857e-06
9.18469e-06
9.37466e-06
9.13279e-06
8.62965e-06
7.98712e-06
7.27101e-06
6.54172e-06
5.84834e-06
5.18567e-06
4.58438e-06
4.04393e-06
3.55583e-06
3.12786e-06
2.74889e-06
2.41725e-06
2.15626e-06
1.95166e-06
1.79331e-06
1.66532e-06
1.5633e-06
1.48503e-06
1.42543e-06
1.37548e-06
1.33026e-06
1.3083e-06
1.31171e-06
1.3049e-06
1.28067e-06
1.2786e-06
1.29509e-06
1.28972e-06
1.27871e-06
1.17004e-09
3.46539e-09
5.55273e-09
7.56632e-09
9.52818e-09
1.15066e-08
1.39742e-08
1.8475e-08
2.96631e-08
5.81068e-08
1.25152e-07
2.71e-07
5.55563e-07
1.03034e-06
1.72452e-06
2.55572e-06
3.34546e-06
3.90363e-06
4.15508e-06
4.11494e-06
3.90904e-06
3.61723e-06
3.28127e-06
2.92942e-06
2.58326e-06
2.26223e-06
1.96704e-06
1.70543e-06
1.47505e-06
1.27338e-06
1.10083e-06
9.50513e-07
8.2165e-07
7.22158e-07
6.45222e-07
5.86455e-07
5.40394e-07
5.04165e-07
4.76403e-07
4.56076e-07
4.40004e-07
4.2503e-07
4.16817e-07
4.18287e-07
4.17671e-07
4.10956e-07
4.09922e-07
4.14254e-07
4.12573e-07
4.09949e-07
3.98673e-10
1.18363e-09
1.90993e-09
2.61241e-09
3.2986e-09
3.98511e-09
4.80894e-09
6.25669e-09
1.00741e-08
2.08167e-08
4.88372e-08
1.15131e-07
2.52072e-07
4.83972e-07
8.30184e-07
1.23105e-06
1.57932e-06
1.79378e-06
1.84552e-06
1.77403e-06
1.64783e-06
1.49391e-06
1.3289e-06
1.16288e-06
1.00242e-06
8.5742e-07
7.29433e-07
6.18993e-07
5.24308e-07
4.44439e-07
3.77827e-07
3.2058e-07
2.72595e-07
2.36397e-07
2.08845e-07
1.88077e-07
1.72214e-07
1.59966e-07
1.50597e-07
1.43985e-07
1.39179e-07
1.34655e-07
1.31855e-07
1.32399e-07
1.3277e-07
1.31069e-07
1.30836e-07
1.32012e-07
1.31514e-07
1.30983e-07
1.36097e-10
4.04899e-10
6.59751e-10
9.05469e-10
1.14507e-09
1.38446e-09
1.65946e-09
2.1335e-09
3.44378e-09
7.53636e-09
1.93482e-08
4.9597e-08
1.15671e-07
2.30977e-07
4.03063e-07
5.914e-07
7.38986e-07
8.10848e-07
8.05275e-07
7.53965e-07
6.85218e-07
6.08555e-07
5.2981e-07
4.5355e-07
3.81492e-07
3.17578e-07
2.63837e-07
2.18703e-07
1.81134e-07
1.50756e-07
1.2605e-07
1.05261e-07
8.81309e-08
7.56566e-08
6.63316e-08
5.93221e-08
5.41162e-08
5.01911e-08
4.72003e-08
4.51379e-08
4.37621e-08
4.25116e-08
4.16064e-08
4.17737e-08
4.20713e-08
4.16306e-08
4.16834e-08
4.2127e-08
4.19777e-08
4.19034e-08
4.70485e-11
1.39804e-10
2.27608e-10
3.13459e-10
3.97693e-10
4.80682e-10
5.749e-10
7.32006e-10
1.184e-09
2.71919e-09
7.59155e-09
2.12447e-08
5.28469e-08
1.09875e-07
1.94682e-07
2.82164e-07
3.41037e-07
3.59867e-07
3.46882e-07
3.16922e-07
2.81492e-07
2.44845e-07
2.08639e-07
1.74178e-07
1.42665e-07
1.15811e-07
9.38282e-08
7.58608e-08
6.1535e-08
5.03729e-08
4.1453e-08
3.4158e-08
2.83028e-08
2.40595e-08
2.09487e-08
1.869e-08
1.70354e-08
1.58052e-08
1.48878e-08
1.42726e-08
1.38786e-08
1.35323e-08
1.32692e-08
1.33706e-08
1.35509e-08
1.34557e-08
1.34673e-08
1.35956e-08
1.35675e-08
1.35586e-08
1.61514e-11
4.81124e-11
7.89051e-11
1.09027e-10
1.38717e-10
1.6795e-10
2.00206e-10
2.51562e-10
4.06173e-10
9.85118e-10
3.00343e-09
9.15982e-09
2.42587e-08
5.20834e-08
9.34749e-08
1.32698e-07
1.54533e-07
1.57797e-07
1.47663e-07
1.3167e-07
1.14474e-07
9.72648e-08
8.0858e-08
6.58657e-08
5.2471e-08
4.13511e-08
3.26008e-08
2.57549e-08
2.04451e-08
1.64367e-08
1.33558e-08
1.08889e-08
8.93704e-09
7.5581e-09
6.5677e-09
5.85608e-09
5.3462e-09
4.97764e-09
4.70388e-09
4.52369e-09
4.4162e-09
4.33199e-09
4.25386e-09
4.29008e-09
4.37787e-09
4.3654e-09
4.38008e-09
4.42424e-09
4.4209e-09
4.42521e-09
5.59515e-12
1.66726e-11
2.73716e-11
3.79278e-11
4.83403e-11
5.86049e-11
6.97579e-11
8.68683e-11
1.39882e-10
3.56782e-10
1.1866e-09
3.92468e-09
1.10668e-08
2.47332e-08
4.45233e-08
6.15955e-08
6.89748e-08
6.80152e-08
6.20621e-08
5.41812e-08
4.60384e-08
3.81966e-08
3.09654e-08
2.45179e-08
1.8971e-08
1.45471e-08
1.11552e-08
8.59352e-09
6.69869e-09
5.30611e-09
4.2581e-09
3.4458e-09
2.81522e-09
2.37434e-09
2.0645e-09
1.84714e-09
1.69199e-09
1.58257e-09
1.50424e-09
1.45325e-09
1.42444e-09
1.40497e-09
1.38379e-09
1.39806e-09
1.43393e-09
1.43425e-09
1.44202e-09
1.45897e-09
1.45974e-09
1.46254e-09
1.92988e-12
5.76462e-12
9.51948e-12
1.32269e-11
1.69202e-11
2.05552e-11
2.44394e-11
3.00731e-11
4.80658e-11
1.2941e-10
4.69948e-10
1.69556e-09
5.06794e-09
1.16662e-08
2.10148e-08
2.8136e-08
3.0281e-08
2.89774e-08
2.58093e-08
2.20432e-08
1.83168e-08
1.47992e-08
1.16557e-08
8.97414e-09
6.73682e-09
5.00548e-09
3.73513e-09
2.81338e-09
2.14979e-09
1.67986e-09
1.33789e-09
1.07738e-09
8.78456e-10
7.42665e-10
6.48688e-10
5.83239e-10
5.37418e-10
5.06138e-10
4.84072e-10
4.69912e-10
4.62259e-10
4.58554e-10
4.53775e-10
4.58638e-10
4.72356e-10
4.75159e-10
4.78324e-10
4.83915e-10
4.85007e-10
4.86512e-10
6.70513e-13
2.00449e-12
3.31349e-12
4.61554e-12
5.91216e-12
7.19618e-12
8.55014e-12
1.04347e-11
1.6555e-11
4.68003e-11
1.8607e-10
7.24662e-10
2.30104e-09
5.49588e-09
9.79579e-09
1.2638e-08
1.30969e-08
1.21814e-08
1.06283e-08
8.89801e-09
7.2134e-09
5.66884e-09
4.33496e-09
3.23283e-09
2.35239e-09
1.70004e-09
1.23446e-09
9.08604e-10
6.8438e-10
5.29401e-10
4.19213e-10
3.37641e-10
2.76011e-10
2.34305e-10
2.05943e-10
1.86581e-10
1.72943e-10
1.63868e-10
1.57812e-10
1.53951e-10
1.51922e-10
1.51268e-10
1.50111e-10
1.5221e-10
1.57632e-10
1.58977e-10
1.60399e-10
1.62657e-10
1.63201e-10
1.63809e-10
2.32223e-13
6.95256e-13
1.15441e-12
1.61198e-12
2.07341e-12
2.53036e-12
3.00814e-12
3.64083e-12
5.68452e-12
1.68833e-11
7.33638e-11
3.11888e-10
1.04517e-09
2.56485e-09
4.5045e-09
5.58888e-09
5.59183e-09
5.07359e-09
4.33445e-09
3.55062e-09
2.81002e-09
2.14224e-09
1.58301e-09
1.14374e-09
8.06386e-10
5.64675e-10
4.00177e-10
2.89215e-10
2.14527e-10
1.64759e-10
1.30386e-10
1.05256e-10
8.65163e-11
7.41457e-11
6.5791e-11
6.00771e-11
5.61183e-11
5.35624e-11
5.188e-11
5.08422e-11
5.03178e-11
5.02929e-11
5.01325e-11
5.07142e-11
5.25306e-11
5.33113e-11
5.38348e-11
5.45897e-11
5.48805e-11
5.51431e-11
8.08871e-14
2.42443e-13
4.02682e-13
5.63261e-13
7.25958e-13
8.87792e-13
1.05597e-12
1.26907e-12
1.95635e-12
6.04159e-12
2.87402e-11
1.31676e-10
4.67749e-10
1.18048e-09
2.0353e-09
2.42808e-09
2.35941e-09
2.09358e-09
1.75531e-09
1.40624e-09
1.0838e-09
8.0065e-10
5.7135e-10
3.98537e-10
2.72171e-10
1.85596e-10
1.28497e-10
9.12956e-11
6.71708e-11
5.14336e-11
4.0786e-11
3.31542e-11
2.74914e-11
2.3782e-11
2.12968e-11
1.96227e-11
1.84464e-11
1.76974e-11
1.7234e-11
1.69513e-11
1.68061e-11
1.68308e-11
1.68162e-11
1.70816e-11
1.77643e-11
1.80508e-11
1.82514e-11
1.85339e-11
1.86518e-11
1.87492e-11
2.81489e-14
8.43878e-14
1.40518e-13
1.96872e-13
2.54594e-13
3.12671e-13
3.72576e-13
4.46004e-13
6.72584e-13
2.15439e-12
1.11902e-11
5.5799e-11
2.08363e-10
5.38268e-10
9.04779e-10
1.04058e-09
9.85109e-10
8.57273e-10
7.04088e-10
5.50614e-10
4.12776e-10
2.94654e-10
2.02434e-10
1.36323e-10
9.0221e-11
5.98041e-11
4.06382e-11
2.85504e-11
2.08433e-11
1.59669e-11
1.27501e-11
1.04551e-11
8.76156e-12
7.68224e-12
6.95622e-12
6.46069e-12
6.11725e-12
5.90134e-12
5.76811e-12
5.69139e-12
5.65683e-12
5.6802e-12
5.68873e-12
5.74885e-12
5.96321e-12
6.09017e-12
6.16591e-12
6.266e-12
6.31825e-12
6.35751e-12
9.84068e-15
2.95177e-14
4.91293e-14
6.88458e-14
8.92157e-14
1.09865e-13
1.31175e-13
1.56183e-13
2.32088e-13
7.60904e-13
4.28939e-12
2.30415e-11
9.08918e-11
2.38726e-10
3.94104e-10
4.39354e-10
4.07814e-10
3.4859e-10
2.80536e-10
2.13537e-10
1.55235e-10
1.06962e-10
7.0828e-11
4.60515e-11
2.9554e-11
1.9154e-11
1.28063e-11
8.92052e-12
6.5075e-12
5.00736e-12
4.03314e-12
3.34252e-12
2.83472e-12
2.51389e-12
2.29864e-12
2.15178e-12
2.04892e-12
1.98399e-12
1.94589e-12
1.92478e-12
1.91533e-12
1.9255e-12
1.93264e-12
1.95685e-12
2.03131e-12
2.07767e-12
2.10388e-12
2.13817e-12
2.15803e-12
2.17242e-12
3.44119e-15
1.03172e-14
1.7188e-14
2.41022e-14
3.12477e-14
3.86859e-14
4.63805e-14
5.52142e-14
8.02938e-14
2.68924e-13
1.65321e-12
9.55053e-12
3.93948e-11
1.05365e-10
1.69104e-10
1.83428e-10
1.67404e-10
1.40821e-10
1.10717e-10
8.18171e-11
5.74605e-11
3.81118e-11
2.42893e-11
1.52711e-11
9.52953e-12
6.04331e-12
3.99959e-12
2.77771e-12
2.02718e-12
1.56988e-12
1.28135e-12
1.0753e-12
9.22066e-13
8.2872e-13
7.65434e-13
7.21101e-13
6.90277e-13
6.70685e-13
6.58605e-13
6.51875e-13
6.49121e-13
6.52532e-13
6.55344e-13
6.64708e-13
6.91778e-13
7.08955e-13
7.18227e-13
7.30676e-13
7.38477e-13
7.43865e-13
1.20729e-15
3.62039e-15
6.02672e-15
8.44288e-15
1.09491e-14
1.35886e-14
1.63647e-14
1.94192e-14
2.79193e-14
9.43189e-14
6.20091e-13
3.87666e-12
1.67805e-11
4.506e-11
7.11281e-11
7.59657e-11
6.8362e-11
5.65976e-11
4.34017e-11
3.09925e-11
2.09743e-11
1.3356e-11
8.21218e-12
5.00981e-12
3.04747e-12
1.90441e-12
1.25166e-12
8.69206e-13
6.38064e-13
4.98859e-13
4.11904e-13
3.50032e-13
3.03594e-13
2.75768e-13
2.5681e-13
2.43325e-13
2.33875e-13
2.27742e-13
2.23998e-13
2.21933e-13
2.21094e-13
2.22647e-13
2.24249e-13
2.26812e-13
2.35472e-13
2.42324e-13
2.45791e-13
2.50061e-13
2.53061e-13
2.55132e-13
4.24211e-16
1.27199e-15
2.11667e-15
2.96488e-15
3.84686e-15
4.78049e-15
5.75834e-15
6.83068e-15
9.64774e-15
3.25693e-14
2.3127e-13
1.53087e-12
7.00541e-12
1.92292e-11
2.96333e-11
3.11243e-11
2.77105e-11
2.25024e-11
1.68531e-11
1.16571e-11
7.58135e-12
4.65404e-12
2.76812e-12
1.63381e-12
9.74752e-13
6.05495e-13
3.9632e-13
2.75924e-13
2.0491e-13
1.61677e-13
1.34863e-13
1.16182e-13
1.01747e-13
9.31025e-14
8.71889e-14
8.29768e-14
7.99019e-14
7.79322e-14
7.67315e-14
7.59629e-14
7.55301e-14
7.59453e-14
7.65015e-14
7.82331e-14
8.19818e-14
8.4164e-14
8.52247e-14
8.66871e-14
8.77581e-14
8.84842e-14
1.49128e-16
4.47031e-16
7.44052e-16
1.04128e-15
1.34841e-15
1.68027e-15
2.03923e-15
2.42865e-15
3.38675e-15
1.14257e-14
8.59909e-14
6.16631e-13
2.93136e-12
8.14603e-12
1.22353e-11
1.26729e-11
1.11661e-11
8.89615e-12
6.47547e-12
4.32098e-12
2.70046e-12
1.59124e-12
9.11646e-13
5.25384e-13
3.08964e-13
1.90272e-13
1.25203e-13
8.80244e-14
6.58757e-14
5.25722e-14
4.43544e-14
3.86143e-14
3.40856e-14
3.14887e-14
2.97473e-14
2.84065e-14
2.74093e-14
2.67663e-14
2.63254e-14
2.60507e-14
2.59324e-14
2.60714e-14
2.63312e-14
2.67233e-14
2.78771e-14
2.88192e-14
2.92434e-14
2.97783e-14
3.01978e-14
3.0485e-14
5.25218e-17
1.57424e-16
2.6196e-16
3.66457e-16
4.73866e-16
5.90426e-16
7.21401e-16
8.5913e-16
1.18838e-15
4.00287e-15
3.19038e-14
2.4273e-13
1.20605e-12
3.31936e-12
4.99211e-12
5.14188e-12
4.48441e-12
3.50296e-12
2.46792e-12
1.5795e-12
9.49281e-13
5.36903e-13
2.97165e-13
1.6811e-13
9.78611e-14
6.01745e-14
3.98156e-14
2.83044e-14
2.14176e-14
1.72747e-14
1.47145e-14
1.29264e-14
1.15067e-14
1.06937e-14
1.01679e-14
9.74847e-15
9.42244e-15
9.20531e-15
9.05176e-15
8.95462e-15
8.91116e-15
8.95651e-15
9.05872e-15
9.20351e-15
9.58627e-15
9.92158e-15
1.00693e-14
1.02564e-14
1.04124e-14
1.05193e-14
1.85128e-17
5.54762e-17
9.23262e-17
1.29127e-16
1.66559e-16
2.07062e-16
2.54481e-16
3.0648e-16
4.20923e-16
1.42067e-15
1.20388e-14
9.62353e-14
4.94063e-13
1.36686e-12
2.0346e-12
2.08164e-12
1.79558e-12
1.37085e-12
9.29716e-13
5.69678e-13
3.27536e-13
1.77825e-13
9.52415e-14
5.30731e-14
3.07731e-14
1.8963e-14
1.27176e-14
9.15192e-15
6.98915e-15
5.69581e-15
4.8991e-15
4.3383e-15
3.89276e-15
3.64088e-15
3.48153e-15
3.35371e-15
3.24952e-15
3.17281e-15
3.11391e-15
3.07902e-15
3.06663e-15
3.07282e-15
3.11032e-15
3.15709e-15
3.2816e-15
3.40421e-15
3.45423e-15
3.52095e-15
3.57892e-15
3.61912e-15
6.53302e-18
1.95785e-17
3.25793e-17
4.55478e-17
5.8703e-17
7.28227e-17
8.97326e-17
1.08417e-16
1.49349e-16
5.03138e-16
4.42437e-15
3.77077e-14
2.01012e-13
5.54723e-13
8.2778e-13
8.45799e-13
7.16784e-13
5.33373e-13
3.46873e-13
2.0281e-13
1.11602e-13
5.82837e-14
3.04221e-14
1.67581e-14
9.71331e-15
6.03765e-15
4.10132e-15
2.9839e-15
2.2995e-15
1.89111e-15
1.64089e-15
1.46397e-15
1.32518e-15
1.24719e-15
1.19605e-15
1.15765e-15
1.12322e-15
1.09442e-15
1.07393e-15
1.0632e-15
1.06025e-15
1.06371e-15
1.07854e-15
1.08237e-15
1.11494e-15
1.1636e-15
1.18381e-15
1.20807e-15
1.22955e-15
1.24473e-15
2.30745e-18
6.9149e-18
1.15069e-17
1.60869e-17
2.0722e-17
2.56724e-17
3.16313e-17
3.84377e-17
5.25367e-17
1.76293e-16
1.62466e-15
1.44479e-14
8.0531e-14
2.22385e-13
3.34035e-13
3.40879e-13
2.84462e-13
2.05992e-13
1.2882e-13
7.18158e-14
3.78661e-14
1.90938e-14
9.74919e-15
5.31757e-15
3.10284e-15
1.9557e-15
1.34278e-15
9.87533e-16
7.68745e-16
6.35513e-16
5.55028e-16
5.00455e-16
4.56717e-16
4.3261e-16
4.15358e-16
4.03962e-16
3.92549e-16
3.81527e-16
3.74392e-16
3.71098e-16
3.70741e-16
3.72593e-16
3.7916e-16
3.77332e-16
3.84423e-16
4.01599e-16
4.08217e-16
4.16541e-16
4.2438e-16
4.29933e-16
8.15658e-19
2.44421e-18
4.06776e-18
5.68729e-18
7.31868e-18
9.03482e-18
1.11084e-17
1.37095e-17
1.88024e-17
6.35579e-17
6.12368e-16
5.65117e-15
3.23169e-14
9.0712e-14
1.35593e-13
1.37425e-13
1.12413e-13
7.87443e-14
4.71104e-14
2.50792e-14
1.26613e-14
6.16994e-15
3.09018e-15
1.67715e-15
9.88226e-16
6.32767e-16
4.42089e-16
3.28426e-16
2.57309e-16
2.13952e-16
1.879e-16
1.70852e-16
1.57051e-16
1.50346e-16
1.44776e-16
1.41069e-16
1.37524e-16
1.33688e-16
1.31127e-16
1.29987e-16
1.30113e-16
1.30428e-16
1.32536e-16
1.31843e-16
1.33718e-16
1.39503e-16
1.41464e-16
1.44194e-16
1.46859e-16
1.48838e-16
2.88572e-19
8.64833e-19
1.43929e-18
2.01198e-18
2.58855e-18
3.19008e-18
3.91701e-18
4.83523e-18
6.73381e-18
2.27894e-17
2.25878e-16
2.19482e-15
1.29601e-14
3.65908e-14
5.54238e-14
5.56481e-14
4.41202e-14
2.97885e-14
1.69687e-14
8.61812e-15
4.19088e-15
1.9854e-15
9.82437e-16
5.33196e-16
3.16379e-16
2.06006e-16
1.46122e-16
1.0962e-16
8.6449e-17
7.23444e-17
6.38144e-17
5.82795e-17
5.38639e-17
5.19471e-17
5.03484e-17
4.9049e-17
4.78968e-17
4.66909e-17
4.58317e-17
4.54017e-17
4.53934e-17
4.54032e-17
4.59317e-17
4.57598e-17
4.65267e-17
4.85658e-17
4.92495e-17
5.01781e-17
5.11034e-17
5.18128e-17
1.02177e-19
3.06208e-19
5.09638e-19
7.12459e-19
9.16375e-19
1.12803e-18
1.38251e-18
1.71415e-18
2.38592e-18
8.08351e-18
8.33859e-17
8.3926e-16
5.15028e-15
1.46943e-14
2.25053e-14
2.23834e-14
1.72197e-14
1.11821e-14
6.08325e-15
2.94164e-15
1.38043e-15
6.41015e-16
3.15235e-16
1.7138e-16
1.02507e-16
6.79698e-17
4.87655e-17
3.69708e-17
2.94142e-17
2.47229e-17
2.18838e-17
2.00615e-17
1.85971e-17
1.7967e-17
1.75193e-17
1.70819e-17
1.66873e-17
1.63377e-17
1.60616e-17
1.58933e-17
1.58748e-17
1.58575e-17
1.59995e-17
1.59117e-17
1.62181e-17
1.69512e-17
1.7171e-17
1.74892e-17
1.78261e-17
1.80845e-17
3.62067e-20
1.08502e-19
1.80597e-19
2.52543e-19
3.24794e-19
3.98889e-19
4.85044e-19
6.09481e-19
8.59241e-19
2.9756e-18
3.20467e-17
3.30471e-16
2.06423e-15
6.05199e-15
9.21088e-15
8.98852e-15
6.6972e-15
4.13731e-15
2.13846e-15
9.88271e-16
4.47498e-16
2.04804e-16
1.00791e-16
5.5287e-17
3.32627e-17
2.23553e-17
1.6328e-17
1.25009e-17
1.00004e-17
8.4394e-18
7.49362e-18
6.88892e-18
6.41109e-18
6.20113e-18
6.06912e-18
5.92698e-18
5.80023e-18
5.70216e-18
5.61327e-18
5.54591e-18
5.53623e-18
5.52174e-18
5.55506e-18
5.52565e-18
5.64703e-18
5.89951e-18
5.9651e-18
6.07115e-18
6.1856e-18
6.27841e-18
1.28388e-20
3.84786e-20
6.40472e-20
8.95511e-20
1.15193e-19
1.41421e-19
1.71299e-19
2.14141e-19
3.09676e-19
1.09137e-18
1.20453e-17
1.29915e-16
8.34163e-16
2.48489e-15
3.80236e-15
3.60927e-15
2.57664e-15
1.51269e-15
7.40375e-16
3.27589e-16
1.43992e-16
6.53616e-17
3.24288e-17
1.80469e-17
1.09248e-17
7.40499e-18
5.48049e-18
4.2358e-18
3.39983e-18
2.87455e-18
2.56083e-18
2.35846e-18
2.20668e-18
2.1423e-18
2.10237e-18
2.05676e-18
2.01483e-18
1.97956e-18
1.95071e-18
1.92628e-18
1.91841e-18
1.90938e-18
1.91799e-18
1.91084e-18
1.96011e-18
2.05064e-18
2.07531e-18
2.11227e-18
2.15208e-18
2.18554e-18
4.55584e-21
1.36539e-20
2.27284e-20
3.17783e-20
4.08746e-20
5.01713e-20
6.07989e-20
7.5669e-20
1.10573e-19
3.96308e-19
4.52918e-18
5.06112e-17
3.36385e-16
1.00722e-15
1.55798e-15
1.44062e-15
9.80435e-16
5.51361e-16
2.56036e-16
1.08146e-16
4.64167e-17
2.09962e-17
1.05183e-17
5.95199e-18
3.64463e-18
2.48493e-18
1.85313e-18
1.44906e-18
1.1656e-18
9.82937e-19
8.7756e-19
8.11467e-19
7.63317e-19
7.44997e-19
7.34186e-19
7.19941e-19
7.05861e-19
6.92492e-19
6.82441e-19
6.72655e-19
6.68066e-19
6.64236e-19
6.66851e-19
6.63453e-19
6.8262e-19
7.15242e-19
7.23481e-19
7.36302e-19
7.50624e-19
7.62658e-19
1.61781e-21
4.84839e-21
8.07142e-21
1.129e-20
1.45235e-20
1.7804e-20
2.14216e-20
2.68141e-20
3.99001e-20
1.50853e-19
1.8125e-18
2.04667e-17
1.37661e-16
4.23377e-16
6.41365e-16
5.71912e-16
3.71757e-16
1.97831e-16
8.71031e-17
3.53047e-17
1.47878e-17
6.67851e-18
3.38577e-18
1.94361e-18
1.21318e-18
8.3202e-19
6.30022e-19
4.97047e-19
3.98869e-19
3.35988e-19
3.01712e-19
2.78807e-19
2.60835e-19
2.57716e-19
2.55942e-19
2.52643e-19
2.48954e-19
2.43478e-19
2.39704e-19
2.35603e-19
2.32915e-19
2.31255e-19
2.32169e-19
2.30705e-19
2.37558e-19
2.48512e-19
2.50669e-19
2.54723e-19
2.59463e-19
2.63688e-19
5.7483e-22
1.72289e-21
2.86816e-21
4.01178e-21
5.16263e-21
6.3316e-21
7.58861e-21
9.43713e-21
1.43851e-20
5.70791e-20
7.0507e-19
8.24436e-18
5.66955e-17
1.79853e-16
2.65567e-16
2.25793e-16
1.39303e-16
6.98952e-17
2.93248e-17
1.14596e-17
4.704e-18
2.13088e-18
1.09886e-18
6.35524e-19
4.02891e-19
2.79808e-19
2.14442e-19
1.70458e-19
1.3662e-19
1.15466e-19
1.04066e-19
9.64596e-20
8.97508e-20
8.92333e-20
8.90164e-20
8.82358e-20
8.74418e-20
8.55923e-20
8.41523e-20
8.24862e-20
8.11741e-20
8.02797e-20
8.03726e-20
8.01643e-20
8.28056e-20
8.65203e-20
8.72413e-20
8.8576e-20
9.01509e-20
9.16397e-20
2.04373e-22
6.1256e-22
1.01983e-21
1.42627e-21
1.83567e-21
2.25225e-21
2.70274e-21
3.3325e-21
5.1681e-21
2.14378e-20
2.72931e-19
3.2997e-18
2.33223e-17
7.39926e-17
1.09168e-16
8.84732e-17
5.1315e-17
2.45876e-17
9.858e-18
3.70872e-18
1.50395e-18
6.87025e-19
3.61302e-19
2.11964e-19
1.35379e-19
9.50326e-20
7.32113e-20
5.87254e-20
4.71864e-20
4.00051e-20
3.63709e-20
3.369e-20
3.11751e-20
3.11961e-20
3.1196e-20
3.09871e-20
3.07715e-20
3.02073e-20
2.96663e-20
2.89903e-20
2.83859e-20
2.79942e-20
2.79267e-20
2.78689e-20
2.89366e-20
3.02561e-20
3.04982e-20
3.09416e-20
3.14817e-20
3.20057e-20
7.27081e-23
2.17918e-22
3.62832e-22
5.07495e-22
6.53033e-22
8.01154e-22
9.60613e-22
1.18201e-21
1.85164e-21
8.04281e-21
1.06836e-19
1.31838e-18
9.59259e-18
3.07366e-17
4.45845e-17
3.45234e-17
1.87986e-17
8.58768e-18
3.30674e-18
1.20225e-18
4.81108e-19
2.23299e-19
1.20543e-19
7.13191e-20
4.58506e-20
3.25861e-20
2.5216e-20
2.04119e-20
1.64702e-20
1.39914e-20
1.28115e-20
1.18917e-20
1.09184e-20
1.09793e-20
1.09854e-20
1.09152e-20
1.08686e-20
1.07144e-20
1.05076e-20
1.02388e-20
9.98472e-21
9.83434e-21
9.77659e-21
9.75089e-21
1.01594e-20
1.06247e-20
1.06879e-20
1.08334e-20
1.10271e-20
1.12123e-20
2.58816e-23
7.75726e-23
1.29164e-22
1.80738e-22
2.3266e-22
2.85384e-22
3.41305e-22
4.19182e-22
6.66818e-22
3.1631e-21
4.36738e-20
5.40707e-19
3.95853e-18
1.31261e-17
1.81646e-17
1.33092e-17
6.83837e-18
2.94846e-18
1.089e-18
3.85889e-19
1.5293e-19
7.20667e-20
3.99636e-20
2.39391e-20
1.54448e-20
1.11275e-20
8.70024e-21
7.09011e-21
5.75172e-21
4.91465e-21
4.50088e-21
4.1751e-21
3.80081e-21
3.8543e-21
3.86616e-21
3.84648e-21
3.84072e-21
3.80199e-21
3.71944e-21
3.61525e-21
3.51825e-21
3.46231e-21
3.43097e-21
3.43327e-21
3.5618e-21
3.68768e-21
3.70664e-21
3.75419e-21
3.8134e-21
3.87552e-21
9.21782e-24
2.76299e-23
4.60075e-23
6.43731e-23
8.29086e-23
1.01787e-22
1.21642e-22
1.4841e-22
2.3967e-22
1.22591e-21
1.72554e-20
2.18323e-19
1.61931e-18
5.48757e-18
7.33059e-18
5.02839e-18
2.43766e-18
9.94984e-19
3.53312e-19
1.22579e-19
4.8627e-20
2.32412e-20
1.31254e-20
7.99036e-21
5.17609e-21
3.77673e-21
2.98283e-21
2.44102e-21
1.99592e-21
1.7193e-21
1.56618e-21
1.44896e-21
1.31731e-21
1.34383e-21
1.35638e-21
1.35403e-21
1.3525e-21
1.33872e-21
1.30803e-21
1.26976e-21
1.23354e-21
1.21081e-21
1.19816e-21
1.19938e-21
1.24072e-21
1.27703e-21
1.28232e-21
1.29617e-21
1.31467e-21
1.33613e-21
3.28478e-24
9.84609e-24
1.63964e-23
2.29395e-23
2.95483e-23
3.62937e-23
4.34308e-23
5.27355e-23
8.60761e-23
4.65684e-22
6.66524e-21
8.53019e-20
6.34266e-19
2.11557e-18
2.79731e-18
1.79927e-18
8.19548e-19
3.19829e-19
1.09131e-19
3.71472e-20
1.48864e-20
7.21404e-21
4.13182e-21
2.56188e-21
1.67255e-21
1.23669e-21
9.82498e-22
8.08214e-22
6.68304e-22
5.77189e-22
5.2308e-22
4.8378e-22
4.45065e-22
4.58035e-22
4.66091e-22
4.66437e-22
4.6613e-22
4.60095e-22
4.4754e-22
4.32396e-22
4.18901e-22
4.10026e-22
4.03957e-22
4.03353e-22
4.16669e-22
4.26817e-22
4.27115e-22
4.304e-22
4.35935e-22
4.43027e-22
1.17206e-24
3.51376e-24
5.85274e-24
8.18993e-24
1.05384e-23
1.29109e-23
1.53292e-23
1.90091e-23
3.20483e-23
1.9154e-22
2.44299e-21
2.79979e-20
1.79297e-19
5.55906e-19
7.1598e-19
4.31095e-19
1.82836e-19
6.77974e-20
2.20953e-20
7.4619e-21
2.97366e-21
1.48376e-21
8.70427e-22
5.46243e-22
3.60514e-22
2.75625e-22
2.17837e-22
1.80037e-22
1.50978e-22
1.29807e-22
1.18476e-22
1.11479e-22
1.07874e-22
1.14953e-22
1.16934e-22
1.16166e-22
1.15067e-22
1.11403e-22
1.05532e-22
9.99335e-23
9.58753e-23
9.32274e-23
9.05924e-23
9.0146e-23
9.43317e-23
9.55527e-23
9.38468e-23
9.38531e-23
9.51423e-23
9.71861e-23
