0.0544313
0.15098
0.229736
0.298331
0.361027
0.420647
0.479179
0.537969
0.597919
0.659861
0.724184
0.79112
0.860883
0.933282
1.00811
1.08511
1.16378
1.2436
1.32403
1.40439
1.48427
1.56311
1.63995
1.71494
1.78845
1.85911
1.92472
1.98624
2.04609
2.10294
2.158
2.21115
2.26105
2.30859
2.3551
2.40187
2.44955
2.49652
2.54085
2.58163
2.6178
2.64689
2.66607
2.67414
2.69559
2.74176
2.79493
2.84858
2.90088
2.94962
0.0241897
0.0682217
0.104695
0.136844
0.166417
0.194565
0.222224
0.249979
0.278273
0.307619
0.338344
0.370609
0.404659
0.440734
0.47875
0.51859
0.560312
0.603589
0.647911
0.692935
0.738258
0.783269
0.827662
0.871155
0.913337
0.953983
0.993542
1.02979
1.06278
1.0935
1.12255
1.15222
1.17992
1.20583
1.23221
1.25989
1.28705
1.31316
1.33894
1.36166
1.38313
1.40163
1.41363
1.41686
1.42205
1.44437
1.47751
1.51323
1.54996
1.58654
0.011746
0.033246
0.0512333
0.0672867
0.0822891
0.0968464
0.111418
0.126303
0.141718
0.157947
0.175137
0.19339
0.212861
0.233628
0.255683
0.279005
0.303517
0.329045
0.355301
0.381896
0.408564
0.4349
0.460165
0.484449
0.50785
0.529947
0.550983
0.571323
0.59011
0.607098
0.623082
0.639012
0.654061
0.667862
0.681371
0.69474
0.708969
0.723628
0.73817
0.751856
0.76359
0.774147
0.781975
0.784581
0.783225
0.789949
0.807815
0.828218
0.849411
0.869057
0.00572066
0.0162947
0.0252677
0.033395
0.0411554
0.0488903
0.0568124
0.0650997
0.0739245
0.0834206
0.0936745
0.104806
0.116881
0.129875
0.143839
0.158769
0.174469
0.1908
0.207578
0.224431
0.241152
0.257466
0.272864
0.287049
0.300157
0.312223
0.32366
0.334804
0.34529
0.354682
0.363228
0.371727
0.379726
0.386821
0.393613
0.400244
0.406542
0.413458
0.421496
0.429699
0.437091
0.443399
0.447758
0.449765
0.449465
0.452267
0.461665
0.473555
0.485873
0.496273
0.00281636
0.0080636
0.0125578
0.0166847
0.0207057
0.0248141
0.0291388
0.0337889
0.0388775
0.0445091
0.050747
0.057679
0.0653571
0.0737565
0.0829121
0.0927882
0.103214
0.114061
0.125126
0.136063
0.146701
0.156867
0.166359
0.175056
0.182788
0.189583
0.195702
0.201574
0.207181
0.212591
0.21773
0.222663
0.227163
0.231132
0.234887
0.238277
0.241439
0.244617
0.248108
0.252138
0.256476
0.26042
0.263211
0.264488
0.26386
0.264615
0.269651
0.276829
0.284131
0.289707
0.00138999
0.00397623
0.00619204
0.00828197
0.0103584
0.0125087
0.0148461
0.0174369
0.0203406
0.0236526
0.0274451
0.0317547
0.0366222
0.0420968
0.048149
0.0547133
0.0617453
0.0690875
0.0764956
0.0837572
0.0907144
0.0972125
0.103178
0.10845
0.112988
0.11708
0.120373
0.123259
0.126321
0.129114
0.131761
0.134469
0.137025
0.139268
0.141356
0.1433
0.144938
0.146434
0.148211
0.150475
0.152829
0.154929
0.156588
0.157495
0.156996
0.156963
0.159653
0.163975
0.168341
0.17138
0.00068796
0.00197875
0.00308863
0.00413838
0.00519414
0.00631197
0.00755095
0.00896077
0.0105956
0.0125251
0.0147979
0.0174624
0.0205616
0.0241034
0.0280922
0.0325017
0.0372298
0.0421575
0.0471335
0.0518934
0.05633
0.0603827
0.0639572
0.0671915
0.0699967
0.0723054
0.0742607
0.0758494
0.077352
0.0789361
0.0804513
0.0818055
0.0830637
0.0842609
0.0853695
0.08641
0.0872612
0.0879388
0.0885909
0.0894942
0.0908091
0.0922084
0.0933159
0.0939559
0.0936466
0.0933647
0.0947784
0.097347
0.0997381
0.101156
0.00033107
0.000971744
0.00153845
0.00206709
0.00261148
0.0032106
0.00387474
0.00464305
0.00556677
0.00668311
0.00803915
0.00969008
0.0116624
0.0139535
0.0165852
0.0195376
0.0227184
0.0260258
0.029322
0.0324312
0.0352342
0.0376546
0.0397043
0.0414818
0.0430241
0.0442526
0.0452123
0.0460097
0.0466987
0.0474517
0.0482662
0.0489466
0.0495298
0.0501474
0.0507359
0.0512849
0.0518346
0.0522565
0.0525594
0.0528495
0.0533212
0.0540613
0.054769
0.0552227
0.0550843
0.0548177
0.0555127
0.0569612
0.0581584
0.0587004
0.00014495
0.000428543
0.000688543
0.000952606
0.00124012
0.00156297
0.00193412
0.00237239
0.0029041
0.00356002
0.00437639
0.00539557
0.00664574
0.00813109
0.00986479
0.0118205
0.013924
0.0161095
0.0182605
0.0202283
0.0219722
0.0234358
0.0245876
0.0255302
0.0263157
0.0269407
0.0273944
0.0277101
0.0279662
0.0282649
0.0286269
0.028919
0.0291421
0.0293848
0.0296255
0.0298587
0.030104
0.0303253
0.0304779
0.030607
0.030837
0.0312417
0.0316871
0.0319824
0.0319375
0.0317894
0.0321674
0.0329877
0.0335848
0.0337728
5.16746e-05
0.000157525
0.000264638
0.000387586
0.000534605
0.000709041
0.000917823
0.00117094
0.00148257
0.0018713
0.00236377
0.00299398
0.00378629
0.0047465
0.0058841
0.00717563
0.00855954
0.00997787
0.0113513
0.0125676
0.0136139
0.0144677
0.0150881
0.0155489
0.0159015
0.0161666
0.0163634
0.0164843
0.0165456
0.0166224
0.0167429
0.0168327
0.0168821
0.0169469
0.0170179
0.0170921
0.0171766
0.0172588
0.0173133
0.0173384
0.0173955
0.017573
0.0178211
0.0180048
0.0179983
0.0179103
0.0181099
0.018554
0.0188285
0.0188653
1.40278e-05
4.56346e-05
8.39095e-05
0.000136073
0.000207055
0.000298631
0.000414161
0.000559754
0.000743201
0.000974282
0.00127146
0.00166103
0.00216248
0.00278246
0.00352705
0.0043759
0.00527899
0.00618839
0.00704992
0.00778676
0.00838837
0.00885318
0.00916267
0.00936035
0.00949307
0.00957171
0.00961352
0.00963215
0.00961599
0.00959999
0.00961224
0.00960918
0.00958503
0.00957454
0.00957282
0.00957953
0.00959752
0.00962314
0.00963909
0.00963179
0.00962141
0.00967986
0.00980727
0.00991067
0.00991011
0.00985683
0.00995513
0.0101802
0.0102928
0.0102797
2.80327e-06
1.01958e-05
2.17602e-05
4.11703e-05
7.21609e-05
0.000117041
0.000178534
0.000260467
0.000367835
0.000505295
0.000684661
0.000925206
0.0012421
0.00164189
0.00212827
0.00268334
0.00326666
0.00384205
0.00437327
0.00480798
0.00513955
0.00537245
0.0055075
0.00557181
0.00559846
0.00559675
0.00557338
0.00554171
0.00549522
0.00544651
0.00541437
0.00537552
0.00532591
0.00528818
0.00525831
0.00523685
0.00522674
0.00522664
0.00522569
0.0052116
0.00519061
0.0052018
0.00526148
0.00532263
0.00532842
0.00529828
0.00534421
0.00545271
0.00549361
0.00547345
4.56932e-07
1.89808e-06
4.87761e-06
1.11358e-05
2.31517e-05
4.32901e-05
7.4093e-05
0.000118632
0.000180599
0.000262346
0.000371013
0.000519741
0.000719873
0.000977322
0.00129459
0.00165562
0.00202865
0.00238762
0.00270812
0.00295515
0.00312832
0.00323401
0.00328077
0.00328669
0.00326986
0.00323822
0.00319451
0.00314706
0.00309409
0.00304025
0.00299626
0.0029511
0.00290056
0.00285941
0.00282525
0.00279739
0.00277773
0.0027654
0.00275623
0.00274332
0.00272614
0.00272069
0.00274321
0.00277709
0.00278363
0.00276666
0.0027872
0.00283741
0.00285037
0.00283602
7.87911e-08
3.48876e-07
1.04485e-06
2.86392e-06
7.098e-06
1.54532e-05
2.99914e-05
5.33015e-05
8.82899e-05
0.00013676
0.000203046
0.000295491
0.000422231
0.000587896
0.000794587
0.00102796
0.00126443
0.00148488
0.00167208
0.00180535
0.00188951
0.00193038
0.00193741
0.0019224
0.00189392
0.00185706
0.00181377
0.00176887
0.00172181
0.00167495
0.00163365
0.0015931
0.00155106
0.00151617
0.00148732
0.00146321
0.00144415
0.00142987
0.00141886
0.00140892
0.00139738
0.00138865
0.00139519
0.0014117
0.00141513
0.0014055
0.00141378
0.0014356
0.00143863
0.00143084
1.76513e-08
7.43198e-08
2.37971e-07
7.54964e-07
2.1902e-06
5.52265e-06
1.2141e-05
2.39722e-05
4.33328e-05
7.18946e-05
0.0001125
0.000170257
0.000250954
0.000357643
0.000492589
0.000642632
0.000790628
0.000923247
0.00102712
0.00109436
0.00113111
0.00114198
0.00113417
0.00111439
0.0010867
0.00105412
0.00101853
0.000982751
0.000946195
0.000910111
0.000877295
0.000845445
0.00081403
0.00078791
0.000766278
0.000748248
0.000733183
0.000721142
0.000711743
0.000704697
0.0006976
0.000690501
0.00069161
0.000699911
0.000701813
0.000696268
0.000699123
0.000707889
0.000707731
0.000704157
5.18668e-09
2.02832e-08
6.43002e-08
2.24716e-07
7.3518e-07
2.05447e-06
5.03437e-06
1.09496e-05
2.12379e-05
3.76434e-05
6.23677e-05
9.83815e-05
0.000149527
0.000218505
0.000305489
0.000401358
0.000493838
0.000571681
0.000627679
0.000659335
0.000671698
0.000670286
0.000658998
0.000640327
0.000617411
0.000592512
0.00056561
0.000539064
0.000513181
0.000487816
0.000464527
0.000442336
0.000420925
0.000402836
0.000387763
0.000375511
0.000364946
0.00035622
0.000349619
0.000344743
0.000340168
0.000335484
0.000334888
0.00033838
0.000338966
0.000335801
0.000336766
0.000340574
0.00033997
0.000338243
1.52172e-09
5.24851e-09
1.51645e-08
5.77048e-08
2.23154e-07
7.2786e-07
2.00497e-06
4.81514e-06
1.02926e-05
1.96146e-05
3.44953e-05
5.71569e-05
8.97687e-05
0.000134206
0.000190264
0.00025134
0.000308227
0.000352639
0.000381584
0.000394418
0.000396394
0.000391061
0.000380044
0.000365067
0.000347798
0.000329562
0.000310642
0.000292135
0.000274325
0.000257353
0.00024187
0.000227212
0.000213329
0.000201639
0.000191855
0.000183841
0.00017711
0.000171516
0.000167115
0.000163901
0.00016121
0.000158358
0.000157235
0.00015855
0.000158911
0.00015742
0.000157516
0.000158874
0.00015848
0.000157829
4.90151e-10
1.56253e-09
3.99897e-09
1.57075e-08
6.99765e-08
2.64323e-07
8.20124e-07
2.17452e-06
5.07307e-06
1.03853e-05
1.93953e-05
3.37004e-05
5.47058e-05
8.31252e-05
0.000119445
0.000158032
0.000191897
0.000216503
0.000230056
0.000233985
0.000232292
0.00022657
0.000217724
0.000206646
0.000194148
0.000181287
0.000168419
0.000155994
0.000144276
0.000133441
0.000123639
0.000114391
0.000105801
9.86324e-05
9.26373e-05
8.77084e-05
8.36364e-05
8.02654e-05
7.75353e-05
7.55407e-05
7.40224e-05
7.24543e-05
7.15245e-05
7.18519e-05
7.20017e-05
7.13055e-05
7.12236e-05
7.16494e-05
7.14097e-05
7.11826e-05
1.61101e-10
4.92175e-10
1.1172e-09
4.31493e-09
2.16838e-08
9.63318e-08
3.41709e-07
1.00362e-06
2.53788e-06
5.58744e-06
1.10596e-05
2.01105e-05
3.36733e-05
5.21221e-05
7.55923e-05
9.95061e-05
0.000119221
0.000132065
0.000137652
0.00013802
0.000135371
0.000130475
0.000123815
0.000115948
0.000107258
9.8426e-05
8.99646e-05
8.19173e-05
7.44686e-05
6.77992e-05
6.18328e-05
5.62818e-05
5.11911e-05
4.7041e-05
4.35897e-05
4.07184e-05
3.83884e-05
3.64801e-05
3.49118e-05
3.37446e-05
3.28938e-05
3.20877e-05
3.1476e-05
3.14473e-05
3.14775e-05
3.11238e-05
3.10744e-05
3.12405e-05
3.10992e-05
3.1025e-05
5.51885e-11
1.64216e-10
3.40207e-10
1.28065e-09
7.37662e-09
3.68952e-08
1.45229e-07
4.67562e-07
1.28078e-06
2.99434e-06
6.26909e-06
1.19718e-05
2.07007e-05
3.26905e-05
4.78065e-05
6.25727e-05
7.36451e-05
7.98492e-05
8.19197e-05
8.10269e-05
7.84366e-05
7.46961e-05
6.99713e-05
6.45057e-05
5.86639e-05
5.29279e-05
4.75141e-05
4.24435e-05
3.79039e-05
3.39473e-05
3.043e-05
2.72313e-05
2.43668e-05
2.20133e-05
2.00758e-05
1.85065e-05
1.7237e-05
1.6199e-05
1.53558e-05
1.47227e-05
1.42528e-05
1.38354e-05
1.35009e-05
1.34427e-05
1.34518e-05
1.32854e-05
1.32194e-05
1.32503e-05
1.31845e-05
1.31508e-05
1.84542e-11
5.44515e-11
1.01715e-10
3.3377e-10
2.14985e-09
1.29822e-08
5.95335e-08
2.15013e-07
6.43746e-07
1.61351e-06
3.57403e-06
7.1599e-06
1.27863e-05
2.048e-05
3.01695e-05
3.90886e-05
4.51231e-05
4.80699e-05
4.85171e-05
4.7337e-05
4.52609e-05
4.25126e-05
3.92371e-05
3.56144e-05
3.1802e-05
2.81134e-05
2.47343e-05
2.16732e-05
1.89682e-05
1.6658e-05
1.46698e-05
1.28912e-05
1.13185e-05
1.00477e-05
9.01457e-06
8.18023e-06
7.51411e-06
6.97789e-06
6.54175e-06
6.21144e-06
5.96624e-06
5.76462e-06
5.59025e-06
5.53331e-06
5.53547e-06
5.46229e-06
5.42799e-06
5.43137e-06
5.40109e-06
5.38873e-06
6.338e-12
1.86223e-11
3.30608e-11
9.84273e-11
6.79849e-10
4.68857e-09
2.46017e-08
9.9485e-08
3.23882e-07
8.69365e-07
2.03783e-06
4.2712e-06
7.87764e-06
1.28677e-05
1.89905e-05
2.42871e-05
2.74644e-05
2.87039e-05
2.85671e-05
2.75368e-05
2.59763e-05
2.40552e-05
2.18625e-05
1.94829e-05
1.70549e-05
1.47786e-05
1.27217e-05
1.09014e-05
9.35156e-06
8.05093e-06
6.94688e-06
5.98813e-06
5.15803e-06
4.49039e-06
3.9569e-06
3.53444e-06
3.1972e-06
2.92905e-06
2.71608e-06
2.55331e-06
2.43068e-06
2.33487e-06
2.25183e-06
2.21636e-06
2.21317e-06
2.17999e-06
2.16258e-06
2.16185e-06
2.14834e-06
2.14281e-06
2.13317e-12
6.31327e-12
1.0774e-11
2.64582e-11
1.91527e-10
1.59642e-09
9.81838e-09
4.50565e-08
1.62706e-07
4.693e-07
1.16342e-06
2.56234e-06
4.87202e-06
8.06416e-06
1.19116e-05
1.49836e-05
1.6594e-05
1.70623e-05
1.67487e-05
1.59366e-05
1.48334e-05
1.35186e-05
1.20693e-05
1.05596e-05
9.05002e-06
7.65837e-06
6.44141e-06
5.39563e-06
4.51881e-06
3.80403e-06
3.21477e-06
2.71184e-06
2.2858e-06
1.95024e-06
1.68564e-06
1.47798e-06
1.31537e-06
1.18815e-06
1.08759e-06
1.01105e-06
9.53115e-07
9.09482e-07
8.72981e-07
8.53816e-07
8.50704e-07
8.38324e-07
8.29999e-07
8.28005e-07
8.22723e-07
8.20651e-07
7.33911e-13
2.1778e-12
3.66052e-12
8.1175e-12
5.96583e-11
5.61137e-10
3.97228e-09
2.05398e-08
8.0925e-08
2.52316e-07
6.64339e-07
1.52855e-06
3.00175e-06
5.05834e-06
7.43257e-06
9.17288e-06
9.95793e-06
1.00791e-05
9.77562e-06
9.19149e-06
8.42648e-06
7.5487e-06
6.61416e-06
5.66303e-06
4.74302e-06
3.92298e-06
3.21717e-06
2.62626e-06
2.14941e-06
1.76786e-06
1.45958e-06
1.20463e-06
9.93095e-07
8.28436e-07
7.01269e-07
6.03581e-07
5.27316e-07
4.68494e-07
4.23284e-07
3.88848e-07
3.62592e-07
3.43223e-07
3.27451e-07
3.18758e-07
3.17202e-07
3.12011e-07
3.08538e-07
3.07782e-07
3.05634e-07
3.04752e-07
2.48076e-13
7.41426e-13
1.24171e-12
2.31064e-12
1.54195e-11
1.78454e-10
1.50109e-09
8.91915e-09
4.00094e-08
1.35329e-07
3.77982e-07
9.1603e-07
1.85175e-06
3.16133e-06
4.61095e-06
5.57876e-06
5.9428e-06
5.93156e-06
5.68105e-06
5.27099e-06
4.76103e-06
4.18483e-06
3.58588e-06
3.00257e-06
2.45415e-06
1.97509e-06
1.57812e-06
1.25539e-06
9.99015e-07
8.00649e-07
6.45157e-07
5.19142e-07
4.17396e-07
3.40364e-07
2.81783e-07
2.37357e-07
2.03567e-07
1.77915e-07
1.58267e-07
1.43552e-07
1.32439e-07
1.2429e-07
1.17951e-07
1.13958e-07
1.12893e-07
1.11204e-07
1.09784e-07
1.09336e-07
1.08624e-07
1.08331e-07
8.54418e-14
2.56501e-13
4.28086e-13
7.44976e-13
4.64032e-12
6.00508e-11
5.8318e-10
3.96297e-09
1.95278e-08
7.18774e-08
2.14223e-07
5.43101e-07
1.13403e-06
1.96232e-06
2.83666e-06
3.36357e-06
3.52719e-06
3.47548e-06
3.29079e-06
3.01186e-06
2.67517e-06
2.30408e-06
1.92811e-06
1.57311e-06
1.2519e-06
9.81208e-07
7.61918e-07
5.88816e-07
4.56278e-07
3.56004e-07
2.79281e-07
2.19128e-07
1.71744e-07
1.36503e-07
1.10341e-07
9.09824e-08
7.6389e-08
6.54806e-08
5.73492e-08
5.12952e-08
4.67394e-08
4.34508e-08
4.0964e-08
3.9424e-08
3.89917e-08
3.83278e-08
3.77882e-08
3.76249e-08
3.73718e-08
3.72614e-08
2.91773e-14
8.77428e-14
1.47178e-13
2.33462e-13
1.16745e-12
1.80713e-11
2.1161e-10
1.6637e-09
9.42128e-09
3.8036e-08
1.20774e-07
3.22753e-07
6.93099e-07
1.21398e-06
1.73253e-06
2.01584e-06
2.08309e-06
2.02889e-06
1.89672e-06
1.71043e-06
1.49267e-06
1.25711e-06
1.0244e-06
8.13002e-07
6.28831e-07
4.77818e-07
3.60226e-07
2.70267e-07
2.02752e-07
1.53502e-07
1.17127e-07
8.92831e-08
6.79716e-08
5.26399e-08
4.14939e-08
3.33857e-08
2.7451e-08
2.30907e-08
1.9862e-08
1.75092e-08
1.57777e-08
1.45312e-08
1.36119e-08
1.29917e-08
1.27776e-08
1.25769e-08
1.23934e-08
1.23362e-08
1.22662e-08
1.22358e-08
1.01213e-14
3.0501e-14
5.10055e-14
7.84957e-14
3.60217e-13
6.1613e-12
8.19772e-11
7.27225e-10
4.53801e-09
1.99067e-08
6.7513e-08
1.8915e-07
4.19151e-07
7.39624e-07
1.04715e-06
1.19896e-06
1.2251e-06
1.18008e-06
1.08916e-06
9.65755e-07
8.26077e-07
6.7915e-07
5.38559e-07
4.14909e-07
3.11077e-07
2.29261e-07
1.67369e-07
1.21536e-07
8.83584e-08
6.48556e-08
4.80006e-08
3.55378e-08
2.62812e-08
1.9768e-08
1.51632e-08
1.19054e-08
9.56243e-09
7.87015e-09
6.64813e-09
5.76986e-09
5.13043e-09
4.67813e-09
4.3542e-09
4.13703e-09
4.05681e-09
3.99002e-09
3.92678e-09
3.90589e-09
3.88505e-09
3.8759e-09
3.5009e-15
1.05317e-14
1.76565e-14
2.61533e-14
9.21976e-14
1.80915e-12
2.93949e-11
3.02492e-10
2.14531e-09
1.04142e-08
3.78224e-08
1.1112e-07
2.52776e-07
4.50338e-07
6.28616e-07
7.09226e-07
7.17316e-07
6.83998e-07
6.22002e-07
5.41271e-07
4.52519e-07
3.62313e-07
2.78906e-07
2.08281e-07
1.51147e-07
1.07555e-07
7.59227e-08
5.32696e-08
3.73032e-08
2.64166e-08
1.89504e-08
1.3592e-08
9.71301e-09
7.09142e-09
5.28871e-09
4.03891e-09
3.16753e-09
2.55196e-09
2.11255e-09
1.8028e-09
1.58333e-09
1.42884e-09
1.32016e-09
1.25042e-09
1.22588e-09
1.20623e-09
1.18708e-09
1.18206e-09
1.17743e-09
1.17548e-09
1.22389e-15
3.68454e-15
6.15351e-15
8.97505e-15
2.97292e-14
6.46918e-13
1.17546e-11
1.33546e-10
1.04089e-09
5.40965e-09
2.08771e-08
6.46647e-08
1.5122e-07
2.69382e-07
3.73331e-07
4.17987e-07
4.18882e-07
3.95233e-07
3.53664e-07
3.00973e-07
2.45294e-07
1.9064e-07
1.4244e-07
1.0305e-07
7.21938e-08
4.96371e-08
3.38031e-08
2.28413e-08
1.54146e-08
1.05402e-08
7.30086e-09
5.06698e-09
3.50804e-09
2.47848e-09
1.79031e-09
1.32986e-09
1.01656e-09
7.99174e-10
6.47847e-10
5.43528e-10
4.70491e-10
4.20386e-10
3.86478e-10
3.63659e-10
3.54953e-10
3.50222e-10
3.44919e-10
3.43473e-10
3.42604e-10
3.42373e-10
4.29195e-16
1.29151e-15
2.1531e-15
3.11185e-15
9.26787e-15
2.10532e-13
4.4128e-12
5.77804e-11
4.85148e-10
2.75429e-09
1.14367e-08
3.69107e-08
8.94359e-08
1.61328e-07
2.20686e-07
2.44631e-07
2.43367e-07
2.26696e-07
1.99742e-07
1.66448e-07
1.3195e-07
9.96547e-08
7.22157e-08
5.03711e-08
3.40808e-08
2.26805e-08
1.4855e-08
9.64976e-09
6.2932e-09
4.14242e-09
2.76445e-09
1.86013e-09
1.24588e-09
8.49637e-10
5.94824e-10
4.29661e-10
3.18613e-10
2.43896e-10
1.93637e-10
1.59221e-10
1.35529e-10
1.19683e-10
1.091e-10
1.02725e-10
1.00753e-10
9.91676e-11
9.7472e-11
9.70615e-11
9.68808e-11
9.68454e-11
1.50308e-16
4.51767e-16
7.53531e-16
1.07271e-15
2.60069e-15
6.62806e-14
1.67366e-12
2.40799e-11
2.29131e-10
1.41158e-09
6.22544e-09
2.13327e-08
5.29938e-08
9.6383e-08
1.29916e-07
1.42699e-07
1.40878e-07
1.29544e-07
1.12052e-07
9.11732e-08
7.024e-08
5.13343e-08
3.58705e-08
2.41609e-08
1.57581e-08
1.0053e-08
6.33325e-09
3.95553e-09
2.46566e-09
1.55718e-09
1.00064e-09
6.47964e-10
4.17209e-10
2.74638e-10
1.85699e-10
1.29756e-10
9.376e-11
7.01366e-11
5.43966e-11
4.39468e-11
3.69434e-11
3.23056e-11
2.93243e-11
2.74229e-11
2.67979e-11
2.65537e-11
2.61797e-11
2.613e-11
2.61518e-11
2.61923e-11
5.28904e-17
1.58895e-16
2.64735e-16
3.75077e-16
8.47167e-16
2.28929e-14
6.63271e-13
1.06817e-11
1.09578e-10
7.24892e-10
3.39962e-09
1.2181e-08
3.11573e-08
5.62602e-08
7.59455e-08
8.30582e-08
8.13779e-08
7.38065e-08
6.24705e-08
4.94133e-08
3.69606e-08
2.60785e-08
1.75583e-08
1.14107e-08
7.1525e-09
4.37747e-09
2.63935e-09
1.57837e-09
9.42233e-10
5.69697e-10
3.51097e-10
2.19123e-10
1.35862e-10
8.60777e-11
5.61125e-11
3.79637e-11
2.66156e-11
1.93731e-11
1.46925e-11
1.16519e-11
9.65548e-12
8.36982e-12
7.56926e-12
7.0705e-12
6.90915e-12
6.87214e-12
6.78992e-12
6.7913e-12
6.81503e-12
6.83756e-12
1.86185e-17
5.58805e-17
9.31447e-17
1.31307e-16
2.48059e-16
6.69838e-15
2.47989e-13
4.62465e-12
5.21454e-11
3.74128e-10
1.87019e-09
6.98277e-09
1.82868e-08
3.31349e-08
4.44137e-08
4.828e-08
4.69103e-08
4.1874e-08
3.45538e-08
2.65155e-08
1.91648e-08
1.30298e-08
8.42676e-09
5.2667e-09
3.16497e-09
1.84621e-09
1.06415e-09
6.07311e-10
3.44408e-10
1.98228e-10
1.17062e-10
7.0106e-11
4.14956e-11
2.53002e-11
1.5886e-11
1.03574e-11
7.05206e-12
5.00841e-12
3.71557e-12
2.90015e-12
2.38308e-12
2.05332e-12
1.85442e-12
1.73609e-12
1.70141e-12
1.70394e-12
1.68925e-12
1.6963e-12
1.7086e-12
1.71871e-12
6.5677e-18
1.97178e-17
3.28474e-17
4.61884e-17
8.53042e-17
2.49572e-15
1.02524e-13
2.09245e-12
2.57249e-11
1.93752e-10
1.0133e-09
3.98524e-09
1.07006e-08
1.93439e-08
2.59422e-08
2.81225e-08
2.69721e-08
2.36437e-08
1.89651e-08
1.40747e-08
9.81115e-09
6.41838e-09
3.99331e-09
2.39418e-09
1.37433e-09
7.65033e-10
4.19994e-10
2.27915e-10
1.22946e-10
6.74995e-11
3.79953e-11
2.17806e-11
1.23847e-11
7.24043e-12
4.35885e-12
2.74351e-12
1.81196e-12
1.25172e-12
9.0885e-13
6.99617e-13
5.69728e-13
4.89629e-13
4.43921e-13
4.13771e-13
4.04054e-13
4.09407e-13
4.08592e-13
4.121e-13
4.16679e-13
4.20315e-13
2.31878e-18
6.96078e-18
1.15965e-17
1.62933e-17
2.87375e-17
8.45444e-16
4.02009e-14
9.3605e-13
1.22359e-11
9.87247e-11
5.4702e-10
2.23277e-09
6.20057e-09
1.12057e-08
1.50531e-08
1.62677e-08
1.54305e-08
1.32713e-08
1.03606e-08
7.42483e-09
4.98862e-09
3.13894e-09
1.87528e-09
1.07459e-09
5.89153e-10
3.13e-10
1.62879e-10
8.39741e-11
4.32004e-11
2.25299e-11
1.20676e-11
6.64182e-12
3.61958e-12
2.02392e-12
1.17093e-12
7.11775e-13
4.54626e-13
3.05684e-13
2.17947e-13
1.65609e-13
1.34117e-13
1.15549e-13
1.05551e-13
9.82709e-14
9.55121e-14
9.75018e-14
9.76042e-14
9.87606e-14
1.00228e-13
1.0135e-13
8.19303e-19
2.45891e-18
4.09836e-18
5.75429e-18
9.23326e-18
2.52724e-16
1.51264e-14
4.12865e-13
5.96821e-12
5.12122e-11
2.9864e-10
1.26514e-09
3.5947e-09
6.56569e-09
8.76538e-09
9.4037e-09
8.79274e-09
7.39019e-09
5.59524e-09
3.87129e-09
2.50125e-09
1.50941e-09
8.61638e-10
4.70888e-10
2.45388e-10
1.23152e-10
6.07457e-11
2.96529e-11
1.43746e-11
7.08525e-12
3.61301e-12
1.89686e-12
9.81003e-13
5.25435e-13
2.91678e-13
1.70281e-13
1.05762e-13
6.97687e-14
4.91356e-14
3.72815e-14
3.04454e-14
2.64787e-14
2.4454e-14
2.30029e-14
2.24473e-14
2.30841e-14
2.31811e-14
2.35327e-14
2.39493e-14
2.42775e-14
2.89781e-19
8.70119e-19
1.45023e-18
2.03424e-18
3.24366e-18
9.57172e-17
6.26705e-15
1.87735e-13
2.97621e-12
2.65987e-11
1.61264e-10
7.15668e-10
2.08323e-09
3.81325e-09
5.11881e-09
5.44462e-09
4.98025e-09
4.07816e-09
2.98238e-09
1.98848e-09
1.23718e-09
7.15889e-10
3.90743e-10
2.0341e-10
1.00321e-10
4.7597e-11
2.21707e-11
1.02142e-11
4.67224e-12
2.17907e-12
1.0517e-12
5.25669e-13
2.60043e-13
1.33094e-13
7.06918e-14
3.98448e-14
2.41027e-14
1.5632e-14
1.095e-14
8.35438e-15
6.89726e-15
6.07614e-15
5.67304e-15
5.39978e-15
5.3303e-15
5.53158e-15
5.58472e-15
5.68826e-15
5.80413e-15
5.89627e-15
1.02592e-19
3.08002e-19
5.13486e-19
7.20304e-19
1.12471e-18
3.31055e-17
2.47269e-15
8.49198e-14
1.43292e-12
1.36006e-11
8.67838e-11
3.98594e-10
1.1984e-09
2.20425e-09
2.96845e-09
3.13145e-09
2.80578e-09
2.2349e-09
1.58019e-09
1.01221e-09
6.05828e-10
3.36451e-10
1.7539e-10
8.66632e-11
4.04815e-11
1.81698e-11
7.95096e-12
3.45224e-12
1.49413e-12
6.5652e-13
2.99308e-13
1.43038e-13
6.75781e-14
3.29974e-14
1.68394e-14
9.20565e-15
5.4369e-15
3.49666e-15
2.46675e-15
1.90888e-15
1.60607e-15
1.4419e-15
1.36479e-15
1.31104e-15
1.31037e-15
1.3713e-15
1.38836e-15
1.41765e-15
1.45055e-15
1.47619e-15
3.63512e-20
1.09118e-19
1.81973e-19
2.55513e-19
3.80964e-19
1.00772e-17
9.0958e-16
3.7602e-14
7.09994e-13
7.1321e-12
4.76066e-11
2.25343e-10
6.9149e-10
1.29318e-09
1.7275e-09
1.79616e-09
1.5747e-09
1.21093e-09
8.24315e-10
5.07599e-10
2.91265e-10
1.54793e-10
7.67074e-11
3.59231e-11
1.57944e-11
6.62703e-12
2.72676e-12
1.11072e-12
4.48624e-13
1.84644e-13
7.95657e-14
3.60873e-14
1.60921e-14
7.53509e-15
3.7068e-15
1.96728e-15
1.15544e-15
7.54802e-16
5.48426e-16
4.40163e-16
3.84191e-16
3.54353e-16
3.41404e-16
3.32484e-16
3.36636e-16
3.54234e-16
3.59201e-16
3.67303e-16
3.76137e-16
3.83285e-16
1.28881e-20
3.87057e-20
6.45521e-20
9.05882e-20
1.35925e-19
4.0309e-18
3.86627e-16
1.72032e-14
3.60391e-13
3.7483e-12
2.57896e-11
1.27543e-10
4.00432e-10
7.5455e-10
1.0084e-09
1.02825e-09
8.7561e-10
6.49217e-10
4.23918e-10
2.50761e-10
1.37945e-10
7.008e-11
3.3034e-11
1.46452e-11
6.04695e-12
2.37849e-12
9.16556e-13
3.49568e-13
1.32145e-13
5.10437e-14
2.06294e-14
8.85107e-15
3.76672e-15
1.68993e-15
8.03825e-16
4.22014e-16
2.51129e-16
1.69607e-16
1.29033e-16
1.0832e-16
9.78928e-17
9.24349e-17
9.04529e-17
8.91212e-17
9.12401e-17
9.64522e-17
9.80917e-17
1.004e-16
1.02849e-16
1.04879e-16
4.57296e-21
1.37326e-20
2.29098e-20
3.2146e-20
4.82006e-20
1.51317e-18
1.58773e-16
7.8499e-15
1.77059e-13
1.93946e-12
1.38989e-11
7.1271e-11
2.30956e-10
4.35001e-10
5.83793e-10
5.84851e-10
4.82273e-10
3.46634e-10
2.17025e-10
1.22755e-10
6.47676e-11
3.14009e-11
1.40409e-11
5.88015e-12
2.28325e-12
8.42263e-13
3.021e-13
1.07905e-13
3.83074e-14
1.38464e-14
5.2444e-15
2.13884e-15
8.68843e-16
3.74743e-16
1.7482e-16
9.27253e-17
5.71885e-17
4.08207e-17
3.29265e-17
2.89027e-17
2.69182e-17
2.59162e-17
2.56582e-17
2.54133e-17
2.62203e-17
2.77877e-17
2.82627e-17
2.89284e-17
2.96465e-17
3.02385e-17
1.62403e-21
4.8761e-21
8.13807e-21
1.14387e-20
1.67264e-20
4.72571e-19
5.7638e-17
3.48892e-15
8.84118e-14
1.03735e-12
7.7517e-12
4.0536e-11
1.33923e-10
2.56442e-10
3.38329e-10
3.30833e-10
2.64465e-10
1.82689e-10
1.09488e-10
5.92472e-11
2.98291e-11
1.37178e-11
5.78016e-12
2.2765e-12
8.25303e-13
2.82015e-13
9.44954e-14
3.13746e-14
1.03081e-14
3.46024e-15
1.22951e-15
4.74469e-16
1.82795e-16
7.70356e-17
3.61879e-17
2.00493e-17
1.34146e-17
1.03987e-17
8.96808e-18
8.21745e-18
7.83747e-18
7.65444e-18
7.64671e-18
7.60038e-18
7.86864e-18
8.32456e-18
8.44274e-18
8.62581e-18
8.82857e-18
9.00418e-18
5.76977e-22
1.73315e-21
2.89242e-21
4.06515e-21
6.0395e-21
2.04904e-19
2.60387e-17
1.63444e-15
4.56899e-14
5.55903e-13
4.25271e-12
2.306e-11
7.77335e-11
1.51691e-10
1.96321e-10
1.86012e-10
1.4346e-10
9.48486e-11
5.45192e-11
2.82486e-11
1.35445e-11
5.9037e-12
2.34613e-12
8.66041e-13
2.92662e-13
9.32372e-14
2.9098e-14
8.97763e-15
2.74417e-15
8.58945e-16
2.84436e-16
1.03593e-16
3.86269e-17
1.61039e-17
7.83359e-18
4.7242e-18
3.48596e-18
2.91579e-18
2.6397e-18
2.48212e-18
2.39332e-18
2.34693e-18
2.34752e-18
2.34738e-18
2.44061e-18
2.57669e-18
2.61163e-18
2.66467e-18
2.72368e-18
2.77751e-18
2.05111e-22
6.16178e-22
1.02864e-21
1.44489e-21
2.17988e-21
8.52011e-20
1.13777e-17
7.65079e-16
2.31663e-14
2.93825e-13
2.31009e-12
1.29771e-11
4.49219e-11
8.73358e-11
1.12883e-10
1.03702e-10
7.66444e-11
4.88906e-11
2.69549e-11
1.33227e-11
6.0954e-12
2.51617e-12
9.41122e-13
3.26157e-13
1.0282e-13
3.05427e-14
8.83577e-15
2.53991e-15
7.25121e-16
2.11787e-16
6.53871e-17
2.26244e-17
8.25351e-18
3.49636e-18
1.83309e-18
1.23069e-18
9.93858e-19
8.80758e-19
8.21178e-19
7.81548e-19
7.55266e-19
7.41112e-19
7.39652e-19
7.40453e-19
7.74418e-19
8.17634e-19
8.28203e-19
8.44084e-19
8.6218e-19
8.79073e-19
7.29699e-23
2.19175e-22
3.66015e-22
5.14393e-22
7.82097e-22
3.34994e-20
4.83688e-18
3.57552e-16
1.14858e-14
1.54119e-13
1.25749e-12
7.23265e-12
2.58085e-11
5.03628e-11
6.42815e-11
5.73835e-11
4.05956e-11
2.49327e-11
1.32005e-11
6.22173e-12
2.70409e-12
1.05816e-12
3.72415e-13
1.20292e-13
3.54366e-14
9.8298e-15
2.62769e-15
7.01719e-16
1.87784e-16
5.10957e-17
1.47621e-17
4.91428e-18
1.78688e-18
7.97346e-19
4.67407e-19
3.49886e-19
3.03081e-19
2.7917e-19
2.64273e-19
2.5259e-19
2.43836e-19
2.39272e-19
2.38041e-19
2.382e-19
2.50071e-19
2.6396e-19
2.66763e-19
2.71579e-19
2.77468e-19
2.82896e-19
2.59733e-23
7.80205e-23
1.30318e-22
1.8348e-22
2.8143e-22
1.30544e-20
1.99973e-18
1.61531e-16
5.78876e-15
8.34633e-14
6.98153e-13
4.0655e-12
1.47055e-11
2.9315e-11
3.61883e-11
3.12004e-11
2.1198e-11
1.24344e-11
6.3039e-12
2.83714e-12
1.16644e-12
4.28877e-13
1.40826e-13
4.23333e-14
1.1519e-14
2.92824e-15
7.26021e-16
1.78972e-16
4.39942e-17
1.11103e-17
3.03717e-18
9.84533e-19
3.6749e-19
1.85822e-19
1.26501e-19
1.04762e-19
9.57711e-20
9.05206e-20
8.62287e-20
8.24965e-20
7.95785e-20
7.80592e-20
7.74168e-20
7.77573e-20
8.12759e-20
8.48635e-20
8.57005e-20
8.71759e-20
8.88677e-20
9.0554e-20
9.24877e-24
2.77916e-23
4.64281e-23
6.53544e-23
1.03874e-22
5.93606e-21
9.29431e-19
7.73389e-17
2.99151e-15
4.4686e-14
3.77124e-13
2.24094e-12
8.15866e-12
1.63808e-11
1.97341e-11
1.63252e-11
1.06463e-11
5.96553e-12
2.89539e-12
1.24389e-12
4.8365e-13
1.66569e-13
5.09699e-14
1.42398e-14
3.57396e-15
8.36905e-16
1.91532e-16
4.36193e-17
9.91198e-18
2.33645e-18
6.08005e-19
1.97567e-19
8.05417e-20
4.79087e-20
3.72816e-20
3.30348e-20
3.09966e-20
2.95494e-20
2.81855e-20
2.69469e-20
2.59455e-20
2.53779e-20
2.51306e-20
2.52518e-20
2.63186e-20
2.73046e-20
2.75482e-20
2.79661e-20
2.84665e-20
2.90089e-20
3.29527e-24
9.90257e-24
1.6549e-23
2.32789e-23
3.49868e-23
1.91951e-21
3.63721e-19
3.48283e-17
1.50289e-15
2.31942e-14
1.93979e-13
1.1515e-12
4.1375e-12
8.05169e-12
9.6752e-12
7.6968e-12
4.79725e-12
2.58344e-12
1.19716e-12
4.89596e-13
1.79361e-13
5.76884e-14
1.64116e-14
4.25854e-15
9.81644e-16
2.1127e-16
4.41922e-17
9.29414e-18
1.9605e-18
4.34113e-19
1.10917e-19
3.86781e-20
1.84434e-20
1.31018e-20
1.12769e-20
1.03773e-20
9.85264e-21
9.39742e-21
8.93161e-21
8.50147e-21
8.16602e-21
7.96967e-21
7.86298e-21
7.88749e-21
8.21513e-21
8.48753e-21
8.5408e-21
8.64897e-21
8.79521e-21
8.96418e-21
1.17864e-24
3.54423e-24
5.92917e-24
8.39266e-24
3.24664e-23
5.25554e-21
6.59843e-19
4.57299e-17
1.17974e-15
1.19468e-14
8.1104e-14
4.31407e-13
1.34241e-12
2.42349e-12
2.88343e-12
2.20208e-12
1.29869e-12
6.66816e-13
2.92016e-13
1.13423e-13
3.73503e-14
1.11426e-14
2.92349e-15
6.85738e-16
1.40769e-16
2.74634e-17
5.01602e-18
9.63962e-19
1.88477e-19
3.97836e-20
1.12385e-20
5.05628e-21
3.13177e-21
2.69422e-21
2.47627e-21
2.31396e-21
2.19991e-21
2.07501e-21
1.93588e-21
1.81902e-21
1.74209e-21
1.69943e-21
1.66224e-21
1.66737e-21
1.76229e-21
1.80421e-21
1.78511e-21
1.79599e-21
1.82874e-21
1.87339e-21
