0.047704
0.13265
0.202604
0.264282
0.321442
0.376631
0.431631
0.487623
0.545411
0.605772
0.669012
0.735316
0.804879
0.877444
0.952777
1.03059
1.11034
1.19145
1.27332
1.35525
1.43678
1.5173
1.59583
1.67249
1.74768
1.81997
1.88707
1.94998
2.01126
2.06952
2.12599
2.18049
2.23157
2.2802
2.32782
2.37578
2.42476
2.47306
2.51867
2.56067
2.59792
2.62787
2.64758
2.65579
2.67803
2.72607
2.78143
2.83731
2.89174
2.94218
0.0157978
0.0449054
0.0694887
0.0917102
0.112758
0.133451
0.154485
0.176306
0.199254
0.223768
0.250129
0.278482
0.309052
0.342054
0.377404
0.414982
0.454821
0.496575
0.539712
0.583852
0.628545
0.673137
0.717279
0.760649
0.802792
0.84346
0.88309
0.919386
0.952383
0.983129
1.01221
1.04199
1.0698
1.09582
1.12246
1.15057
1.17825
1.20492
1.23137
1.25471
1.27683
1.29593
1.30827
1.31145
1.31671
1.34002
1.37477
1.41225
1.45067
1.48842
0.00524719
0.0150389
0.0234924
0.0313465
0.0390343
0.0468849
0.0551662
0.0640618
0.0737321
0.0844003
0.0962016
0.109247
0.123694
0.139627
0.157071
0.176029
0.19644
0.218143
0.240869
0.264237
0.287951
0.311597
0.334435
0.356475
0.377778
0.39791
0.417068
0.435597
0.452658
0.468017
0.482451
0.4969
0.510586
0.523176
0.535613
0.548027
0.561392
0.575292
0.589184
0.60235
0.613666
0.623899
0.631478
0.63385
0.632249
0.638764
0.656565
0.677025
0.698323
0.717951
0.00168264
0.00487624
0.00770524
0.0104111
0.0131594
0.0160871
0.0192935
0.022874
0.0269342
0.0315766
0.0368865
0.0429754
0.0499292
0.0577755
0.066587
0.076395
0.0870866
0.0985648
0.110683
0.123131
0.135703
0.148141
0.159982
0.170924
0.181027
0.19029
0.199028
0.207525
0.215465
0.222484
0.228801
0.235128
0.241109
0.24643
0.251595
0.256721
0.261631
0.267137
0.273698
0.280501
0.28668
0.29198
0.295616
0.297186
0.29671
0.298979
0.307204
0.317807
0.328921
0.33835
0.000544374
0.00159194
0.00253786
0.00346623
0.00444061
0.00551785
0.00674457
0.00816782
0.00984432
0.0118376
0.0142032
0.0170141
0.0203327
0.0241851
0.0286274
0.0336735
0.039254
0.0453023
0.0516919
0.0581836
0.0646289
0.0708742
0.0767453
0.082129
0.0868681
0.0909592
0.094572
0.0979899
0.101199
0.104256
0.107129
0.109888
0.112403
0.114624
0.116766
0.118723
0.12057
0.122467
0.124621
0.12721
0.130082
0.132731
0.134589
0.13536
0.134746
0.135125
0.138676
0.14393
0.149403
0.153644
0.000178144
0.000522243
0.000835798
0.00115515
0.00150049
0.00189109
0.00235448
0.0029134
0.00359342
0.00443398
0.00547529
0.00675375
0.00831006
0.0101879
0.0124064
0.014967
0.0178681
0.0210476
0.0243894
0.027768
0.0310699
0.0341857
0.0370471
0.0395519
0.0416484
0.0434848
0.0448728
0.0460041
0.0472069
0.0482493
0.0492119
0.050226
0.0511904
0.0520342
0.0528377
0.0536071
0.0542448
0.0548294
0.055585
0.0566303
0.0577586
0.0587823
0.0595918
0.0599967
0.0596167
0.059487
0.0609033
0.0633271
0.0658687
0.0676803
5.89231e-05
0.000174206
0.000280649
0.000390546
0.000512167
0.00065433
0.000827732
0.0010439
0.0013178
0.00167069
0.0021239
0.00270332
0.00343686
0.00434448
0.00544787
0.00675714
0.00825303
0.00989808
0.0116347
0.0133477
0.0149688
0.0164509
0.0177384
0.0188749
0.0198169
0.0205352
0.0210906
0.0214735
0.0218022
0.0221523
0.0224746
0.0227426
0.0229896
0.0232417
0.0234825
0.0237214
0.0239072
0.02404
0.0241745
0.0244189
0.0248427
0.0253209
0.0257005
0.0259013
0.0257171
0.0255369
0.0260593
0.0271071
0.028133
0.0287596
1.98661e-05
5.98895e-05
9.78535e-05
0.000136681
0.000180903
0.000234876
0.000301074
0.000385645
0.00049757
0.000646366
0.000845096
0.00111123
0.00146054
0.00190365
0.0024577
0.00312963
0.00390496
0.00475916
0.00564854
0.00650999
0.00729202
0.00795584
0.00849386
0.00893343
0.00928542
0.00952584
0.0096706
0.00975536
0.00979709
0.00985048
0.00992321
0.00996192
0.00998068
0.0100264
0.0100784
0.0101311
0.0101968
0.0102374
0.0102527
0.0102703
0.010343
0.0105012
0.0106623
0.0107591
0.0106886
0.0105782
0.0107486
0.0111624
0.0115268
0.0116972
6.69677e-06
2.01081e-05
3.29247e-05
4.68152e-05
6.33054e-05
8.38373e-05
0.000110083
0.000144582
0.000191163
0.000255077
0.000343467
0.000466196
0.000633348
0.000852065
0.00113228
0.00147637
0.00187436
0.00231245
0.0027619
0.00318081
0.00354971
0.00384744
0.00406159
0.00421565
0.00432285
0.00438571
0.00440317
0.00438433
0.00434818
0.00431821
0.00430199
0.00427433
0.00423745
0.00421372
0.00419773
0.00418713
0.00418573
0.00418594
0.00417786
0.00416919
0.00418189
0.00423184
0.00429594
0.00433575
0.00431082
0.00426502
0.00432509
0.00448483
0.00460992
0.00465061
2.19319e-06
6.54186e-06
1.06767e-05
1.53396e-05
2.11843e-05
2.88441e-05
3.91542e-05
5.33e-05
7.30118e-05
0.0001008
0.000140452
0.00019758
0.000278212
0.000386785
0.000529125
0.000706111
0.000910664
0.00113244
0.00135528
0.00155406
0.00172074
0.00184752
0.00192563
0.00196872
0.00198708
0.001987
0.00197293
0.00194438
0.00190472
0.00186666
0.00183555
0.00180179
0.00176522
0.00173602
0.00171218
0.00169267
0.00167808
0.00166636
0.00165401
0.00164029
0.00163212
0.00164092
0.0016617
0.00167671
0.00166799
0.00164862
0.00166843
0.00172599
0.00176438
0.00176951
7.55403e-07
2.2078e-06
3.51267e-06
4.96621e-06
6.86776e-06
9.54866e-06
1.34489e-05
1.91603e-05
2.75197e-05
3.96978e-05
5.76517e-05
8.45233e-05
0.000123801
0.000178197
0.000251017
0.000342388
0.000447391
0.000558907
0.000667688
0.000759976
0.000831347
0.000879997
0.000903578
0.000908716
0.000902659
0.000888511
0.000868981
0.000846167
0.000819011
0.000791877
0.000768141
0.000743903
0.00071931
0.000698956
0.000681926
0.000667854
0.000656637
0.000647704
0.000639484
0.000630627
0.000622352
0.000620528
0.000625838
0.00063036
0.000626567
0.000618371
0.000624078
0.000643119
0.000653284
0.00065173
2.66254e-07
7.68357e-07
1.19241e-06
1.63372e-06
2.20586e-06
3.06863e-06
4.4527e-06
6.6739e-06
1.01737e-05
1.55178e-05
2.36997e-05
3.64483e-05
5.5771e-05
8.32838e-05
0.000120827
0.000168153
0.000221851
0.00027741
0.000329633
0.000371098
0.000399778
0.000415649
0.000419449
0.000414611
0.000405072
0.000392634
0.000378068
0.00036278
0.00034638
0.000330079
0.000315408
0.000300895
0.000286642
0.000274765
0.000264745
0.000256425
0.000249758
0.000244487
0.00023993
0.00023531
0.000230776
0.000228322
0.000229069
0.000230496
0.000229137
0.000225855
0.000227257
0.000233139
0.000235387
0.000233881
9.16681e-08
2.65185e-07
4.09684e-07
5.50332e-07
7.19406e-07
9.78446e-07
1.43501e-06
2.25444e-06
3.68142e-06
6.01299e-06
9.75872e-06
1.58511e-05
2.54377e-05
3.94657e-05
5.89648e-05
8.35254e-05
0.000110853
0.000138206
0.00016266
0.000180342
0.000190785
0.000194482
0.000192703
0.000187304
0.000179948
0.000171643
0.00016263
0.000153542
0.00014432
0.00013535
0.000127209
0.0001194
0.000111895
0.000105654
0.00010043
9.60776e-05
9.25575e-05
8.97216e-05
8.73614e-05
8.51867e-05
8.31029e-05
8.15985e-05
8.1298e-05
8.16764e-05
8.12138e-05
7.9935e-05
8.02066e-05
8.19277e-05
8.23017e-05
8.15778e-05
3.09723e-08
9.02129e-08
1.40362e-07
1.87814e-07
2.40019e-07
3.15998e-07
4.58352e-07
7.45133e-07
1.30737e-06
2.31297e-06
4.03409e-06
6.96703e-06
1.17646e-05
1.89648e-05
2.91498e-05
4.18894e-05
5.57201e-05
6.89725e-05
7.99621e-05
8.69058e-05
9.00837e-05
8.99765e-05
8.75441e-05
8.37313e-05
7.91475e-05
7.42617e-05
6.92066e-05
6.42482e-05
5.93682e-05
5.47237e-05
5.05019e-05
4.65398e-05
4.28346e-05
3.97842e-05
3.72728e-05
3.51995e-05
3.35089e-05
3.21333e-05
3.10001e-05
3.00412e-05
2.91643e-05
2.84297e-05
2.81308e-05
2.81788e-05
2.79835e-05
2.74961e-05
2.7508e-05
2.79731e-05
2.79843e-05
2.77138e-05
1.0416e-08
3.055e-08
4.80233e-08
6.44029e-08
8.14288e-08
1.04285e-07
1.47735e-07
2.44868e-07
4.60157e-07
8.88406e-07
1.68026e-06
3.10017e-06
5.52252e-06
9.24215e-06
1.46014e-05
2.11979e-05
2.81153e-05
3.43798e-05
3.89822e-05
4.13745e-05
4.19596e-05
4.10814e-05
3.92758e-05
3.69656e-05
3.43667e-05
3.16861e-05
2.9019e-05
2.64773e-05
2.40346e-05
2.17505e-05
1.96891e-05
1.77823e-05
1.60465e-05
1.46424e-05
1.35028e-05
1.25764e-05
1.18186e-05
1.12018e-05
1.07001e-05
1.03008e-05
9.95456e-06
9.6424e-06
9.48759e-06
9.48913e-06
9.41722e-06
9.23542e-06
9.21181e-06
9.32506e-06
9.29415e-06
9.20728e-06
3.55439e-09
1.03937e-08
1.63447e-08
2.20527e-08
2.78214e-08
3.50341e-08
4.86447e-08
8.16937e-08
1.61547e-07
3.3851e-07
6.97581e-07
1.37843e-06
2.59042e-06
4.51905e-06
7.30063e-06
1.06942e-05
1.41449e-05
1.70081e-05
1.88353e-05
1.95014e-05
1.93002e-05
1.85351e-05
1.74301e-05
1.61145e-05
1.47168e-05
1.33426e-05
1.19894e-05
1.07309e-05
9.57367e-06
8.50643e-06
7.55259e-06
6.6911e-06
5.92306e-06
5.30484e-06
4.80966e-06
4.41806e-06
4.0956e-06
3.83353e-06
3.62764e-06
3.46675e-06
3.33097e-06
3.20875e-06
3.14039e-06
3.13108e-06
3.10163e-06
3.03566e-06
3.02205e-06
3.053e-06
3.03572e-06
3.00708e-06
1.1996e-09
3.53324e-09
5.6049e-09
7.58615e-09
9.5572e-09
1.18586e-08
1.59782e-08
2.65045e-08
5.55004e-08
1.27152e-07
2.87118e-07
6.15274e-07
1.22498e-06
2.22045e-06
3.66663e-06
5.4062e-06
7.09258e-06
8.34906e-06
9.01173e-06
9.08015e-06
8.78476e-06
8.27798e-06
7.64107e-06
6.93614e-06
6.21447e-06
5.52232e-06
4.86668e-06
4.27013e-06
3.73226e-06
3.25139e-06
2.83128e-06
2.45769e-06
2.1315e-06
1.87334e-06
1.66897e-06
1.50914e-06
1.38129e-06
1.27861e-06
1.19778e-06
1.1363e-06
1.08679e-06
1.04193e-06
1.01344e-06
1.00782e-06
9.99171e-07
9.78347e-07
9.71427e-07
9.77966e-07
9.71679e-07
9.6404e-07
4.07407e-10
1.20438e-09
1.92663e-09
2.61919e-09
3.30287e-09
4.06574e-09
5.36188e-09
8.80399e-09
1.93883e-08
4.85869e-08
1.2042e-07
2.79473e-07
5.89774e-07
1.10132e-06
1.8583e-06
2.74093e-06
3.53052e-06
4.05541e-06
4.24488e-06
4.16356e-06
3.94693e-06
3.65008e-06
3.30822e-06
2.9462e-06
2.58232e-06
2.24226e-06
1.93284e-06
1.65842e-06
1.41743e-06
1.20968e-06
1.0326e-06
8.77289e-07
7.44799e-07
6.42213e-07
5.62222e-07
5.00441e-07
4.52209e-07
4.14137e-07
3.84238e-07
3.62025e-07
3.45106e-07
3.29997e-07
3.19386e-07
3.16704e-07
3.14398e-07
3.08205e-07
3.05735e-07
3.06959e-07
3.04814e-07
3.02953e-07
1.3857e-10
4.11031e-10
6.65443e-10
9.08402e-10
1.14612e-09
1.4029e-09
1.81384e-09
2.95748e-09
6.84341e-09
1.88736e-08
5.13855e-08
1.28829e-07
2.87397e-07
5.54998e-07
9.50298e-07
1.38769e-06
1.74508e-06
1.94281e-06
1.96945e-06
1.88623e-06
1.75272e-06
1.59003e-06
1.41204e-06
1.23107e-06
1.05329e-06
8.90168e-07
7.4868e-07
6.26495e-07
5.22274e-07
4.36061e-07
3.64431e-07
3.02979e-07
2.51542e-07
2.13067e-07
1.83622e-07
1.60966e-07
1.43731e-07
1.30428e-07
1.20056e-07
1.12457e-07
1.0694e-07
1.02226e-07
9.85885e-08
9.74832e-08
9.69536e-08
9.51024e-08
9.44922e-08
9.49416e-08
9.42345e-08
9.38337e-08
4.78728e-11
1.41789e-10
2.29356e-10
3.14462e-10
3.98086e-10
4.85621e-10
6.20808e-10
1.00482e-09
2.43905e-09
7.3014e-09
2.17289e-08
5.90697e-08
1.39494e-07
2.78971e-07
4.83933e-07
6.98632e-07
8.52227e-07
9.15665e-07
9.03562e-07
8.46218e-07
7.69763e-07
6.84705e-07
5.9559e-07
5.06621e-07
4.22097e-07
3.47601e-07
2.84656e-07
2.31752e-07
1.88528e-07
1.54063e-07
1.25963e-07
1.02573e-07
8.3563e-08
6.94309e-08
5.88381e-08
5.0969e-08
4.50696e-08
4.05781e-08
3.71502e-08
3.46824e-08
3.29107e-08
3.14518e-08
3.03075e-08
2.99984e-08
2.99621e-08
2.94547e-08
2.92303e-08
2.93206e-08
2.91329e-08
2.90343e-08
1.63815e-11
4.86935e-11
7.95013e-11
1.09473e-10
1.39007e-10
1.69243e-10
2.12903e-10
3.38716e-10
8.6292e-10
2.84101e-09
9.25909e-09
2.72394e-08
6.80173e-08
1.398e-07
2.4517e-07
3.47261e-07
4.09566e-07
4.27126e-07
4.10252e-07
3.75702e-07
3.34943e-07
2.91324e-07
2.47375e-07
2.05309e-07
1.66273e-07
1.32748e-07
1.05515e-07
8.36103e-08
6.62121e-08
5.2788e-08
4.22762e-08
3.37363e-08
2.69294e-08
2.20075e-08
1.84036e-08
1.57652e-08
1.38323e-08
1.23976e-08
1.13132e-08
1.0544e-08
1.00078e-08
9.59298e-09
9.2449e-09
9.15134e-09
9.19559e-09
9.07371e-09
9.02551e-09
9.05821e-09
9.01143e-09
8.99558e-09
5.6691e-12
1.68597e-11
2.75657e-11
3.80961e-11
4.84754e-11
5.90032e-11
7.34928e-11
1.15489e-10
3.0691e-10
1.10615e-09
3.94143e-09
1.24864e-08
3.29744e-08
7.01851e-08
1.23334e-07
1.70615e-07
1.942e-07
1.96188e-07
1.84125e-07
1.65313e-07
1.44191e-07
1.22542e-07
1.01491e-07
8.184e-08
6.42919e-08
4.98205e-08
3.83725e-08
2.94922e-08
2.27742e-08
1.77396e-08
1.3893e-08
1.08796e-08
8.53855e-09
6.87136e-09
5.68166e-09
4.83402e-09
4.21884e-09
3.77214e-09
3.4451e-09
3.21515e-09
3.05745e-09
2.9429e-09
2.844e-09
2.82089e-09
2.8498e-09
2.82166e-09
2.81351e-09
2.82945e-09
2.81914e-09
2.81735e-09
1.94978e-12
5.81807e-12
9.58512e-12
1.32957e-11
1.69954e-11
2.06982e-11
2.54862e-11
3.90088e-11
1.08465e-10
4.3144e-10
1.6807e-09
5.76541e-09
1.60413e-08
3.50195e-08
6.15438e-08
8.26356e-08
9.07342e-08
8.9189e-08
8.18474e-08
7.19685e-08
6.14258e-08
5.08584e-08
4.09172e-08
3.20471e-08
2.43705e-08
1.82318e-08
1.35896e-08
1.01365e-08
7.60174e-09
5.77783e-09
4.43647e-09
3.41047e-09
2.63325e-09
2.09592e-09
1.7205e-09
1.45733e-09
1.27112e-09
1.13938e-09
1.04425e-09
9.78478e-10
9.34297e-10
9.04807e-10
8.79368e-10
8.7422e-10
8.8822e-10
8.85409e-10
8.84941e-10
8.90657e-10
8.89455e-10
8.90269e-10
6.76701e-13
2.0215e-12
3.33497e-12
4.64119e-12
5.94318e-12
7.24889e-12
8.86309e-12
1.33317e-11
3.82952e-11
1.67725e-10
7.16158e-10
2.63407e-09
7.74072e-09
1.74535e-08
3.03647e-08
3.94192e-08
4.18232e-08
4.00515e-08
3.6047e-08
3.10897e-08
2.58978e-08
2.08559e-08
1.62798e-08
1.23277e-08
9.05647e-09
6.55566e-09
4.72016e-09
3.40774e-09
2.49076e-09
1.85012e-09
1.39258e-09
1.05518e-09
8.05234e-10
6.35478e-10
5.19864e-10
4.40831e-10
3.85224e-10
3.46781e-10
3.20094e-10
3.01788e-10
2.89637e-10
2.82138e-10
2.75532e-10
2.75388e-10
2.819e-10
2.82152e-10
2.82987e-10
2.85755e-10
2.85866e-10
2.86424e-10
2.33764e-13
6.99748e-13
1.16118e-12
1.62137e-12
2.08744e-12
2.55249e-12
3.10111e-12
4.51906e-12
1.33819e-11
6.49726e-11
3.03621e-10
1.21058e-09
3.73545e-09
8.62415e-09
1.47995e-08
1.85448e-08
1.90552e-08
1.78332e-08
1.573e-08
1.32796e-08
1.07987e-08
8.43304e-09
6.3531e-09
4.64719e-09
3.29191e-09
2.29234e-09
1.59496e-09
1.11677e-09
7.92265e-10
5.75306e-10
4.2608e-10
3.186e-10
2.41e-10
1.89954e-10
1.55797e-10
1.32735e-10
1.1691e-10
1.06232e-10
9.88963e-11
9.39911e-11
9.08136e-11
8.90758e-11
8.76021e-11
8.76231e-11
8.99397e-11
9.07297e-11
9.12059e-11
9.21878e-11
9.2472e-11
9.27901e-11
8.13296e-14
2.43818e-13
4.04779e-13
5.66494e-13
7.3131e-13
8.96324e-13
1.08541e-12
1.54956e-12
4.66497e-12
2.49008e-11
1.27805e-10
5.46098e-10
1.77766e-09
4.20685e-09
7.09814e-09
8.58376e-09
8.58753e-09
7.87025e-09
6.8157e-09
5.62795e-09
4.45517e-09
3.36822e-09
2.44542e-09
1.72009e-09
1.17257e-09
7.87847e-10
5.28948e-10
3.58671e-10
2.48322e-10
1.76782e-10
1.29066e-10
9.58287e-11
7.23135e-11
5.71188e-11
4.71585e-11
4.05766e-11
3.60669e-11
3.30764e-11
3.11028e-11
2.97957e-11
2.89534e-11
2.85548e-11
2.82232e-11
2.84136e-11
2.93445e-11
2.96846e-11
2.99138e-11
3.03056e-11
3.04486e-11
3.0578e-11
2.82493e-14
8.47142e-14
1.41112e-13
1.97922e-13
2.56661e-13
3.16207e-13
3.82226e-13
5.30259e-13
1.60555e-12
9.49269e-12
5.341e-11
2.47022e-10
8.42004e-10
2.0347e-09
3.35481e-09
3.92441e-09
3.8323e-09
3.44728e-09
2.92512e-09
2.35754e-09
1.81398e-09
1.3232e-09
9.22066e-10
6.227e-10
4.07817e-10
2.63128e-10
1.70712e-10
1.12419e-10
7.57491e-11
5.29801e-11
3.83638e-11
2.83911e-11
2.14761e-11
1.71482e-11
1.43435e-11
1.24977e-11
1.12577e-11
1.0448e-11
9.91687e-12
9.57697e-12
9.36921e-12
9.29598e-12
9.23329e-12
9.27168e-12
9.56998e-12
9.74234e-12
9.84036e-12
9.98394e-12
1.00559e-11
1.01117e-11
9.86812e-15
2.96141e-14
4.93002e-14
6.91667e-14
8.99464e-14
1.11201e-13
1.34475e-13
1.83083e-13
5.55289e-13
3.57037e-12
2.19697e-11
1.09018e-10
3.91078e-10
9.59062e-10
1.55606e-09
1.76949e-09
1.69623e-09
1.49924e-09
1.24637e-09
9.77464e-10
7.2852e-10
5.11776e-10
3.42266e-10
2.21573e-10
1.39205e-10
8.6546e-11
5.42531e-11
3.47142e-11
2.29181e-11
1.58261e-11
1.14082e-11
8.4707e-12
6.46842e-12
5.23379e-12
4.44422e-12
3.93002e-12
3.58446e-12
3.36012e-12
3.21784e-12
3.12882e-12
3.07515e-12
3.06339e-12
3.05569e-12
3.07953e-12
3.18558e-12
3.25111e-12
3.28686e-12
3.33683e-12
3.36534e-12
3.3863e-12
3.44707e-15
1.03382e-14
1.72319e-14
2.41969e-14
3.14891e-14
3.92003e-14
4.75556e-14
6.35163e-14
1.89651e-13
1.34196e-12
9.07179e-12
4.8244e-11
1.80503e-10
4.50095e-10
7.11943e-10
7.89499e-10
7.44573e-10
6.47609e-10
5.2584e-10
4.00132e-10
2.87677e-10
1.93924e-10
1.24084e-10
7.69465e-11
4.63659e-11
2.76926e-11
1.68219e-11
1.04976e-11
6.79242e-12
4.64777e-12
3.36494e-12
2.52371e-12
1.95266e-12
1.61179e-12
1.39442e-12
1.25136e-12
1.15611e-12
1.09448e-12
1.05473e-12
1.03018e-12
1.01627e-12
1.0147e-12
1.01442e-12
1.02552e-12
1.06479e-12
1.08967e-12
1.10279e-12
1.12117e-12
1.13264e-12
1.1406e-12
1.20893e-15
3.62673e-15
6.03875e-15
8.46859e-15
1.10255e-14
1.37714e-14
1.67868e-14
2.21405e-14
6.60321e-14
4.98768e-13
3.64695e-12
2.09345e-11
8.19677e-11
2.0509e-10
3.19725e-10
3.4955e-10
3.25065e-10
2.78141e-10
2.20165e-10
1.61761e-10
1.11835e-10
7.20831e-11
4.41672e-11
2.62671e-11
1.51783e-11
8.75143e-12
5.16048e-12
3.14957e-12
2.01365e-12
1.37615e-12
1.00353e-12
7.639e-13
6.02174e-13
5.06665e-13
4.4577e-13
4.05555e-13
3.78647e-13
3.61065e-13
3.4987e-13
3.43076e-13
3.39321e-13
3.39959e-13
3.41263e-13
3.44367e-13
3.56964e-13
3.6703e-13
3.72051e-13
3.78373e-13
3.8282e-13
3.859e-13
4.24703e-16
1.27392e-15
2.12015e-15
2.97271e-15
3.87276e-15
4.84527e-15
5.90258e-15
7.70308e-15
2.2409e-14
1.8176e-13
1.45581e-12
8.83963e-12
3.65132e-11
9.32683e-11
1.42264e-10
1.53094e-10
1.408e-10
1.18109e-10
9.12256e-11
6.48359e-11
4.2967e-11
2.65598e-11
1.55994e-11
8.85068e-12
4.92393e-12
2.76037e-12
1.58302e-12
9.49154e-13
6.06047e-13
4.15394e-13
3.06167e-13
2.37794e-13
1.91017e-13
1.63388e-13
1.45779e-13
1.34108e-13
1.26043e-13
1.20832e-13
1.17551e-13
1.1541e-13
1.141e-13
1.14279e-13
1.14826e-13
1.17224e-13
1.22722e-13
1.25927e-13
1.27469e-13
1.29634e-13
1.31223e-13
1.32302e-13
1.49245e-16
4.47501e-16
7.44974e-16
1.04326e-15
1.35564e-15
1.70251e-15
2.09297e-15
2.71253e-15
7.76615e-15
6.71407e-14
5.77925e-13
3.79984e-12
1.62915e-11
4.21267e-11
6.27623e-11
6.66256e-11
6.0595e-11
4.98283e-11
3.73711e-11
2.55806e-11
1.6235e-11
9.57074e-12
5.35317e-12
2.91388e-12
1.56211e-12
8.45957e-13
4.76064e-13
2.83337e-13
1.80602e-13
1.25175e-13
9.39444e-14
7.44195e-14
6.08797e-14
5.30866e-14
4.81415e-14
4.46979e-14
4.22895e-14
4.07266e-14
3.96685e-14
3.89953e-14
3.86454e-14
3.87374e-14
3.90525e-14
3.95905e-14
4.12796e-14
4.26681e-14
4.32913e-14
4.4083e-14
4.47049e-14
4.51312e-14
5.25584e-17
1.5757e-16
2.62231e-16
3.67024e-16
4.76002e-16
5.97789e-16
7.41056e-16
9.55549e-16
2.7063e-15
2.47444e-14
2.29021e-13
1.59773e-12
7.15378e-12
1.83411e-11
2.73667e-11
2.88757e-11
2.5969e-11
2.09137e-11
1.51648e-11
9.93669e-12
6.03777e-12
3.38959e-12
1.80757e-12
9.46252e-13
4.89572e-13
2.58004e-13
1.42794e-13
8.48102e-14
5.45233e-14
3.8375e-14
2.93433e-14
2.37117e-14
1.97585e-14
1.74766e-14
1.60471e-14
1.50245e-14
1.42838e-14
1.37927e-14
1.34537e-14
1.32371e-14
1.31257e-14
1.31628e-14
1.3296e-14
1.34996e-14
1.4059e-14
1.45525e-14
1.47702e-14
1.50465e-14
1.52772e-14
1.54353e-14
1.85234e-17
5.55164e-17
9.24068e-17
1.29293e-16
1.67119e-16
2.09264e-16
2.61423e-16
3.39662e-16
9.5125e-16
9.24286e-15
9.20565e-14
6.75588e-13
3.12693e-12
8.06359e-12
1.19152e-11
1.24776e-11
1.10852e-11
8.71441e-12
6.07518e-12
3.8011e-12
2.19768e-12
1.17259e-12
5.95181e-13
2.99663e-13
1.5005e-13
7.70738e-14
4.24348e-14
2.53537e-14
1.6503e-14
1.18472e-14
9.25905e-15
7.62531e-15
6.46087e-15
5.79463e-15
5.37859e-15
5.07656e-15
4.85042e-15
4.68973e-15
4.57159e-15
4.50001e-15
4.46908e-15
4.47056e-15
4.52133e-15
4.588e-15
4.76972e-15
4.94972e-15
5.02354e-15
5.12182e-15
5.2072e-15
5.26642e-15
6.53647e-18
1.95923e-17
3.26058e-17
4.55978e-17
5.88708e-17
7.35098e-17
9.21457e-17
1.19917e-16
3.39854e-16
3.44055e-15
3.60413e-14
2.82425e-13
1.35723e-12
3.49465e-12
5.17489e-12
5.40467e-12
4.71192e-12
3.60505e-12
2.4062e-12
1.43189e-12
7.87092e-13
3.9925e-13
1.93805e-13
9.39697e-14
4.56657e-14
2.30909e-14
1.27073e-14
7.67637e-15
5.08655e-15
3.72893e-15
2.97116e-15
2.48791e-15
2.14273e-15
1.94414e-15
1.81642e-15
1.7269e-15
1.65514e-15
1.59893e-15
1.55971e-15
1.53813e-15
1.5302e-15
1.53322e-15
1.55383e-15
1.55922e-15
1.60663e-15
1.6777e-15
1.70743e-15
1.743e-15
1.77446e-15
1.79668e-15
2.30858e-18
6.91947e-18
1.15157e-17
1.61038e-17
2.0776e-17
2.58947e-17
3.2453e-17
4.238e-17
1.1847e-16
1.26189e-15
1.40799e-14
1.15363e-13
5.80051e-13
1.49585e-12
2.2273e-12
2.31961e-12
1.98861e-12
1.47822e-12
9.46686e-13
5.34988e-13
2.7956e-13
1.35113e-13
6.2811e-14
2.93165e-14
1.39297e-14
7.00238e-15
3.86778e-15
2.37555e-15
1.60964e-15
1.20028e-15
9.71711e-16
8.28447e-16
7.23486e-16
6.63261e-16
6.22237e-16
5.95487e-16
5.72281e-16
5.51938e-16
5.38733e-16
5.32127e-16
5.30505e-16
5.32603e-16
5.41834e-16
5.3923e-16
5.49532e-16
5.74458e-16
5.84156e-16
5.96288e-16
6.07691e-16
6.15767e-16
8.16021e-19
2.44567e-18
4.0708e-18
5.6932e-18
7.335e-18
9.09804e-18
1.13731e-17
1.50994e-17
4.27392e-17
4.78404e-16
5.62607e-15
4.79777e-14
2.48017e-13
6.50311e-13
9.62976e-13
9.94441e-13
8.34531e-13
5.99114e-13
3.66149e-13
1.96559e-13
9.74048e-14
4.4749e-14
1.98866e-14
8.97006e-15
4.18113e-15
2.09741e-15
1.18001e-15
7.40947e-16
5.12229e-16
3.88892e-16
3.1964e-16
2.76565e-16
2.44398e-16
2.27224e-16
2.14334e-16
2.05814e-16
1.98634e-16
1.91751e-16
1.87166e-16
1.84953e-16
1.84792e-16
1.85078e-16
1.88034e-16
1.87068e-16
1.89784e-16
1.98126e-16
2.00989e-16
2.04944e-16
2.08794e-16
2.11651e-16
2.88692e-19
8.6536e-19
1.44038e-18
2.01397e-18
2.59397e-18
3.20999e-18
4.00503e-18
5.31559e-18
1.55017e-17
1.79711e-16
2.19997e-15
1.98081e-14
1.05864e-13
2.79372e-13
4.18488e-13
4.27463e-13
3.4732e-13
2.39894e-13
1.39203e-13
7.08663e-14
3.34389e-14
1.46491e-14
6.25363e-15
2.73944e-15
1.25641e-15
6.3464e-16
3.64675e-16
2.34374e-16
1.65269e-16
1.27594e-16
1.06101e-16
9.2689e-17
8.26955e-17
7.76518e-17
7.38432e-17
7.09806e-17
6.86671e-17
6.64989e-17
6.49768e-17
6.41757e-17
6.40514e-17
6.40121e-17
6.47445e-17
6.45094e-17
6.56113e-17
6.85311e-17
6.9523e-17
7.08594e-17
7.21872e-17
7.32039e-17
1.02219e-19
3.06387e-19
5.1002e-19
7.13172e-19
9.18212e-19
1.13446e-18
1.41173e-18
1.88023e-18
5.483e-18
6.65966e-17
8.59584e-16
8.03894e-15
4.47311e-14
1.19329e-13
1.80407e-13
1.8225e-13
1.43511e-13
9.51546e-14
5.25531e-14
2.53022e-14
1.13692e-14
4.77382e-15
1.96551e-15
8.38029e-16
3.81281e-16
1.95675e-16
1.14854e-16
7.56141e-17
5.44365e-17
4.25598e-17
3.57169e-17
3.14592e-17
2.82408e-17
2.662e-17
2.54985e-17
2.45523e-17
2.37709e-17
2.31245e-17
2.26328e-17
2.23303e-17
2.22653e-17
2.22226e-17
2.2417e-17
2.22962e-17
2.27338e-17
2.37772e-17
2.40952e-17
2.45509e-17
2.50314e-17
2.53994e-17
3.62211e-20
1.08563e-19
1.80734e-19
2.52822e-19
3.25462e-19
4.00835e-19
4.9365e-19
6.67862e-19
2.01536e-18
2.58462e-17
3.48318e-16
3.34786e-15
1.9021e-14
5.21287e-14
7.8232e-14
7.7448e-14
5.89908e-14
3.71457e-14
1.94164e-14
8.86146e-15
3.78214e-15
1.52172e-15
6.05512e-16
2.53636e-16
1.14977e-16
6.00601e-17
3.64245e-17
2.45716e-17
1.7973e-17
1.42127e-17
1.20287e-17
1.06621e-17
9.63171e-18
9.10842e-18
8.76724e-18
8.45991e-18
8.20808e-18
8.01932e-18
7.86014e-18
7.74377e-18
7.71718e-18
7.69093e-18
7.73609e-18
7.69645e-18
7.86917e-18
8.22722e-18
8.32238e-18
8.47377e-18
8.63631e-18
8.76781e-18
1.28437e-20
3.85012e-20
6.40974e-20
8.96487e-20
1.15436e-19
1.42093e-19
1.74057e-19
2.34052e-19
7.46336e-19
9.94949e-18
1.37969e-16
1.3908e-15
8.1382e-15
2.26627e-14
3.41419e-14
3.28509e-14
2.39506e-14
1.43023e-14
7.04875e-15
3.05125e-15
1.24152e-15
4.80326e-16
1.86005e-16
7.72326e-17
3.51521e-17
1.87468e-17
1.16953e-17
8.06278e-18
5.96822e-18
4.75568e-18
4.05226e-18
3.60767e-18
3.28322e-18
3.12067e-18
3.01441e-18
2.91541e-18
2.83232e-18
2.7658e-18
2.71378e-18
2.67223e-18
2.65685e-18
2.64235e-18
2.65402e-18
2.64483e-18
2.7147e-18
2.8426e-18
2.87831e-18
2.93093e-18
2.98726e-18
3.03447e-18
4.55754e-21
1.36617e-20
2.27464e-20
3.1813e-20
4.09597e-20
5.04044e-20
6.17618e-20
8.24929e-20
2.69904e-19
3.77927e-18
5.45768e-17
5.71314e-16
3.46841e-15
9.71228e-15
1.47651e-14
1.38284e-14
9.60224e-15
5.47799e-15
2.54881e-15
1.04217e-15
4.05553e-16
1.51318e-16
5.72381e-17
2.37294e-17
1.09676e-17
5.98084e-18
3.81294e-18
2.6862e-18
2.00693e-18
1.60184e-18
1.37123e-18
1.2281e-18
1.12534e-18
1.07648e-18
1.045e-18
1.0135e-18
9.85608e-19
9.61114e-19
9.43078e-19
9.26889e-19
9.18998e-19
9.13051e-19
9.16619e-19
9.12274e-19
9.39356e-19
9.85272e-19
9.97233e-19
1.01545e-18
1.03564e-18
1.05254e-18
1.61843e-21
4.85114e-21
8.07804e-21
1.13043e-20
1.45566e-20
1.78816e-20
2.17016e-20
2.91865e-20
1.00775e-19
1.52455e-18
2.28906e-17
2.42605e-16
1.49583e-15
4.30199e-15
6.40273e-15
5.78055e-15
3.82929e-15
2.06165e-15
9.0391e-16
3.50168e-16
1.29824e-16
4.66107e-17
1.72754e-17
7.19738e-18
3.41468e-18
1.90748e-18
1.25369e-18
8.99276e-19
6.74133e-19
5.3931e-19
4.65386e-19
4.17387e-19
3.80995e-19
3.69382e-19
3.61658e-19
3.53191e-19
3.45264e-19
3.35662e-19
3.29017e-19
3.22442e-19
3.1821e-19
3.15706e-19
3.16964e-19
3.15106e-19
3.24762e-19
3.4014e-19
3.43329e-19
3.49092e-19
3.55754e-19
3.61662e-19
5.75044e-22
1.72391e-21
2.87057e-21
4.01688e-21
5.1751e-21
6.36076e-21
7.67897e-21
1.02554e-20
3.8157e-20
6.0883e-19
9.32614e-18
1.02549e-16
6.47805e-16
1.9213e-15
2.78707e-15
2.39923e-15
1.50673e-15
7.62484e-16
3.16257e-16
1.16417e-16
4.11948e-17
1.43008e-17
5.24265e-18
2.19911e-18
1.07192e-18
6.16733e-19
4.15321e-19
3.02199e-19
2.27217e-19
1.82802e-19
1.5859e-19
1.42892e-19
1.29987e-19
1.26964e-19
1.24958e-19
1.2259e-19
1.20522e-19
1.1726e-19
1.14765e-19
1.12145e-19
1.10153e-19
1.08846e-19
1.08973e-19
1.08747e-19
1.12447e-19
1.17643e-19
1.18713e-19
1.20607e-19
1.22814e-19
1.24885e-19
2.04446e-22
6.1292e-22
1.0207e-21
1.42804e-21
1.84014e-21
2.26298e-21
2.73584e-21
3.61531e-21
1.42498e-20
2.40195e-19
3.77496e-18
4.29813e-17
2.79688e-16
8.30305e-16
1.20248e-15
9.86753e-16
5.8198e-16
2.80143e-16
1.10142e-16
3.84096e-17
1.30477e-17
4.40444e-18
1.60892e-18
6.87546e-19
3.43502e-19
2.02872e-19
1.38673e-19
1.02345e-19
7.73775e-20
6.25571e-20
5.48145e-20
4.94446e-20
4.48132e-20
4.41031e-20
4.35444e-20
4.28215e-20
4.21821e-20
4.11476e-20
4.02157e-20
3.91665e-20
3.82676e-20
3.77008e-20
3.76065e-20
3.75486e-20
3.90328e-20
4.08688e-20
4.12294e-20
4.18582e-20
4.26118e-20
4.33369e-20
7.27342e-23
2.18043e-22
3.63148e-22
5.08153e-22
6.54612e-22
8.04925e-22
9.71967e-22
1.2813e-21
5.26365e-21
9.47205e-20
1.54225e-18
1.7942e-17
1.20486e-16
3.61477e-16
5.14602e-16
4.03472e-16
2.23141e-16
1.01978e-16
3.8155e-17
1.26303e-17
4.10684e-18
1.35957e-18
5.0075e-19
2.17918e-19
1.11744e-19
6.77406e-20
4.68695e-20
3.50443e-20
2.66768e-20
2.16436e-20
1.91253e-20
1.73161e-20
1.55976e-20
1.54402e-20
1.52636e-20
1.5018e-20
1.48297e-20
1.45214e-20
1.41674e-20
1.37532e-20
1.33791e-20
1.31614e-20
1.30814e-20
1.30537e-20
1.36175e-20
1.42614e-20
1.43584e-20
1.45646e-20
1.48334e-20
1.50882e-20
2.58907e-23
7.76172e-23
1.29278e-22
1.81e-22
2.33288e-22
2.86787e-22
3.45094e-22
4.53996e-22
2.00577e-21
3.95066e-20
6.55859e-19
7.66413e-18
5.19451e-17
1.61294e-16
2.1927e-16
1.62718e-16
8.47778e-17
3.64038e-17
1.29217e-17
4.07949e-18
1.26986e-18
4.11774e-19
1.54078e-19
6.9064e-20
3.62594e-20
2.25444e-20
1.58862e-20
1.20025e-20
9.20366e-21
7.52464e-21
6.66289e-21
6.03662e-21
5.39838e-21
5.3948e-21
5.35017e-21
5.27132e-21
5.21854e-21
5.12915e-21
4.98966e-21
4.82983e-21
4.68739e-21
4.60621e-21
4.56301e-21
4.56833e-21
4.74508e-21
4.91945e-21
4.94904e-21
5.01625e-21
5.09821e-21
5.18324e-21
9.2209e-24
2.7646e-23
4.60492e-23
6.44664e-23
8.31466e-23
1.02334e-22
1.23008e-22
1.60826e-22
7.72154e-22
1.61031e-20
2.69419e-19
3.2204e-18
2.21442e-17
7.02672e-17
9.22636e-17
6.41419e-17
3.14696e-17
1.27254e-17
4.28994e-18
1.29368e-18
3.88471e-19
1.24003e-19
4.7282e-20
2.19392e-20
1.17689e-20
7.48492e-21
5.35962e-21
4.07957e-21
3.15804e-21
2.60677e-21
2.29951e-21
2.07962e-21
1.85929e-21
1.8712e-21
1.86854e-21
1.84757e-21
1.82942e-21
1.797e-21
1.74499e-21
1.68608e-21
1.63279e-21
1.59985e-21
1.58224e-21
1.5844e-21
1.6409e-21
1.69107e-21
1.6995e-21
1.71912e-21
1.74465e-21
1.77385e-21
3.28583e-24
9.85171e-24
1.64116e-23
2.29724e-23
2.9634e-23
3.64956e-23
4.39399e-23
5.70806e-23
2.89497e-22
6.40312e-21
1.07941e-19
1.30421e-18
8.99087e-18
2.80623e-17
3.64777e-17
2.37988e-17
1.09476e-17
4.2069e-18
1.34473e-18
3.86819e-19
1.12704e-19
3.56669e-20
1.39264e-20
6.71216e-21
3.68087e-21
2.39296e-21
1.73216e-21
1.32924e-21
1.04189e-21
8.6346e-22
7.58748e-22
6.86594e-22
6.21451e-22
6.31835e-22
6.36571e-22
6.30989e-22
6.24746e-22
6.11502e-22
5.90705e-22
5.67721e-22
5.48007e-22
5.35307e-22
5.27044e-22
5.26474e-22
5.44603e-22
5.58729e-22
5.59718e-22
5.64563e-22
5.72258e-22
5.81882e-22
1.17271e-24
3.51679e-24
5.86031e-24
8.20524e-24
1.05699e-23
1.29728e-23
1.54788e-23
2.21905e-23
1.64203e-22
2.92428e-21
4.06347e-20
4.37334e-19
2.59567e-18
7.52772e-18
9.54181e-18
5.83171e-18
2.49071e-18
9.02468e-19
2.70725e-19
7.4355e-20
2.04307e-20
6.54389e-21
2.67786e-21
1.33907e-21
7.52456e-22
5.10818e-22
3.70053e-22
2.86571e-22
2.28412e-22
1.89071e-22
1.67777e-22
1.54681e-22
1.46969e-22
1.54787e-22
1.55876e-22
1.53193e-22
1.50216e-22
1.44244e-22
1.35836e-22
1.28136e-22
1.22701e-22
1.19301e-22
1.16073e-22
1.15719e-22
1.2141e-22
1.2334e-22
1.21389e-22
1.21599e-22
1.23417e-22
1.26164e-22
