0.0551286
0.152874
0.232528
0.301821
0.365065
0.425113
0.483976
0.543018
0.60315
0.665212
0.729605
0.796564
0.866308
0.938651
1.01339
1.09028
1.16881
1.24847
1.32873
1.40892
1.48861
1.56726
1.64392
1.71874
1.79208
1.86256
1.92802
1.9894
2.0491
2.10581
2.16073
2.21375
2.26353
2.31096
2.35736
2.40402
2.45158
2.49843
2.54265
2.58333
2.6194
2.64841
2.66755
2.6756
2.69699
2.74299
2.79597
2.84942
2.90154
2.95012
0.0252589
0.0711771
0.109133
0.142499
0.173094
0.202109
0.230512
0.258907
0.287752
0.31757
0.348695
0.381295
0.415619
0.451911
0.490091
0.530047
0.57184
0.615148
0.659466
0.704457
0.749725
0.794661
0.838968
0.882366
0.924447
0.964991
1.00444
1.04059
1.0735
1.10414
1.13311
1.16268
1.1903
1.21612
1.24241
1.26999
1.29704
1.32305
1.34872
1.37133
1.39271
1.41112
1.42307
1.4263
1.43147
1.45366
1.4866
1.5221
1.55861
1.59501
0.0128542
0.0363255
0.0558845
0.0732516
0.0893853
0.104936
0.120392
0.136077
0.152217
0.169104
0.186892
0.205684
0.22564
0.24684
0.269276
0.29293
0.317727
0.343497
0.369954
0.396715
0.423518
0.449964
0.47532
0.49968
0.523146
0.5453
0.566388
0.586775
0.605606
0.622637
0.638657
0.654613
0.669683
0.683499
0.697014
0.710382
0.724597
0.739231
0.75374
0.767391
0.779092
0.789616
0.797422
0.800032
0.798703
0.805399
0.823157
0.84343
0.864489
0.884019
0.00666383
0.0189325
0.0292761
0.0385671
0.0473538
0.0560197
0.0648015
0.0738938
0.083481
0.0937019
0.104645
0.116432
0.129129
0.142707
0.157218
0.172657
0.188824
0.205581
0.222745
0.239945
0.256978
0.273573
0.289222
0.303631
0.316946
0.329202
0.340819
0.352136
0.362786
0.372333
0.381023
0.389654
0.397773
0.404971
0.411852
0.418561
0.424929
0.431907
0.44
0.448248
0.455675
0.462011
0.466394
0.468423
0.468144
0.470962
0.480353
0.492219
0.504502
0.514871
0.00353562
0.0100853
0.015642
0.0206829
0.0255269
0.0304028
0.0354594
0.0408201
0.0466085
0.0529349
0.0598618
0.0674777
0.0758318
0.084892
0.0946904
0.105187
0.116202
0.127604
0.139186
0.150598
0.161671
0.172236
0.18209
0.191116
0.199146
0.206212
0.212583
0.218699
0.224543
0.230182
0.235538
0.240674
0.245357
0.249486
0.253382
0.256897
0.260171
0.263453
0.267047
0.271181
0.275617
0.279643
0.282497
0.283814
0.283202
0.283989
0.289095
0.296348
0.303712
0.309328
0.00190068
0.00540967
0.00837692
0.0111293
0.0138132
0.0165387
0.0194447
0.0226077
0.0260933
0.0300068
0.0344229
0.0393734
0.0448952
0.0510362
0.0577561
0.0649781
0.0726536
0.0806146
0.0886034
0.0964029
0.103856
0.110808
0.117186
0.122829
0.127698
0.132097
0.135658
0.138795
0.142116
0.145154
0.148036
0.150972
0.153738
0.156163
0.158416
0.160507
0.162271
0.16388
0.165776
0.168172
0.170654
0.172863
0.174609
0.175572
0.175077
0.175066
0.177866
0.182334
0.186832
0.189955
0.0010387
0.00296714
0.00459476
0.00609883
0.00757333
0.00909364
0.0107375
0.0125669
0.0146459
0.0170541
0.0198422
0.0230581
0.026742
0.0308949
0.0355132
0.0405612
0.0459212
0.0514628
0.0570226
0.0623178
0.0672426
0.071739
0.075711
0.0793125
0.0824494
0.0850495
0.0872678
0.0890921
0.0908257
0.0926474
0.0943902
0.095952
0.0974011
0.0987724
0.100038
0.101221
0.102191
0.102967
0.103712
0.104723
0.106171
0.107702
0.108913
0.109619
0.109306
0.109025
0.110554
0.113303
0.115846
0.117349
0.000558729
0.00162458
0.00254283
0.00337074
0.00419401
0.00507078
0.00601359
0.00707564
0.00832306
0.00979867
0.0115559
0.0136553
0.016119
0.0189353
0.0221222
0.02565
0.0294078
0.0332788
0.0371102
0.0407093
0.0439497
0.0467537
0.0491405
0.051223
0.0530436
0.0545138
0.0556838
0.0566731
0.0575426
0.0584857
0.0594947
0.0603471
0.0610837
0.0618488
0.0625724
0.0632443
0.0639097
0.0644248
0.0648014
0.0651601
0.0657208
0.0665779
0.067392
0.0679167
0.067777
0.0674948
0.0682864
0.0699075
0.0712367
0.071836
0.000276597
0.000807157
0.00127526
0.00172958
0.00220273
0.00271352
0.00328068
0.00393056
0.00469804
0.00562191
0.00674565
0.00811743
0.00976464
0.0116849
0.0138867
0.0163319
0.0189277
0.0215978
0.024207
0.026586
0.0286953
0.0304745
0.0318903
0.0330649
0.0340592
0.0348673
0.0354757
0.0359232
0.0363021
0.0367328
0.0372369
0.0376541
0.0379842
0.0383298
0.0386659
0.0389872
0.0393171
0.0396133
0.0398234
0.0400026
0.0402998
0.0408013
0.0413457
0.0417083
0.0416672
0.0415046
0.0419617
0.0429308
0.0436295
0.0438484
0.000114166
0.000341067
0.000557859
0.000792099
0.00105739
0.0013577
0.00170351
0.00210859
0.00259208
0.00317856
0.00390193
0.00480346
0.00590859
0.007218
0.00873702
0.0104303
0.0122181
0.0140307
0.0157736
0.017314
0.0186434
0.0197383
0.0205497
0.0211693
0.0216601
0.022045
0.0223471
0.0225563
0.0226925
0.0228489
0.0230595
0.0232287
0.0233431
0.0234705
0.0236001
0.0237289
0.0238663
0.0239967
0.0240886
0.0241404
0.0242308
0.0244718
0.024798
0.0250395
0.0250403
0.0249387
0.0251971
0.0257559
0.0260976
0.0261434
3.6657e-05
0.000115532
0.000203653
0.000315069
0.000457216
0.000630663
0.000840056
0.00109315
0.00140034
0.00177471
0.0022413
0.00283457
0.00357621
0.00446934
0.0055161
0.00668465
0.00790747
0.009125
0.0102709
0.011251
0.0120571
0.0126901
0.0131257
0.0134204
0.0136344
0.0137793
0.0138775
0.0139462
0.0139698
0.0139942
0.0140559
0.0140952
0.0141032
0.0141244
0.0141529
0.0141889
0.0142368
0.014292
0.0143311
0.0143363
0.0143359
0.0144277
0.0146104
0.0147578
0.0147637
0.0146984
0.0148362
0.01514
0.0152905
0.0152735
8.66528e-06
3.02059e-05
6.08682e-05
0.00010813
0.000178096
0.000272773
0.000395036
0.000550253
0.000744621
0.000983735
0.0012845
0.00167413
0.00217078
0.00277912
0.00349904
0.00430159
0.00512998
0.00593779
0.0066796
0.00728845
0.00775889
0.00809866
0.00830794
0.00842323
0.00848924
0.00851702
0.00851569
0.00850357
0.00847102
0.00843544
0.00842319
0.00839996
0.00835895
0.008331
0.00831084
0.00829975
0.00830251
0.0083176
0.00832925
0.00831979
0.008299
0.00832454
0.00841929
0.00851412
0.00852736
0.00848818
0.00855857
0.00871669
0.008776
0.00874773
1.56882e-06
6.3623e-06
1.5526e-05
3.30803e-05
6.39045e-05
0.000111464
0.000179081
0.000270931
0.000392052
0.000544445
0.000738579
0.000994171
0.00132583
0.00173899
0.00223295
0.00278093
0.00333652
0.00386534
0.00433592
0.00470128
0.00496285
0.00513049
0.00521534
0.00524279
0.00523863
0.00521321
0.00517049
0.00512259
0.00506654
0.00500892
0.00496594
0.00492012
0.00486418
0.00481965
0.00478319
0.00475411
0.00473583
0.0047274
0.00472236
0.00470998
0.0046898
0.00468755
0.00472862
0.00478614
0.00479973
0.00477618
0.00481091
0.00489034
0.00491107
0.00488943
2.53708e-07
1.2158e-06
3.67671e-06
9.54455e-06
2.18718e-05
4.39392e-05
7.91524e-05
0.000131479
0.000205302
0.00030198
0.000427845
0.00059592
0.000817389
0.00109715
0.00143511
0.00180659
0.00217587
0.00251678
0.00280624
0.00301515
0.00315162
0.00322453
0.00324723
0.00323707
0.00320698
0.00316402
0.00311108
0.00305561
0.00299658
0.00293739
0.0028868
0.00283661
0.00278248
0.00273785
0.00270122
0.00267072
0.00264718
0.00263052
0.00261835
0.00260696
0.00259197
0.00258128
0.00259627
0.00262735
0.00263543
0.00262105
0.00263678
0.00267444
0.00268005
0.00266743
4.48877e-08
2.42918e-07
8.92342e-07
2.78725e-06
7.49299e-06
1.7294e-05
3.49439e-05
6.38802e-05
0.000107812
0.000168624
0.000250389
0.000361185
0.000509491
0.000698612
0.000929936
0.00118013
0.00142238
0.00163778
0.00180728
0.0019196
0.00198462
0.00200946
0.00200493
0.00198145
0.00194542
0.00190135
0.00185211
0.00180232
0.00175093
0.0016998
0.00165384
0.00160888
0.00156356
0.00152589
0.00149476
0.00146881
0.00144713
0.0014301
0.0014172
0.00140792
0.00139789
0.00138745
0.00139202
0.00140933
0.00141429
0.00140533
0.00141165
0.00142827
0.00142837
0.00142217
1.10467e-08
6.20261e-08
2.52731e-07
9.06137e-07
2.75774e-06
7.01875e-06
1.56899e-05
3.136e-05
5.64567e-05
9.37297e-05
0.000146526
0.000219396
0.000318142
0.000446304
0.000602494
0.000769904
0.000928566
0.00106147
0.0011581
0.00121491
0.00124012
0.00124267
0.00122874
0.00120235
0.00116873
0.00113146
0.00109046
0.00104977
0.00100982
0.000970347
0.000934281
0.00089966
0.000865654
0.000836764
0.000812621
0.000793012
0.00077598
0.000761971
0.000751655
0.000744319
0.000737133
0.000729425
0.000729819
0.000738109
0.000740211
0.000734639
0.000737235
0.000745189
0.000744253
0.00074103
2.33159e-09
1.26641e-08
5.87561e-08
2.54153e-07
9.27582e-07
2.7334e-06
6.8005e-06
1.48765e-05
2.92467e-05
5.18618e-05
8.55511e-05
0.000133869
0.000199904
0.000286354
0.000391641
0.000503249
0.000605569
0.000685356
0.000738359
0.000763615
0.000770091
0.000763825
0.000747449
0.00072393
0.000696198
0.000666446
0.000635112
0.000604188
0.000574215
0.000545435
0.00051918
0.000494112
0.000469982
0.000449504
0.000432254
0.000418069
0.000406085
0.000396113
0.000388366
0.00038288
0.000378254
0.000373045
0.000371538
0.000375201
0.000376559
0.000373761
0.000374364
0.000377543
0.000376852
0.000375566
6.21352e-10
2.98609e-09
1.45531e-08
7.40726e-08
3.19135e-07
1.0841e-06
3.01258e-06
7.21664e-06
1.53692e-05
2.9089e-05
5.06724e-05
8.27558e-05
0.000127297
0.000185063
0.000256327
0.000330073
0.000393962
0.000440546
0.000467085
0.000476167
0.000474956
0.00046629
0.000451701
0.000432789
0.000411048
0.000388361
0.000365334
0.000342843
0.000321471
0.000301546
0.000283446
0.000266191
0.000249914
0.000236194
0.000224614
0.000215023
0.000207048
0.000200418
0.000195058
0.00019123
0.000188361
0.00018522
0.000183537
0.000184771
0.000185456
0.000184054
0.000184078
0.00018522
0.000184749
0.00018428
1.83312e-10
7.57308e-10
3.63239e-09
2.14938e-08
1.08276e-07
4.31104e-07
1.35679e-06
3.56919e-06
8.18084e-06
1.65447e-05
3.03856e-05
5.17026e-05
8.17699e-05
0.000120896
0.000168957
0.000216744
0.000255783
0.000281484
0.000293374
0.000295283
0.000291333
0.000282957
0.000271019
0.000256546
0.000240273
0.000223495
0.000207197
0.000191484
0.000176801
0.000163532
0.00015157
0.000140312
0.000129823
0.000121174
0.000113897
0.000107776
0.000102775
9.86528e-05
9.5248e-05
9.27466e-05
9.0959e-05
8.91926e-05
8.78848e-05
8.80543e-05
8.83104e-05
8.75269e-05
8.75153e-05
8.80164e-05
8.77042e-05
8.75476e-05
6.02977e-11
2.25307e-10
1.00196e-09
6.6872e-09
4.00083e-08
1.78724e-07
6.20148e-07
1.77726e-06
4.38523e-06
9.3709e-06
1.81134e-05
3.22223e-05
5.24573e-05
7.89898e-05
0.00011129
0.000142152
0.000165187
0.000178372
0.000183307
0.000182247
0.000177687
0.000170713
0.000161606
0.000150822
0.000139101
0.00012742
0.000116219
0.000105561
9.59132e-05
8.74132e-05
7.97769e-05
7.27449e-05
6.63438e-05
6.10094e-05
5.6558e-05
5.29098e-05
4.99315e-05
4.74747e-05
4.54652e-05
4.39667e-05
4.28697e-05
4.18653e-05
4.10652e-05
4.10329e-05
4.11551e-05
4.07539e-05
4.0627e-05
4.07523e-05
4.05942e-05
4.05168e-05
1.94434e-11
6.44154e-11
2.36082e-10
1.73595e-09
1.27089e-08
6.86667e-08
2.74871e-07
8.75126e-07
2.34193e-06
5.33323e-06
1.08531e-05
2.01647e-05
3.3796e-05
5.15427e-05
7.31482e-05
9.26589e-05
0.000105881
0.000112565
0.000113995
0.000111943
0.000107926
0.000102407
9.56552e-05
8.80267e-05
7.98526e-05
7.18101e-05
6.4314e-05
5.74049e-05
5.12109e-05
4.58505e-05
4.11827e-05
3.69484e-05
3.31374e-05
3.00072e-05
2.74226e-05
2.53045e-05
2.35949e-05
2.22047e-05
2.10624e-05
2.01976e-05
1.95616e-05
1.90303e-05
1.85633e-05
1.84532e-05
1.85084e-05
1.83162e-05
1.82392e-05
1.82688e-05
1.8189e-05
1.81595e-05
6.61142e-12
2.08626e-11
6.62879e-11
5.09589e-10
4.33419e-09
2.68578e-08
1.22343e-07
4.33079e-07
1.25081e-06
3.03351e-06
6.50182e-06
1.25885e-05
2.17205e-05
3.37205e-05
4.79675e-05
6.01026e-05
6.74507e-05
7.04966e-05
7.04938e-05
6.84681e-05
6.52092e-05
6.10865e-05
5.62717e-05
5.09304e-05
4.53758e-05
4.00724e-05
3.51848e-05
3.07736e-05
2.69554e-05
2.37004e-05
2.08979e-05
1.84272e-05
1.62472e-05
1.44606e-05
1.30079e-05
1.18389e-05
1.08929e-05
1.01319e-05
9.52092e-06
9.0517e-06
8.69954e-06
8.42192e-06
8.17578e-06
8.08787e-06
8.10097e-06
8.00482e-06
7.9597e-06
7.96646e-06
7.92731e-06
7.91266e-06
2.20031e-12
6.69205e-12
1.68621e-11
1.25581e-10
1.30977e-09
9.92517e-09
5.25947e-08
2.0912e-07
6.67275e-07
1.72873e-06
3.89951e-06
7.89848e-06
1.4008e-05
2.20087e-05
3.13529e-05
3.87328e-05
4.26778e-05
4.3959e-05
4.34123e-05
4.16705e-05
3.92083e-05
3.62046e-05
3.28206e-05
2.92164e-05
2.55362e-05
2.20719e-05
1.8976e-05
1.62564e-05
1.39308e-05
1.20003e-05
1.03827e-05
8.9784e-06
7.76456e-06
6.78824e-06
6.00309e-06
5.37508e-06
4.87549e-06
4.4796e-06
4.16245e-06
3.91888e-06
3.73418e-06
3.59466e-06
3.4753e-06
3.41859e-06
3.41801e-06
3.37928e-06
3.35439e-06
3.35107e-06
3.33436e-06
3.32844e-06
7.54242e-13
2.2719e-12
5.1017e-12
3.6257e-11
4.358e-10
3.75525e-09
2.27704e-08
1.01739e-07
3.52295e-07
9.81047e-07
2.33896e-06
4.93078e-06
9.00321e-06
1.43767e-05
2.03983e-05
2.47869e-05
2.6833e-05
2.725e-05
2.66186e-05
2.52761e-05
2.34589e-05
2.13288e-05
1.90116e-05
1.65968e-05
1.42068e-05
1.20273e-05
1.0105e-05
8.45535e-06
7.09433e-06
5.98248e-06
5.06711e-06
4.29571e-06
3.64153e-06
3.1202e-06
2.70867e-06
2.38595e-06
2.12929e-06
1.92836e-06
1.77167e-06
1.65084e-06
1.55809e-06
1.48945e-06
1.43231e-06
1.40327e-06
1.40184e-06
1.38375e-06
1.37216e-06
1.37085e-06
1.36332e-06
1.36047e-06
2.53075e-13
7.59962e-13
1.46798e-12
8.08083e-12
1.17639e-10
1.28732e-09
9.27273e-09
4.73774e-08
1.85204e-07
5.55723e-07
1.39831e-06
3.09072e-06
5.79304e-06
9.36114e-06
1.32022e-05
1.57678e-05
1.67842e-05
1.68311e-05
1.62542e-05
1.52498e-05
1.39655e-05
1.24827e-05
1.09058e-05
9.33152e-06
7.81377e-06
6.45328e-06
5.2952e-06
4.3276e-06
3.53906e-06
2.91432e-06
2.41397e-06
1.99986e-06
1.65767e-06
1.39183e-06
1.18463e-06
1.02375e-06
8.98807e-07
8.02329e-07
7.27152e-07
6.70003e-07
6.26377e-07
5.94271e-07
5.68821e-07
5.53395e-07
5.50572e-07
5.44206e-07
5.38803e-07
5.37471e-07
5.34744e-07
5.33719e-07
8.68712e-14
2.61605e-13
4.79376e-13
2.28399e-12
3.72086e-11
4.66478e-10
3.86955e-09
2.2488e-08
9.60584e-08
3.11867e-07
8.33069e-07
1.91887e-06
3.70336e-06
6.05802e-06
8.48077e-06
9.95126e-06
1.04448e-05
1.03525e-05
9.89447e-06
9.16979e-06
8.27175e-06
7.25969e-06
6.20888e-06
5.18979e-06
4.24204e-06
3.4204e-06
2.73475e-06
2.17684e-06
1.7374e-06
1.39594e-06
1.12821e-06
9.13334e-07
7.39784e-07
6.06997e-07
5.05701e-07
4.28807e-07
3.69455e-07
3.24201e-07
2.89827e-07
2.63781e-07
2.43896e-07
2.29455e-07
2.18339e-07
2.11702e-07
2.10331e-07
2.07487e-07
2.05166e-07
2.04611e-07
2.03528e-07
2.03086e-07
2.9497e-14
8.88545e-14
1.55021e-13
5.24e-13
9.43689e-12
1.51955e-10
1.51648e-09
1.01339e-08
4.9358e-08
1.74513e-07
4.9397e-07
1.19384e-06
2.36317e-06
3.90912e-06
5.4126e-06
6.24589e-06
6.46944e-06
6.34526e-06
5.99513e-06
5.48288e-06
4.86849e-06
4.18797e-06
3.4973e-06
2.85138e-06
2.27165e-06
1.78112e-06
1.38648e-06
1.07436e-06
8.32508e-07
6.50697e-07
5.12651e-07
4.04191e-07
3.18923e-07
2.55662e-07
2.08261e-07
1.72776e-07
1.46117e-07
1.26083e-07
1.10921e-07
9.96514e-08
9.12172e-08
8.50917e-08
8.04896e-08
7.74138e-08
7.64948e-08
7.55424e-08
7.46481e-08
7.44169e-08
7.40891e-08
7.39573e-08
1.02082e-14
3.08161e-14
5.28126e-14
1.54546e-13
3.00266e-12
5.5594e-11
6.29827e-10
4.73204e-09
2.52856e-08
9.66469e-08
2.90743e-07
7.33662e-07
1.49392e-06
2.48784e-06
3.42186e-06
3.89286e-06
3.99141e-06
3.87572e-06
3.61995e-06
3.26111e-06
2.84421e-06
2.39442e-06
1.95123e-06
1.5488e-06
1.1997e-06
9.15044e-07
6.91864e-07
5.20448e-07
3.91922e-07
2.97776e-07
2.28115e-07
1.75091e-07
1.34555e-07
1.0506e-07
8.35086e-08
6.77782e-08
5.61333e-08
4.75041e-08
4.11214e-08
3.64311e-08
3.29478e-08
3.04547e-08
2.86362e-08
2.74229e-08
2.70175e-08
2.66546e-08
2.63009e-08
2.61974e-08
2.60867e-08
2.6041e-08
3.51922e-15
1.05988e-14
1.79538e-14
3.99189e-14
7.30379e-13
1.75685e-11
2.43287e-10
2.11068e-09
1.27436e-08
5.35378e-08
1.71492e-07
4.51896e-07
9.42115e-07
1.5827e-06
2.15015e-06
2.41412e-06
2.4524e-06
2.3597e-06
2.17485e-06
1.92668e-06
1.64636e-06
1.35362e-06
1.07415e-06
8.29058e-07
6.23618e-07
4.60872e-07
3.38051e-07
2.46518e-07
1.79431e-07
1.3194e-07
9.82188e-08
7.32218e-08
5.45493e-08
4.1463e-08
3.21338e-08
2.54388e-08
2.06205e-08
1.71178e-08
1.45481e-08
1.26906e-08
1.13453e-08
1.03833e-08
9.69346e-09
9.25124e-09
9.10743e-09
8.98408e-09
8.86093e-09
8.83241e-09
8.80491e-09
8.79405e-09
1.22898e-15
3.70431e-15
6.22557e-15
1.26022e-14
2.41095e-13
6.73018e-12
1.04139e-10
9.9535e-10
6.58023e-09
2.94679e-08
9.98577e-08
2.76115e-07
5.90024e-07
9.90928e-07
1.33795e-06
1.49206e-06
1.50307e-06
1.43257e-06
1.30145e-06
1.13015e-06
9.43928e-07
7.55682e-07
5.83872e-07
4.3797e-07
3.19143e-07
2.28672e-07
1.62389e-07
1.14454e-07
8.05627e-08
5.73802e-08
4.13648e-08
2.99173e-08
2.16513e-08
1.59731e-08
1.20263e-08
9.28475e-09
7.3537e-09
5.97039e-09
4.97813e-09
4.27499e-09
3.77038e-09
3.41788e-09
3.17436e-09
3.00876e-09
2.94751e-09
2.91304e-09
2.87349e-09
2.86318e-09
2.85712e-09
2.85572e-09
4.30717e-16
1.29747e-15
2.17147e-15
4.06584e-15
7.45089e-14
2.34288e-12
4.1862e-11
4.59714e-10
3.26444e-09
1.59072e-08
5.77156e-08
1.65747e-07
3.65735e-07
6.21274e-07
8.29107e-07
9.16234e-07
9.16864e-07
8.63835e-07
7.74044e-07
6.59705e-07
5.37514e-07
4.19408e-07
3.15288e-07
2.28865e-07
1.6161e-07
1.12444e-07
7.70944e-08
5.24351e-08
3.57809e-08
2.46159e-08
1.71496e-08
1.20534e-08
8.46113e-09
6.04335e-09
4.42138e-09
3.32715e-09
2.56332e-09
2.0311e-09
1.66121e-09
1.4001e-09
1.2153e-09
1.08903e-09
1.00286e-09
9.50681e-10
9.34833e-10
9.21052e-10
9.06291e-10
9.02597e-10
9.00945e-10
9.00575e-10
1.50666e-16
4.53208e-16
7.57315e-16
1.24117e-15
1.86308e-14
7.87193e-13
1.69724e-11
2.04502e-10
1.64075e-09
8.64055e-09
3.31645e-08
1.00637e-07
2.27108e-07
3.88738e-07
5.11893e-07
5.60946e-07
5.57442e-07
5.19168e-07
4.57627e-07
3.81839e-07
3.03266e-07
2.29769e-07
1.67178e-07
1.17611e-07
8.0361e-08
5.38275e-08
3.56404e-08
2.33992e-08
1.5328e-08
1.01554e-08
6.83361e-09
4.63554e-09
3.13865e-09
2.17029e-09
1.53826e-09
1.12288e-09
8.44529e-10
6.54844e-10
5.23825e-10
4.3393e-10
3.71878e-10
3.29722e-10
3.01964e-10
2.83913e-10
2.77759e-10
2.7504e-10
2.71172e-10
2.70494e-10
2.70574e-10
2.70884e-10
5.30022e-17
1.5934e-16
2.65784e-16
4.20641e-16
5.97436e-15
2.90168e-13
7.17938e-12
9.66706e-11
8.34456e-10
4.70423e-09
1.9127e-08
6.04675e-08
1.40098e-07
2.38172e-07
3.14046e-07
3.42762e-07
3.38302e-07
3.11212e-07
2.69067e-07
2.18913e-07
1.69332e-07
1.24302e-07
8.74733e-08
5.95921e-08
3.92882e-08
2.53507e-08
1.61356e-08
1.01869e-08
6.41714e-09
4.08645e-09
2.64622e-09
1.73465e-09
1.13428e-09
7.57019e-10
5.18747e-10
3.67499e-10
2.6868e-10
2.02994e-10
1.58871e-10
1.29169e-10
1.09027e-10
9.56739e-11
8.71238e-11
8.16515e-11
7.97304e-11
7.91051e-11
7.8059e-11
7.79558e-11
7.8132e-11
7.83256e-11
1.86505e-17
5.60029e-17
9.34219e-17
1.39756e-16
1.43366e-15
9.01933e-14
2.8631e-12
4.45658e-11
4.22022e-10
2.57248e-09
1.11047e-08
3.64691e-08
8.63051e-08
1.4717e-07
1.92771e-07
2.09211e-07
2.04951e-07
1.85879e-07
1.57108e-07
1.24411e-07
9.3322e-08
6.62673e-08
4.49784e-08
2.95855e-08
1.87814e-08
1.16072e-08
7.09509e-09
4.29511e-09
2.58327e-09
1.57298e-09
9.79424e-10
6.17863e-10
3.87146e-10
2.49323e-10
1.64987e-10
1.12904e-10
8.02529e-11
5.91638e-11
4.52557e-11
3.61414e-11
3.01574e-11
2.62121e-11
2.3751e-11
2.2232e-11
2.17106e-11
2.16353e-11
2.13886e-11
2.14216e-11
2.1534e-11
2.16333e-11
6.57818e-18
1.97599e-17
3.2936e-17
4.86742e-17
5.01559e-16
3.58437e-14
1.2605e-12
2.14647e-11
2.2127e-10
1.41259e-09
6.36243e-09
2.19211e-08
5.30398e-08
9.02216e-08
1.18206e-07
1.27953e-07
1.23891e-07
1.10556e-07
9.11114e-08
7.00261e-08
5.08453e-08
3.48784e-08
2.28649e-08
1.4486e-08
8.82358e-09
5.22833e-09
3.05885e-09
1.76925e-09
1.01706e-09
5.93345e-10
3.53558e-10
2.14147e-10
1.29272e-10
8.00386e-11
5.0895e-11
3.36698e-11
2.32213e-11
1.66354e-11
1.24243e-11
9.74777e-12
8.02171e-12
6.91661e-12
6.25779e-12
5.80964e-12
5.63679e-12
5.66602e-12
5.62852e-12
5.6553e-12
5.70224e-12
5.74182e-12
2.32221e-18
6.97463e-18
1.16256e-17
1.70138e-17
1.62471e-16
1.29359e-14
5.26824e-13
1.02202e-11
1.11864e-10
7.6343e-10
3.63207e-09
1.29519e-08
3.23129e-08
5.4929e-08
7.20469e-08
7.77599e-08
7.45567e-08
6.54154e-08
5.26272e-08
3.92051e-08
2.75419e-08
1.82421e-08
1.15289e-08
7.01165e-09
4.09719e-09
2.32737e-09
1.29734e-09
7.16417e-10
3.94495e-10
2.19622e-10
1.25028e-10
7.29037e-11
4.22879e-11
2.51035e-11
1.53596e-11
9.81567e-12
6.5411e-12
4.54748e-12
3.31809e-12
2.5524e-12
2.07211e-12
1.77648e-12
1.60725e-12
1.48334e-12
1.42825e-12
1.44247e-12
1.43487e-12
1.44477e-12
1.46116e-12
1.47433e-12
8.20403e-19
2.46335e-18
4.10796e-18
5.91277e-18
4.25791e-17
4.08706e-15
2.10519e-13
4.78312e-12
5.78259e-11
4.19173e-10
2.09412e-09
7.73251e-09
1.9697e-08
3.37985e-08
4.40614e-08
4.72346e-08
4.47135e-08
3.84346e-08
3.00908e-08
2.17258e-08
1.47375e-08
9.40187e-09
5.70273e-09
3.32242e-09
1.85464e-09
1.00075e-09
5.31517e-10
2.79396e-10
1.45787e-10
7.70869e-11
4.19369e-11
2.33913e-11
1.29174e-11
7.35843e-12
4.3219e-12
2.64904e-12
1.70908e-12
1.1569e-12
8.24805e-13
6.25064e-13
5.04437e-13
4.31178e-13
3.90485e-13
3.6177e-13
3.48438e-13
3.53772e-13
3.52632e-13
3.56054e-13
3.61036e-13
3.65169e-13
2.90146e-19
8.71715e-19
1.45364e-18
2.08499e-18
1.54071e-17
1.64763e-15
9.26483e-14
2.31076e-12
3.06204e-11
2.30821e-10
1.19651e-09
4.61296e-09
1.20066e-08
2.06292e-08
2.70179e-08
2.87384e-08
2.66732e-08
2.23998e-08
1.70033e-08
1.18781e-08
7.78979e-09
4.78534e-09
2.78745e-09
1.55377e-09
8.24979e-10
4.2307e-10
2.13344e-10
1.06394e-10
5.26594e-11
2.64757e-11
1.36898e-11
7.28982e-12
3.85829e-12
2.10195e-12
1.17995e-12
6.9509e-13
4.3297e-13
2.8424e-13
1.97891e-13
1.47689e-13
1.18055e-13
1.00555e-13
9.10445e-14
8.47408e-14
8.21899e-14
8.41321e-14
8.42757e-14
8.5385e-14
8.68364e-14
8.80456e-14
1.02717e-19
3.08544e-19
5.14678e-19
7.36527e-19
5.22671e-18
6.06004e-16
3.88881e-14
1.11098e-12
1.56585e-11
1.25161e-10
6.81244e-10
2.71199e-09
7.27037e-09
1.25376e-08
1.64606e-08
1.73797e-08
1.58373e-08
1.29755e-08
9.55767e-09
6.44179e-09
4.08073e-09
2.4157e-09
1.34974e-09
7.17534e-10
3.62541e-10
1.76741e-10
8.41907e-11
3.97757e-11
1.8715e-11
8.90837e-12
4.3694e-12
2.22948e-12
1.12832e-12
5.86157e-13
3.14919e-13
1.78313e-13
1.06773e-13
6.79065e-14
4.62478e-14
3.39555e-14
2.69139e-14
2.29127e-14
2.07775e-14
1.93909e-14
1.89769e-14
1.96037e-14
1.97006e-14
2.00277e-14
2.04456e-14
2.07826e-14
3.63949e-20
1.09304e-19
1.82397e-19
2.59903e-19
1.5104e-18
1.9421e-16
1.51507e-14
5.20651e-13
8.20564e-12
6.93714e-11
3.94461e-10
1.61614e-09
4.41474e-09
7.7242e-09
1.00622e-08
1.04865e-08
9.37308e-09
7.44088e-09
5.29851e-09
3.44746e-09
2.10296e-09
1.19674e-09
6.38705e-10
3.23379e-10
1.54646e-10
7.08977e-11
3.19244e-11
1.42302e-11
6.28574e-12
2.81694e-12
1.31076e-12
6.35894e-13
3.04074e-13
1.50983e-13
7.74967e-14
4.1828e-14
2.4163e-14
1.49693e-14
1.00152e-14
7.30951e-15
5.82338e-15
4.99849e-15
4.5726e-15
4.31393e-15
4.27726e-15
4.46181e-15
4.50184e-15
4.5941e-15
4.70339e-15
4.79415e-15
1.2903e-20
3.87743e-20
6.4707e-20
9.21057e-20
5.76781e-19
8.25296e-17
6.81781e-15
2.5235e-13
4.41401e-12
3.8608e-11
2.26015e-10
9.64863e-10
2.68997e-09
4.7342e-09
6.16814e-09
6.31706e-09
5.50162e-09
4.22716e-09
2.89986e-09
1.82014e-09
1.06892e-09
5.84082e-10
2.97951e-10
1.43506e-10
6.47905e-11
2.79947e-11
1.18701e-11
4.97948e-12
2.06919e-12
8.74484e-13
3.83175e-13
1.76121e-13
8.02712e-14
3.79339e-14
1.85152e-14
9.57823e-15
5.34182e-15
3.22042e-15
2.12301e-15
1.54672e-15
1.23924e-15
1.07433e-15
9.94789e-16
9.49988e-16
9.55442e-16
1.00806e-15
1.02392e-15
1.04918e-15
1.07725e-15
1.10082e-15
4.57813e-21
1.37563e-20
2.29653e-20
3.2687e-20
2.13871e-19
3.29258e-17
2.97076e-15
1.22131e-13
2.29995e-12
2.11633e-11
1.28818e-10
5.68996e-10
1.63317e-09
2.86965e-09
3.75236e-09
3.78334e-09
3.20206e-09
2.39331e-09
1.58097e-09
9.53149e-10
5.39107e-10
2.82364e-10
1.37298e-10
6.2784e-11
2.67898e-11
1.09078e-11
4.32794e-12
1.70868e-12
6.6972e-13
2.66015e-13
1.09618e-13
4.79103e-14
2.0761e-14
9.31538e-15
4.33354e-15
2.15262e-15
1.15824e-15
6.83127e-16
4.47807e-16
3.27898e-16
2.66078e-16
2.34492e-16
2.20435e-16
2.12619e-16
2.16899e-16
2.31137e-16
2.35691e-16
2.42281e-16
2.49492e-16
2.55436e-16
1.6259e-21
4.88447e-21
8.15847e-21
1.16129e-20
6.70684e-20
1.07925e-17
1.13856e-15
5.72858e-14
1.21189e-12
1.19366e-11
7.56891e-11
3.40813e-10
9.96192e-10
1.7756e-09
2.2852e-09
2.25492e-09
1.85661e-09
1.33944e-09
8.50826e-10
4.92918e-10
2.67262e-10
1.3346e-10
6.14846e-11
2.65836e-11
1.06543e-11
4.04288e-12
1.5058e-12
5.5571e-13
2.02711e-13
7.51066e-14
2.90932e-14
1.20077e-14
4.89054e-15
2.08988e-15
9.27644e-16
4.39839e-16
2.30836e-16
1.35716e-16
9.05312e-17
6.83899e-17
5.74135e-17
5.20664e-17
5.00887e-17
4.90117e-17
5.06136e-17
5.42222e-17
5.53259e-17
5.69206e-17
5.86526e-17
6.01266e-17
5.77625e-22
1.73625e-21
2.89985e-21
4.12938e-21
2.72426e-20
4.96055e-18
5.42355e-16
2.83271e-14
6.61682e-13
6.76031e-12
4.38595e-11
2.04361e-10
6.08118e-10
1.10167e-09
1.39313e-09
1.33654e-09
1.06586e-09
7.39322e-10
4.5241e-10
2.52058e-10
1.30744e-10
6.21869e-11
2.71643e-11
1.1067e-11
4.15734e-12
1.47852e-12
5.15524e-13
1.77603e-13
6.05326e-14
2.0989e-14
7.58778e-15
2.94304e-15
1.14097e-15
4.62198e-16
1.95238e-16
8.96487e-17
4.64975e-17
2.77183e-17
1.91703e-17
1.51205e-17
1.31545e-17
1.22311e-17
1.19615e-17
1.18861e-17
1.24107e-17
1.33149e-17
1.36033e-17
1.39923e-17
1.44085e-17
1.47766e-17
2.05334e-22
6.17271e-22
1.03134e-21
1.46959e-21
1.11124e-20
2.18786e-18
2.50504e-16
1.40188e-14
3.54893e-13
3.77852e-12
2.51631e-11
1.21235e-10
3.69602e-10
6.66265e-10
8.41688e-10
7.8575e-10
6.03241e-10
4.05302e-10
2.3891e-10
1.27555e-10
6.34075e-11
2.87004e-11
1.1862e-11
4.56052e-12
1.60618e-12
5.3513e-13
1.73796e-13
5.60066e-14
1.78884e-14
5.80271e-15
1.95508e-15
7.1415e-16
2.63475e-16
1.01332e-16
4.1042e-17
1.84753e-17
9.65798e-18
5.99335e-18
4.38737e-18
3.63688e-18
3.27087e-18
3.10624e-18
3.06662e-18
3.06893e-18
3.23708e-18
3.47372e-18
3.54688e-18
3.64311e-18
3.7472e-18
3.84072e-18
7.30488e-23
2.19555e-22
3.6699e-22
5.23977e-22
4.35839e-21
9.11486e-19
1.12609e-16
6.92939e-15
1.8609e-13
2.09385e-12
1.445e-11
7.11775e-11
2.23175e-10
4.03033e-10
5.03369e-10
4.58267e-10
3.38375e-10
2.19787e-10
1.24917e-10
6.38874e-11
3.03103e-11
1.30651e-11
5.10626e-12
1.83997e-12
6.08314e-13
1.90011e-13
5.72787e-14
1.72114e-14
5.16485e-15
1.56282e-15
4.90899e-16
1.69638e-16
5.95969e-17
2.17757e-17
8.55909e-18
3.86124e-18
2.0948e-18
1.395e-18
1.09746e-18
9.55646e-19
8.83861e-19
8.5318e-19
8.46139e-19
8.49228e-19
9.0027e-19
9.63857e-19
9.80822e-19
1.00521e-18
1.03308e-18
1.05791e-18
2.6001e-23
7.81559e-23
1.30671e-22
1.87172e-22
1.68909e-21
3.73379e-19
4.89323e-17
3.29258e-15
9.86437e-14
1.19227e-12
8.43146e-12
4.20209e-11
1.33351e-10
2.45146e-10
2.96942e-10
2.62217e-10
1.86803e-10
1.16433e-10
6.36471e-11
3.1223e-11
1.40811e-11
5.73453e-12
2.10298e-12
7.09009e-13
2.17807e-13
6.27032e-14
1.76007e-14
4.90194e-15
1.35587e-15
3.80541e-16
1.11821e-16
3.62992e-17
1.19934e-17
4.2226e-18
1.64291e-18
7.69136e-19
4.62049e-19
3.4507e-19
2.94375e-19
2.68698e-19
2.54568e-19
2.48596e-19
2.47022e-19
2.49359e-19
2.62995e-19
2.77587e-19
2.81935e-19
2.88328e-19
2.95272e-19
3.01909e-19
9.2581e-24
2.78404e-23
4.65572e-23
6.68862e-23
7.49665e-22
1.78981e-19
2.38834e-17
1.65703e-15
5.36554e-14
6.72384e-13
4.7877e-12
2.42698e-11
7.72386e-11
1.42497e-10
1.68832e-10
1.43767e-10
9.87656e-11
5.9068e-11
3.10483e-11
1.46066e-11
6.25614e-12
2.3989e-12
8.24467e-13
2.59666e-13
7.39316e-14
1.96938e-14
5.12209e-15
1.32141e-15
3.38259e-16
8.82701e-17
2.41806e-17
7.39391e-18
2.33671e-18
8.03732e-19
3.20756e-19
1.66091e-19
1.14237e-19
9.46288e-20
8.54429e-20
8.01114e-20
7.6709e-20
7.50792e-20
7.46112e-20
7.53477e-20
7.9109e-20
8.27123e-20
8.3823e-20
8.54387e-20
8.72653e-20
8.91597e-20
3.29844e-24
9.91963e-24
1.65952e-23
2.35753e-23
1.97938e-22
6.05527e-20
9.88855e-18
7.91734e-16
2.85135e-14
3.66573e-13
2.56939e-12
1.29535e-11
4.05108e-11
7.22391e-11
8.55291e-11
7.03838e-11
4.64268e-11
2.67888e-11
1.35025e-11
6.07667e-12
2.46087e-12
8.85477e-13
2.8457e-13
8.36609e-14
2.19573e-14
5.39512e-15
1.28647e-15
3.07072e-16
7.2893e-17
1.76862e-17
4.56302e-18
1.34538e-18
4.13252e-19
1.44397e-19
6.33715e-20
3.85567e-20
3.04523e-20
2.71812e-20
2.52917e-20
2.3941e-20
2.29982e-20
2.25032e-20
2.2285e-20
2.24524e-20
2.35195e-20
2.44394e-20
2.46802e-20
2.50712e-20
2.55617e-20
2.6103e-20
1.18062e-24
3.55346e-24
5.95529e-24
1.06274e-23
8.94176e-22
1.78589e-19
1.85853e-17
1.0619e-15
2.25507e-14
1.89398e-13
1.08052e-12
4.90465e-12
1.33352e-11
2.20842e-11
2.5978e-11
2.06256e-11
1.29347e-11
7.1453e-12
3.42015e-12
1.47018e-12
5.37408e-13
1.80387e-13
5.38145e-14
1.43799e-14
3.37328e-15
7.54684e-16
1.57785e-16
3.44821e-17
7.5459e-18
1.68976e-18
4.30604e-19
1.34118e-19
4.17798e-20
1.64646e-20
9.07632e-21
6.89279e-21
6.14397e-21
5.70366e-21
5.30922e-21
4.99619e-21
4.79824e-21
4.69691e-21
4.61155e-21
4.6434e-21
4.92901e-21
5.06952e-21
5.03149e-21
5.07545e-21
5.17848e-21
5.3121e-21
