0.0528343
0.146639
0.223327
0.290311
0.351733
0.41035
0.468101
0.52629
0.585794
0.647432
0.711569
0.778425
0.84821
0.920713
0.995722
1.07297
1.15194
1.23211
1.31291
1.39368
1.47397
1.55322
1.63047
1.70587
1.77978
1.85083
1.91679
1.97865
2.03883
2.09601
2.1514
2.20487
2.25504
2.30283
2.34959
2.39662
2.44458
2.49184
2.53644
2.57749
2.61388
2.64315
2.66244
2.67054
2.69217
2.73873
2.79235
2.84647
2.89922
2.94836
0.0218871
0.0618458
0.0951022
0.124598
0.151927
0.17815
0.204139
0.23044
0.257462
0.2857
0.315464
0.346907
0.380265
0.415768
0.453326
0.492817
0.53429
0.57741
0.621654
0.66667
0.712041
0.757144
0.801662
0.845305
0.88765
0.928467
0.968205
1.00461
1.03775
1.06862
1.09781
1.12763
1.15549
1.18154
1.20809
1.23598
1.26335
1.28968
1.31569
1.33861
1.36029
1.37898
1.39108
1.39432
1.39955
1.42216
1.45574
1.49194
1.52914
1.56613
0.0095819
0.0272143
0.0420948
0.055525
0.0682403
0.0807587
0.093479
0.10666
0.120499
0.135263
0.15109
0.168082
0.186389
0.206088
0.22717
0.249618
0.273349
0.298187
0.323841
0.349916
0.376132
0.40208
0.427009
0.450994
0.474126
0.495977
0.516783
0.536906
0.555488
0.572281
0.588085
0.603858
0.61877
0.632453
0.64587
0.65917
0.673357
0.687999
0.702544
0.716251
0.728006
0.738592
0.74644
0.749021
0.747603
0.754358
0.772392
0.793008
0.814428
0.834262
0.00409082
0.0117159
0.0182758
0.0243225
0.030213
0.0362132
0.0424942
0.049205
0.056496
0.0644927
0.073281
0.0829785
0.093657
0.105303
0.117972
0.131664
0.146199
0.161441
0.177208
0.193132
0.209002
0.224539
0.239235
0.252785
0.265309
0.276832
0.287749
0.298391
0.308396
0.317338
0.325463
0.333562
0.341198
0.347975
0.354483
0.360861
0.36693
0.373624
0.381446
0.389458
0.396688
0.402864
0.407125
0.40906
0.408711
0.411442
0.420745
0.432558
0.444823
0.455187
0.00173341
0.00500066
0.00785331
0.0105376
0.0132259
0.016054
0.0191183
0.0225051
0.0263091
0.0306248
0.0355167
0.0410723
0.047351
0.0543455
0.0620987
0.0705885
0.0796693
0.0892247
0.0990652
0.108863
0.118446
0.127638
0.136238
0.144123
0.151121
0.157249
0.162748
0.168016
0.173034
0.177869
0.182458
0.18687
0.190899
0.194456
0.197837
0.200898
0.203763
0.206656
0.209858
0.21359
0.217634
0.221323
0.223928
0.225094
0.224445
0.225116
0.229892
0.236758
0.243779
0.249157
0.000727091
0.00210046
0.00330725
0.00448229
0.00569156
0.00699027
0.00845303
0.0101298
0.0120695
0.0143494
0.0170354
0.0201712
0.023804
0.0279857
0.0327083
0.0379311
0.0436227
0.0496524
0.05581
0.0619003
0.0677697
0.0732698
0.0783225
0.0827805
0.0865939
0.0900128
0.092728
0.0950734
0.0975695
0.0998275
0.101961
0.104162
0.106246
0.108076
0.109789
0.111395
0.112745
0.11398
0.115474
0.117413
0.119447
0.121268
0.122708
0.12348
0.122991
0.122918
0.125302
0.12919
0.133154
0.13593
0.000300998
0.000876893
0.00138934
0.00189492
0.00242703
0.00301676
0.00369899
0.00450627
0.0054771
0.00666336
0.00810738
0.00985532
0.0119511
0.0144138
0.0172608
0.0204834
0.0240116
0.0277529
0.0315848
0.0352864
0.0387545
0.0419262
0.044715
0.047225
0.0493805
0.051125
0.0525756
0.0537187
0.0547842
0.0559132
0.0569895
0.0579433
0.0588306
0.0596861
0.0604838
0.0612407
0.0618556
0.0623379
0.0628061
0.0634862
0.0645128
0.0656206
0.0664986
0.0669967
0.066711
0.0664444
0.0675869
0.0697147
0.0717218
0.0729216
0.000119792
0.000357569
0.000577847
0.000795554
0.00103316
0.00130932
0.00163088
0.00201981
0.0025069
0.00311877
0.00389024
0.00486445
0.00607019
0.00751691
0.00923037
0.0112063
0.0133866
0.0156994
0.0180394
0.0202677
0.0222834
0.0240181
0.0254717
0.026715
0.0277748
0.0285926
0.0292025
0.0296857
0.0300823
0.0305229
0.0310118
0.0314065
0.031736
0.0321038
0.0324611
0.0327982
0.0331451
0.0334054
0.0335832
0.0337557
0.034066
0.0345831
0.0350849
0.0354027
0.0352789
0.0350569
0.035558
0.036643
0.0375554
0.0379722
4.31747e-05
0.000130438
0.000215549
0.000308366
0.000416613
0.00054605
0.000703137
0.000898004
0.00114559
0.00146457
0.00187875
0.00241819
0.00310761
0.0039579
0.00498605
0.00618323
0.00750592
0.00890968
0.010313
0.0116071
0.0127543
0.0137084
0.0144428
0.0150264
0.015495
0.015849
0.016082
0.0162174
0.0163092
0.0164272
0.0165885
0.0167065
0.0167833
0.0168817
0.0169862
0.0170921
0.0172123
0.0173223
0.0173913
0.0174482
0.0175737
0.0178183
0.018096
0.0182783
0.0182349
0.0181218
0.0183622
0.0189101
0.0193172
0.0194466
1.24677e-05
3.91567e-05
6.84598e-05
0.000105103
0.000152519
0.000212932
0.000289599
0.000387973
0.000515672
0.000683004
0.000905486
0.00120428
0.00159798
0.00209595
0.00271017
0.00343288
0.00423058
0.00506649
0.00588845
0.00662046
0.00724717
0.00774993
0.00810122
0.00834678
0.00851939
0.00863444
0.00870482
0.00872653
0.0087101
0.00870174
0.00871989
0.00872193
0.00870323
0.00869949
0.00870448
0.00871574
0.00873703
0.00876057
0.00877129
0.0087675
0.00878387
0.00887229
0.00900549
0.00910403
0.00909193
0.0090316
0.00914201
0.00940342
0.00956854
0.00959089
2.80978e-06
9.41929e-06
1.81023e-05
3.10454e-05
5.02767e-05
7.72509e-05
0.000113958
0.000163311
0.000229473
0.000317703
0.000437573
0.000603433
0.000828421
0.00112019
0.00148673
0.0019214
0.00239883
0.00289064
0.00336318
0.00376813
0.00409483
0.00433973
0.00449216
0.00457712
0.00462194
0.00463477
0.00462571
0.0046028
0.00456008
0.00451692
0.004489
0.00445431
0.00441071
0.00437824
0.00435377
0.00433667
0.00432796
0.00432544
0.00432018
0.0043049
0.00428917
0.00430937
0.00436681
0.00441393
0.00440852
0.00437601
0.00442256
0.00453816
0.00459714
0.00458996
5.4806e-07
1.94051e-06
4.12423e-06
8.06565e-06
1.50064e-05
2.61342e-05
4.28907e-05
6.7117e-05
0.000101266
0.000148013
0.000212942
0.000305368
0.000434326
0.000605673
0.000824603
0.00108527
0.00136853
0.00165426
0.00192113
0.00213879
0.00230116
0.0024093
0.00246426
0.00248058
0.00247584
0.00245608
0.00242479
0.00238892
0.00234557
0.00230112
0.00226476
0.00222611
0.00218396
0.00214991
0.00212176
0.00209943
0.00208389
0.00207427
0.00206564
0.00205237
0.00203684
0.00203605
0.00205778
0.0020814
0.00208094
0.00206452
0.00208278
0.002131
0.00214935
0.00213969
1.24439e-07
4.23355e-07
9.11402e-07
1.94855e-06
4.15354e-06
8.32618e-06
1.54865e-05
2.6971e-05
4.43843e-05
6.92416e-05
0.000104729
0.0001566
0.000230877
0.00033183
0.000462899
0.000618845
0.000785544
0.000949347
0.00109671
0.00120902
0.00128486
0.00132681
0.00133964
0.00133237
0.00131376
0.0012882
0.00125702
0.00122407
0.00118872
0.00115324
0.00112219
0.00109126
0.00105914
0.00103254
0.00101023
0.000991714
0.000977522
0.000967079
0.000958677
0.000949575
0.000939388
0.000934034
0.00093989
0.000950841
0.000951656
0.000943457
0.000950167
0.000969344
0.000974165
0.000968131
3.63546e-08
1.13367e-07
2.23008e-07
4.75392e-07
1.11487e-06
2.56032e-06
5.43675e-06
1.06463e-05
1.93559e-05
3.25699e-05
5.2174e-05
8.15851e-05
0.000124711
0.000184431
0.000263105
0.000356105
0.000453537
0.000546037
0.000624711
0.000679431
0.000711878
0.000724551
0.000722081
0.000709863
0.000691688
0.000670072
0.00064589
0.000621166
0.000595738
0.00057069
0.000548016
0.000526058
0.000504244
0.00048607
0.000470964
0.000458332
0.000448115
0.000440063
0.000433585
0.000427911
0.000422074
0.000417389
0.000417997
0.000422312
0.000422523
0.000418429
0.00042054
0.000427641
0.000428456
0.000425568
1.18111e-08
3.51149e-08
6.29088e-08
1.25403e-07
3.06211e-07
7.90877e-07
1.91202e-06
4.21638e-06
8.48706e-06
1.5478e-05
2.63823e-05
4.32108e-05
6.8494e-05
0.000104007
0.000151503
0.000206814
0.000263128
0.000314306
0.000354095
0.00037879
0.000390818
0.000392133
0.000385896
0.000374942
0.000360887
0.000345097
0.000328334
0.000311673
0.000294922
0.000278608
0.000263646
0.000249308
0.00023556
0.000224167
0.000214735
0.0002069
0.000200365
0.000195052
0.000190782
0.000187451
0.000184333
0.000181353
0.000180838
0.000182592
0.000182649
0.000180599
0.000181079
0.000183477
0.000183295
0.000182117
3.98797e-09
1.1585e-08
1.96888e-08
3.71967e-08
9.21129e-08
2.56038e-07
6.91666e-07
1.70028e-06
3.71314e-06
7.32333e-06
1.33525e-05
2.29649e-05
3.77419e-05
5.89921e-05
8.73471e-05
0.000120073
0.000152592
0.000180196
0.000199679
0.000209909
0.000212833
0.000210603
0.000204788
0.000196371
0.000186507
0.000176092
0.000165134
0.000154456
0.000144183
0.000134265
0.000125154
0.000116587
0.000108531
0.000101799
9.62296e-05
9.17117e-05
8.78619e-05
8.46752e-05
8.21924e-05
8.02842e-05
7.85785e-05
7.6932e-05
7.63527e-05
7.6887e-05
7.67793e-05
7.57662e-05
7.58316e-05
7.67031e-05
7.64736e-05
7.59708e-05
1.33231e-09
3.85061e-09
6.24443e-09
1.06836e-08
2.57368e-08
7.84925e-08
2.3829e-07
6.55171e-07
1.60239e-06
3.44298e-06
6.73746e-06
1.22839e-05
2.09921e-05
3.3684e-05
5.06491e-05
6.99849e-05
8.84693e-05
0.000102919
0.000112008
0.000115479
0.000115207
0.000112467
0.000107885
0.000102067
9.55749e-05
8.88909e-05
8.21236e-05
7.56167e-05
6.94468e-05
6.36557e-05
5.84024e-05
5.35064e-05
4.89844e-05
4.52325e-05
4.21308e-05
3.96121e-05
3.75198e-05
3.57888e-05
3.4409e-05
3.33658e-05
3.25013e-05
3.16527e-05
3.12025e-05
3.13183e-05
3.12711e-05
3.08445e-05
3.07799e-05
3.10285e-05
3.09045e-05
3.07328e-05
4.4822e-10
1.29905e-09
2.07343e-09
3.31189e-09
7.59566e-09
2.49135e-08
8.49052e-08
2.6085e-07
7.05915e-07
1.65004e-06
3.4652e-06
6.68355e-06
1.1879e-05
1.9427e-05
2.96527e-05
4.09934e-05
5.11533e-05
5.84785e-05
6.2257e-05
6.2961e-05
6.19091e-05
5.96327e-05
5.64534e-05
5.26624e-05
4.85128e-05
4.43445e-05
4.02762e-05
3.64307e-05
3.28627e-05
2.96178e-05
2.67165e-05
2.40307e-05
2.15984e-05
1.96055e-05
1.79669e-05
1.66387e-05
1.55551e-05
1.46661e-05
1.39467e-05
1.34068e-05
1.29889e-05
1.25891e-05
1.23219e-05
1.23052e-05
1.22756e-05
1.20996e-05
1.20463e-05
1.21036e-05
1.20408e-05
1.19856e-05
1.50533e-10
4.39576e-10
7.03381e-10
1.06589e-09
2.27219e-09
7.95183e-09
3.08629e-08
1.06565e-07
3.17041e-07
8.05901e-07
1.81166e-06
3.68738e-06
6.80151e-06
1.13679e-05
1.75244e-05
2.40506e-05
2.95042e-05
3.29817e-05
3.43111e-05
3.41168e-05
3.30726e-05
3.14168e-05
2.93064e-05
2.69122e-05
2.43458e-05
2.18035e-05
1.94288e-05
1.72262e-05
1.52267e-05
1.34701e-05
1.19253e-05
1.05183e-05
9.26242e-06
8.2602e-06
7.44437e-06
6.77895e-06
6.24647e-06
5.8159e-06
5.46575e-06
5.20137e-06
5.0042e-06
4.82769e-06
4.68984e-06
4.65202e-06
4.6324e-06
4.55629e-06
4.53241e-06
4.54965e-06
4.51914e-06
4.50214e-06
5.18847e-11
1.5103e-10
2.39995e-10
3.54208e-10
7.29764e-10
2.67318e-09
1.14879e-08
4.39735e-08
1.43528e-07
3.91836e-07
9.40874e-07
2.0285e-06
3.888e-06
6.65231e-06
1.03464e-05
1.40857e-05
1.69035e-05
1.8415e-05
1.87973e-05
1.83938e-05
1.75596e-05
1.64467e-05
1.51111e-05
1.36243e-05
1.20814e-05
1.06071e-05
9.2553e-06
8.02512e-06
6.94833e-06
6.03018e-06
5.23141e-06
4.522e-06
3.90477e-06
3.4108e-06
3.01413e-06
2.69988e-06
2.45022e-06
2.24953e-06
2.08871e-06
1.96736e-06
1.8759e-06
1.79803e-06
1.73539e-06
1.71327e-06
1.70426e-06
1.67345e-06
1.65785e-06
1.65812e-06
1.6459e-06
1.63926e-06
1.75272e-11
5.14887e-11
8.27051e-11
1.18295e-10
2.21426e-10
8.34262e-10
4.1175e-09
1.79256e-08
6.48518e-08
1.91742e-07
4.91731e-07
1.12159e-06
2.23398e-06
3.88825e-06
6.09367e-06
8.18604e-06
9.59192e-06
1.02299e-05
1.02423e-05
9.86309e-06
9.28043e-06
8.55249e-06
7.72152e-06
6.83573e-06
5.93292e-06
5.08586e-06
4.33409e-06
3.67455e-06
3.10778e-06
2.63633e-06
2.24027e-06
1.89527e-06
1.59976e-06
1.36809e-06
1.18515e-06
1.04136e-06
9.2903e-07
8.40374e-07
7.69651e-07
7.16318e-07
6.76378e-07
6.44325e-07
6.17315e-07
6.05115e-07
6.01415e-07
5.89806e-07
5.83321e-07
5.82168e-07
5.77397e-07
5.75206e-07
6.03944e-12
1.77672e-11
2.85842e-11
4.04574e-11
7.13494e-11
2.69083e-10
1.49379e-09
7.35837e-09
2.93293e-08
9.38348e-08
2.56987e-07
6.18068e-07
1.27948e-06
2.2795e-06
3.57677e-06
4.726e-06
5.40005e-06
5.62938e-06
5.54372e-06
5.26324e-06
4.8745e-06
4.41739e-06
3.91609e-06
3.39266e-06
2.87663e-06
2.40883e-06
2.00105e-06
1.65308e-06
1.36612e-06
1.13257e-06
9.39908e-07
7.77437e-07
6.41527e-07
5.35979e-07
4.54363e-07
3.91673e-07
3.42942e-07
3.0507e-07
2.75637e-07
2.53413e-07
2.36668e-07
2.23797e-07
2.13023e-07
2.07396e-07
2.05606e-07
2.01189e-07
1.98556e-07
1.9792e-07
1.96128e-07
1.95313e-07
2.05071e-12
6.08405e-12
9.92112e-12
1.39078e-11
2.24609e-11
8.27922e-11
5.21897e-10
2.94844e-09
1.32181e-08
4.59784e-08
1.34448e-07
3.42699e-07
7.35719e-07
1.33194e-06
2.09015e-06
2.70497e-06
3.01341e-06
3.08088e-06
2.98535e-06
2.7916e-06
2.54486e-06
2.26282e-06
1.96383e-06
1.66453e-06
1.37643e-06
1.12082e-06
9.06078e-07
7.28917e-07
5.85853e-07
4.73279e-07
3.83446e-07
3.09263e-07
2.48723e-07
2.02889e-07
1.6807e-07
1.41704e-07
1.21684e-07
1.06423e-07
9.46699e-08
8.58952e-08
7.9311e-08
7.43978e-08
7.04265e-08
6.80853e-08
6.73211e-08
6.59059e-08
6.49061e-08
6.45505e-08
6.3958e-08
6.36977e-08
7.08155e-13
2.1065e-12
3.44528e-12
4.83138e-12
7.44857e-12
2.64178e-11
1.86258e-10
1.19827e-09
5.90488e-09
2.24338e-08
7.03221e-08
1.88659e-07
4.20963e-07
7.78701e-07
1.21327e-06
1.53359e-06
1.66778e-06
1.67361e-06
1.59902e-06
1.47438e-06
1.32017e-06
1.15006e-06
9.75958e-07
8.06207e-07
6.48748e-07
5.142e-07
4.03507e-07
3.14996e-07
2.4652e-07
1.93893e-07
1.52926e-07
1.20266e-07
9.42478e-08
7.48762e-08
6.05267e-08
4.99293e-08
4.19473e-08
3.59744e-08
3.15138e-08
2.81999e-08
2.57151e-08
2.3902e-08
2.2475e-08
2.16142e-08
2.1342e-08
2.08551e-08
2.05142e-08
2.04028e-08
2.02039e-08
2.01148e-08
2.41615e-13
7.2252e-13
1.196e-12
1.67956e-12
2.44156e-12
7.83266e-12
6.2277e-11
4.61284e-10
2.6137e-09
1.09048e-08
3.6613e-08
1.04369e-07
2.41102e-07
4.53019e-07
6.99107e-07
8.62341e-07
9.16777e-07
9.04912e-07
8.51895e-07
7.73211e-07
6.80152e-07
5.79169e-07
4.78538e-07
3.84888e-07
3.00822e-07
2.30821e-07
1.75642e-07
1.3302e-07
1.00763e-07
7.69219e-08
5.90067e-08
4.507e-08
3.42989e-08
2.65343e-08
2.09001e-08
1.68145e-08
1.38294e-08
1.16402e-08
1.00188e-08
8.83992e-09
7.97006e-09
7.34056e-09
6.86541e-09
6.55446e-09
6.44493e-09
6.31171e-09
6.20094e-09
6.15876e-09
6.10378e-09
6.07934e-09
8.35853e-14
2.50774e-13
4.1561e-13
5.85519e-13
8.32129e-13
2.46811e-12
2.13878e-11
1.82169e-10
1.14372e-09
5.24339e-09
1.89637e-08
5.69762e-08
1.36818e-07
2.61319e-07
3.9866e-07
4.79782e-07
5.00568e-07
4.86644e-07
4.51967e-07
4.03576e-07
3.47938e-07
2.89138e-07
2.32221e-07
1.81076e-07
1.37097e-07
1.01937e-07
7.49932e-08
5.49004e-08
4.03231e-08
2.98467e-08
2.22054e-08
1.64801e-08
1.21789e-08
9.14805e-09
7.01161e-09
5.50586e-09
4.42096e-09
3.64147e-09
3.08156e-09
2.67872e-09
2.38429e-09
2.17562e-09
2.02233e-09
1.92465e-09
1.89123e-09
1.84986e-09
1.81632e-09
1.8046e-09
1.78892e-09
1.78176e-09
2.87593e-14
8.63745e-14
1.44184e-13
2.03804e-13
2.82205e-13
7.33806e-13
6.83881e-12
6.74834e-11
4.92679e-10
2.50787e-09
9.75853e-09
3.11756e-08
7.74212e-08
1.50027e-07
2.2526e-07
2.64932e-07
2.71642e-07
2.60494e-07
2.3829e-07
2.09008e-07
1.76399e-07
1.42675e-07
1.1099e-07
8.37305e-08
6.12675e-08
4.39021e-08
3.1184e-08
2.20463e-08
1.5592e-08
1.1148e-08
8.03736e-09
5.77292e-09
4.12584e-09
3.00856e-09
2.24143e-09
1.71275e-09
1.3445e-09
1.08568e-09
9.01935e-10
7.73037e-10
6.8129e-10
6.1682e-10
5.70681e-10
5.39654e-10
5.28291e-10
5.18406e-10
5.09444e-10
5.06513e-10
5.03068e-10
5.01539e-10
1.00074e-14
3.01021e-14
5.01824e-14
7.09561e-14
9.7717e-14
2.38841e-13
2.35232e-12
2.62259e-11
2.12416e-10
1.18452e-09
4.96639e-09
1.67643e-08
4.32309e-08
8.45605e-08
1.25662e-07
1.44939e-07
1.46639e-07
1.3879e-07
1.25026e-07
1.07451e-07
8.8521e-08
6.95467e-08
5.23607e-08
3.81244e-08
2.68801e-08
1.8573e-08
1.26992e-08
8.63965e-09
5.89078e-09
4.06429e-09
2.83088e-09
1.96813e-09
1.36147e-09
9.60974e-10
6.94807e-10
5.17187e-10
3.96172e-10
3.12962e-10
2.55573e-10
2.1603e-10
1.88309e-10
1.69292e-10
1.56085e-10
1.47367e-10
1.44242e-10
1.41774e-10
1.39401e-10
1.38684e-10
1.37932e-10
1.37615e-10
3.47677e-15
1.04447e-14
1.74579e-14
2.47141e-14
3.35537e-14
7.29623e-14
7.48818e-13
9.65225e-12
8.95563e-11
5.5857e-10
2.53275e-09
9.03507e-09
2.40457e-08
4.75846e-08
6.94963e-08
7.87529e-08
7.87216e-08
7.36134e-08
6.51423e-08
5.47291e-08
4.38603e-08
3.33716e-08
2.4241e-08
1.70042e-08
1.15299e-08
7.64021e-09
5.01948e-09
3.27915e-09
2.14014e-09
1.41701e-09
9.52931e-10
6.3963e-10
4.25829e-10
2.90922e-10
2.04147e-10
1.47689e-10
1.10559e-10
8.56951e-11
6.88219e-11
5.7463e-11
4.97398e-11
4.45033e-11
4.09391e-11
3.87227e-11
3.80672e-11
3.75616e-11
3.70252e-11
3.69438e-11
3.6846e-11
3.68167e-11
1.21719e-15
3.65866e-15
6.10038e-15
8.60901e-15
1.16535e-14
2.46576e-14
2.66078e-13
3.78849e-12
3.88352e-11
2.61095e-10
1.26751e-09
4.80827e-09
1.32338e-08
2.62108e-08
3.79346e-08
4.25839e-08
4.21105e-08
3.88854e-08
3.37497e-08
2.76041e-08
2.14554e-08
1.57508e-08
1.10363e-08
7.45349e-09
4.84687e-09
3.0829e-09
1.94106e-09
1.21331e-09
7.58472e-10
4.82373e-10
3.11885e-10
2.0194e-10
1.29908e-10
8.57162e-11
5.82141e-11
4.10123e-11
3.00141e-11
2.28101e-11
1.80581e-11
1.49398e-11
1.28518e-11
1.14835e-11
1.05928e-11
1.00178e-11
9.86039e-12
9.80101e-12
9.69935e-12
9.69982e-12
9.70332e-12
9.71478e-12
4.27185e-16
1.28365e-15
2.13795e-15
3.01531e-15
4.0677e-15
8.05217e-15
8.90858e-14
1.45951e-12
1.61838e-11
1.19525e-10
6.29315e-10
2.50226e-09
7.1822e-09
1.44414e-08
2.05803e-08
2.28349e-08
2.23872e-08
2.03578e-08
1.73407e-08
1.38261e-08
1.03942e-08
7.37256e-09
4.97954e-09
3.21944e-09
2.00903e-09
1.22943e-09
7.39274e-10
4.4127e-10
2.65134e-10
1.61453e-10
1.00147e-10
6.27303e-11
3.89735e-11
2.47991e-11
1.63474e-11
1.12418e-11
8.0258e-12
5.99032e-12
4.69605e-12
3.85386e-12
3.30035e-12
2.94946e-12
2.72553e-12
2.60523e-12
2.59803e-12
2.58807e-12
2.56501e-12
2.5714e-12
2.57836e-12
2.58481e-12
1.49833e-16
4.49862e-16
7.49653e-16
1.05388e-15
1.40643e-15
2.62549e-15
3.02726e-14
5.42665e-13
6.84058e-12
5.51291e-11
3.1022e-10
1.32047e-09
3.90432e-09
7.9273e-09
1.11043e-08
1.21914e-08
1.18452e-08
1.06057e-08
8.83333e-09
6.8419e-09
4.96945e-09
3.38855e-09
2.19127e-09
1.35876e-09
8.11615e-10
4.72485e-10
2.71337e-10
1.54662e-10
8.82013e-11
5.12532e-11
3.05047e-11
1.8351e-11
1.09441e-11
6.73226e-12
4.30458e-12
2.88624e-12
2.03289e-12
1.50682e-12
1.1758e-12
9.67124e-13
8.33953e-13
7.51106e-13
7.01304e-13
6.7259e-13
6.73682e-13
6.79717e-13
6.78225e-13
6.83071e-13
6.87816e-13
6.91469e-13
5.27422e-17
1.58304e-16
2.63605e-16
3.70043e-16
4.9075e-16
8.8622e-16
1.07177e-14
2.1494e-13
2.92855e-12
2.54505e-11
1.53193e-10
6.86142e-10
2.10044e-09
4.23305e-09
5.93989e-09
6.48931e-09
6.24822e-09
5.50259e-09
4.46464e-09
3.34211e-09
2.34288e-09
1.53195e-09
9.47814e-10
5.63224e-10
3.21026e-10
1.77994e-10
9.70964e-11
5.26231e-11
2.85603e-11
1.58052e-11
8.99156e-12
5.20968e-12
2.99466e-12
1.78082e-12
1.10747e-12
7.29147e-13
5.08104e-13
3.75586e-13
2.94594e-13
2.44596e-13
2.13365e-13
1.9471e-13
1.84235e-13
1.78732e-13
1.80462e-13
1.83599e-13
1.84144e-13
1.8618e-13
1.88165e-13
1.89605e-13
1.85761e-17
5.57181e-17
9.28135e-17
1.30163e-16
1.70765e-16
2.86221e-16
3.60493e-15
8.33664e-14
1.25054e-12
1.18278e-11
7.63162e-11
3.57967e-10
1.12682e-09
2.2813e-09
3.17639e-09
3.44685e-09
3.28587e-09
2.83894e-09
2.23396e-09
1.61229e-09
1.08481e-09
6.78521e-10
4.00192e-10
2.27081e-10
1.23135e-10
6.45288e-11
3.34009e-11
1.71478e-11
8.77791e-12
4.60057e-12
2.50282e-12
1.39292e-12
7.66801e-13
4.43125e-13
2.69985e-13
1.75686e-13
1.22888e-13
9.20783e-14
7.35251e-14
6.2379e-14
5.56819e-14
5.17027e-14
4.97184e-14
4.88336e-14
4.97199e-14
5.10574e-14
5.14437e-14
5.22317e-14
5.29806e-14
5.35162e-14
6.55378e-18
1.96619e-17
3.27392e-17
4.58572e-17
5.99574e-17
9.9029e-17
1.32983e-15
3.37355e-14
5.52742e-13
5.50424e-12
3.72991e-11
1.85497e-10
6.01801e-10
1.21626e-09
1.69544e-09
1.83425e-09
1.7219e-09
1.45572e-09
1.10705e-09
7.67515e-10
4.9467e-10
2.95539e-10
1.66479e-10
8.99757e-11
4.62505e-11
2.29509e-11
1.12275e-11
5.44296e-12
2.63413e-12
1.31129e-12
6.78996e-13
3.6282e-13
1.93467e-13
1.08972e-13
6.54182e-14
4.27148e-14
3.03653e-14
2.32755e-14
1.91131e-14
1.66907e-14
1.52746e-14
1.44816e-14
1.4171e-14
1.39239e-14
1.41596e-14
1.47103e-14
1.49153e-14
1.51983e-14
1.54615e-14
1.56509e-14
2.31423e-18
6.94237e-18
1.15604e-17
1.61905e-17
2.11141e-17
3.36928e-17
4.66487e-16
1.35035e-14
2.35618e-13
2.51952e-12
1.81631e-11
9.41501e-11
3.17588e-10
6.42284e-10
8.97882e-10
9.68132e-10
8.96709e-10
7.40872e-10
5.45261e-10
3.62482e-10
2.23606e-10
1.27598e-10
6.85319e-11
3.51351e-11
1.71247e-11
8.05405e-12
3.70603e-12
1.6957e-12
7.78945e-13
3.67129e-13
1.80968e-13
9.34669e-14
4.84596e-14
2.67989e-14
1.61008e-14
1.07221e-14
7.84238e-15
6.21255e-15
5.28177e-15
4.7522e-15
4.45738e-15
4.30835e-15
4.28423e-15
4.20886e-15
4.25536e-15
4.4408e-15
4.50868e-15
4.60067e-15
4.68988e-15
4.75365e-15
8.17841e-19
2.45301e-18
4.08604e-18
5.72338e-18
7.43159e-18
1.121e-17
1.58523e-16
5.36733e-15
1.03629e-13
1.17917e-12
8.96903e-12
4.84049e-11
1.67616e-10
3.43448e-10
4.77173e-10
5.10322e-10
4.64609e-10
3.73375e-10
2.64785e-10
1.68728e-10
9.93367e-11
5.39466e-11
2.74729e-11
1.33336e-11
6.1266e-12
2.69878e-12
1.16869e-12
5.02991e-13
2.1658e-13
9.63533e-14
4.54362e-14
2.2685e-14
1.14516e-14
6.34717e-15
3.90307e-15
2.70325e-15
2.08087e-15
1.72812e-15
1.52687e-15
1.41588e-15
1.35991e-15
1.33065e-15
1.33411e-15
1.31788e-15
1.33127e-15
1.39038e-15
1.41021e-15
1.43874e-15
1.46693e-15
1.48797e-15
2.89296e-19
8.67998e-19
1.44583e-18
2.0241e-18
2.62561e-18
3.92244e-18
5.87645e-17
2.19047e-15
4.6384e-14
5.50536e-13
4.36427e-12
2.4795e-11
8.83589e-11
1.81775e-10
2.54392e-10
2.69386e-10
2.38947e-10
1.86134e-10
1.26608e-10
7.71681e-11
4.3436e-11
2.24511e-11
1.08506e-11
4.98033e-12
2.14908e-12
8.88073e-13
3.60578e-13
1.45671e-13
5.89933e-14
2.48611e-14
1.11943e-14
5.43341e-15
2.72827e-15
1.54103e-15
9.88813e-16
7.23519e-16
5.8731e-16
5.09591e-16
4.64876e-16
4.40345e-16
4.28572e-16
4.22234e-16
4.23816e-16
4.20639e-16
4.26951e-16
4.46621e-16
4.53336e-16
4.62478e-16
4.71617e-16
4.78626e-16
1.02425e-19
3.07282e-19
5.11939e-19
7.16797e-19
9.28708e-19
1.35656e-18
2.07857e-17
8.88826e-16
2.00429e-14
2.53022e-13
2.11691e-12
1.24875e-11
4.61683e-11
9.56684e-11
1.34541e-10
1.41093e-10
1.22073e-10
9.19985e-11
6.00947e-11
3.49197e-11
1.87701e-11
9.2468e-12
4.2377e-12
1.83219e-12
7.43564e-13
2.88793e-13
1.0943e-13
4.14785e-14
1.58823e-14
6.33558e-15
2.7369e-15
1.3114e-15
6.65477e-16
3.90287e-16
2.66188e-16
2.06758e-16
1.7572e-16
1.58107e-16
1.47679e-16
1.41689e-16
1.3896e-16
1.37443e-16
1.38006e-16
1.36956e-16
1.39551e-16
1.46244e-16
1.48324e-16
1.51291e-16
1.54417e-16
1.5681e-16
3.62933e-20
1.08871e-19
1.8142e-19
2.54233e-19
3.29125e-19
4.62784e-19
6.9399e-18
3.56317e-16
8.9898e-15
1.20052e-13
1.05165e-12
6.4014e-12
2.42081e-11
5.1208e-11
7.1422e-11
7.36377e-11
6.20556e-11
4.48511e-11
2.79965e-11
1.55211e-11
7.93647e-12
3.71249e-12
1.60467e-12
6.52616e-13
2.47248e-13
8.90599e-14
3.15622e-14
1.1183e-14
4.00014e-15
1.51271e-15
6.36285e-16
3.05505e-16
1.60124e-16
1.00813e-16
7.42889e-17
6.12478e-17
5.43128e-17
5.03384e-17
4.78196e-17
4.62452e-17
4.55905e-17
4.51714e-17
4.53115e-17
4.50301e-17
4.60496e-17
4.8253e-17
4.886e-17
4.98057e-17
5.08159e-17
5.16309e-17
1.28683e-20
3.86146e-20
6.43492e-20
9.01428e-20
1.16755e-19
1.64458e-19
2.64805e-18
1.47084e-16
4.1119e-15
5.68589e-14
5.13926e-13
3.28026e-12
1.27421e-11
2.72482e-11
3.80485e-11
3.83327e-11
3.11973e-11
2.1591e-11
1.2827e-11
6.7801e-12
3.29977e-12
1.4646e-12
5.97535e-13
2.28369e-13
8.06514e-14
2.7057e-14
8.9364e-15
2.96141e-15
9.96945e-16
3.60826e-16
1.48923e-16
7.30408e-17
4.08489e-17
2.78754e-17
2.20182e-17
1.90312e-17
1.73544e-17
1.63225e-17
1.56566e-17
1.52094e-17
1.50027e-17
1.48584e-17
1.48978e-17
1.48393e-17
1.52429e-17
1.59999e-17
1.62195e-17
1.65359e-17
1.68721e-17
1.71527e-17
4.5661e-21
1.3701e-20
2.28369e-20
3.19886e-20
4.14197e-20
5.80191e-20
9.77033e-19
6.04476e-17
1.81868e-15
2.65046e-14
2.49972e-13
1.65872e-12
6.67536e-12
1.43026e-11
2.00812e-11
1.98029e-11
1.55059e-11
1.03372e-11
5.84421e-12
2.93079e-12
1.35848e-12
5.71361e-13
2.19472e-13
7.86458e-14
2.59511e-14
8.12393e-15
2.48822e-15
7.73287e-16
2.47267e-16
8.63728e-17
3.56823e-17
1.8381e-17
1.11415e-17
8.22434e-18
6.87805e-18
6.14471e-18
5.69926e-18
5.40008e-18
5.20538e-18
5.06069e-18
4.98586e-18
4.93754e-18
4.95119e-18
4.92726e-18
5.07981e-18
5.3423e-18
5.41406e-18
5.52008e-18
5.6363e-18
5.73311e-18
1.62153e-21
4.86498e-21
8.11127e-21
1.13761e-20
1.4732e-20
2.01069e-20
3.24117e-19
2.44564e-17
8.25923e-16
1.2887e-14
1.26752e-13
8.57291e-13
3.52061e-12
7.70041e-12
1.06084e-11
1.0162e-11
7.66441e-12
4.87285e-12
2.61599e-12
1.24558e-12
5.46709e-13
2.16326e-13
7.76539e-14
2.59708e-14
7.93832e-15
2.28751e-15
6.53885e-16
1.89785e-16
5.73381e-17
1.96627e-17
8.47517e-18
4.73233e-18
3.12565e-18
2.5011e-18
2.19627e-18
2.01555e-18
1.89927e-18
1.80461e-18
1.74325e-18
1.6931e-18
1.66225e-18
1.64502e-18
1.65069e-18
1.64155e-18
1.69467e-18
1.78011e-18
1.79932e-18
1.83206e-18
1.8693e-18
1.90206e-18
5.76116e-22
1.72903e-21
2.88266e-21
4.04268e-21
5.24102e-21
7.24032e-21
1.3192e-19
1.04069e-17
3.86848e-16
6.24868e-15
6.29136e-14
4.42291e-13
1.85929e-12
4.16434e-12
5.61268e-12
5.17776e-12
3.74108e-12
2.25816e-12
1.15382e-12
5.22188e-13
2.16686e-13
8.06394e-14
2.70847e-14
8.42698e-15
2.38528e-15
6.38009e-16
1.69845e-16
4.62865e-17
1.34447e-17
4.65195e-18
2.14321e-18
1.31008e-18
9.35924e-19
7.90819e-19
7.15028e-19
6.66931e-19
6.35525e-19
6.0606e-19
5.85535e-19
5.67594e-19
5.54937e-19
5.47167e-19
5.4768e-19
5.4694e-19
5.66717e-19
5.94755e-19
6.01089e-19
6.11589e-19
6.23576e-19
6.34702e-19
2.04815e-22
6.14726e-22
1.0251e-21
1.43702e-21
1.86381e-21
2.59514e-21
5.19684e-20
4.41346e-18
1.77448e-16
2.98637e-15
3.09277e-14
2.25711e-13
9.77443e-13
2.18604e-12
2.94109e-12
2.61364e-12
1.7949e-12
1.03812e-12
5.05052e-13
2.16381e-13
8.50923e-14
2.9774e-14
9.34048e-15
2.70969e-15
7.11612e-16
1.76971e-16
4.37626e-17
1.13002e-17
3.21839e-18
1.15629e-18
5.84225e-19
3.89386e-19
2.94344e-19
2.58261e-19
2.37682e-19
2.23703e-19
2.14203e-19
2.05092e-19
1.98016e-19
1.91373e-19
1.86138e-19
1.83001e-19
1.82515e-19
1.82396e-19
1.90081e-19
1.99689e-19
2.01786e-19
2.05187e-19
2.09165e-19
2.1294e-19
7.28649e-23
2.1867e-22
3.64736e-22
5.1148e-22
6.6297e-22
9.23582e-22
1.99496e-20
1.86839e-18
7.96604e-17
1.41893e-15
1.52651e-14
1.14215e-13
5.11225e-13
1.15135e-12
1.52672e-12
1.3098e-12
8.53686e-13
4.72038e-13
2.19053e-13
8.8837e-14
3.2943e-14
1.08549e-14
3.18263e-15
8.54211e-16
2.08742e-16
4.84447e-17
1.11331e-17
2.74214e-18
7.86176e-19
3.02599e-19
1.70082e-19
1.22326e-19
9.58076e-20
8.61568e-20
8.01057e-20
7.57199e-20
7.27601e-20
6.99621e-20
6.74401e-20
6.49592e-20
6.28962e-20
6.17411e-20
6.13528e-20
6.12817e-20
6.41095e-20
6.7379e-20
6.79557e-20
6.90471e-20
7.04231e-20
7.17089e-20
2.59365e-23
7.78408e-23
1.29853e-22
1.82326e-22
2.36591e-22
3.29635e-22
7.53982e-21
7.7285e-19
3.67257e-17
7.01985e-16
7.73514e-15
5.85657e-14
2.66005e-13
6.15624e-13
7.85721e-13
6.45987e-13
4.01028e-13
2.10056e-13
9.26558e-14
3.56242e-14
1.24014e-14
3.80784e-15
1.0336e-15
2.56534e-16
5.7566e-17
1.22337e-17
2.64271e-18
6.29105e-19
1.86739e-19
8.11382e-20
5.134e-20
3.92146e-20
3.13838e-20
2.88795e-20
2.71e-20
2.57015e-20
2.47771e-20
2.39147e-20
2.29808e-20
2.20662e-20
2.13109e-20
2.08949e-20
2.06936e-20
2.07421e-20
2.16083e-20
2.24794e-20
2.26574e-20
2.3006e-20
2.34168e-20
2.38338e-20
9.23636e-24
2.77267e-23
4.62589e-23
6.49384e-23
8.44019e-23
1.20153e-22
3.18726e-21
3.38545e-19
1.7311e-17
3.41811e-16
3.80565e-15
2.95126e-14
1.35635e-13
3.18172e-13
3.94706e-13
3.08538e-13
1.82325e-13
9.05271e-14
3.79529e-14
1.38269e-14
4.52287e-15
1.29104e-15
3.24141e-16
7.43463e-17
1.53391e-17
3.01162e-18
6.13128e-19
1.44641e-19
4.66031e-20
2.32594e-20
1.60518e-20
1.27061e-20
1.03441e-20
9.6629e-21
9.15842e-21
8.72638e-21
8.41516e-21
8.11294e-21
7.77693e-21
7.4503e-21
7.17679e-21
7.01445e-21
6.93509e-21
6.95348e-21
7.22377e-21
7.46994e-21
7.52247e-21
7.62365e-21
7.74904e-21
7.88815e-21
3.29106e-24
9.8799e-24
1.64876e-23
2.3139e-23
3.0082e-23
4.20975e-23
1.1392e-21
1.37897e-19
7.86732e-18
1.6179e-16
1.80163e-15
1.40535e-14
6.42183e-14
1.46833e-13
1.81123e-13
1.34907e-13
7.55583e-14
3.58161e-14
1.42352e-14
4.89866e-15
1.50203e-15
3.97753e-16
9.21636e-17
1.95355e-17
3.70116e-18
6.73247e-19
1.29769e-19
3.15381e-20
1.16429e-20
6.66382e-21
4.89582e-21
3.97435e-21
3.30579e-21
3.13769e-21
3.00746e-21
2.8747e-21
2.77128e-21
2.66113e-21
2.53689e-21
2.41724e-21
2.32144e-21
2.26292e-21
2.22849e-21
2.23026e-21
2.31557e-21
2.38495e-21
2.39529e-21
2.42152e-21
2.45907e-21
2.50378e-21
1.176e-24
3.53199e-24
5.89837e-24
8.28277e-24
1.07661e-23
2.4083e-23
1.8225e-21
1.69482e-19
5.94809e-18
8.13859e-17
7.35573e-16
5.11714e-15
2.01646e-14
4.275e-14
5.19061e-14
3.67764e-14
1.93266e-14
8.67464e-15
3.2326e-15
1.04691e-15
2.86913e-16
6.99323e-17
1.48263e-17
2.82835e-18
4.79037e-19
8.05002e-20
1.4661e-20
4.05743e-21
1.90559e-21
1.26043e-21
9.89307e-22
8.34929e-22
7.31139e-22
7.23494e-22
6.96734e-22
6.62476e-22
6.34498e-22
6.00132e-22
5.60178e-22
5.26023e-22
5.03062e-22
4.89746e-22
4.77893e-22
4.78191e-22
5.04001e-22
5.14486e-22
5.08035e-22
5.10296e-22
5.18961e-22
5.31197e-22
