0.0546963
0.1517
0.230798
0.299658
0.362563
0.422347
0.481005
0.539892
0.599912
0.6619
0.72625
0.793196
0.862953
0.935332
1.01013
1.08709
1.1657
1.24546
1.32582
1.40612
1.48593
1.5647
1.64147
1.7164
1.78984
1.86043
1.92598
1.98745
2.04724
2.10404
2.15904
2.21215
2.26201
2.3095
2.35597
2.4027
2.45033
2.49726
2.54154
2.58229
2.61842
2.64747
2.66664
2.6747
2.69613
2.74223
2.79533
2.84891
2.90113
2.94981
0.0245914
0.0693323
0.106363
0.138971
0.168929
0.197405
0.225345
0.253343
0.281847
0.311373
0.342252
0.374646
0.408802
0.444963
0.483044
0.52293
0.564682
0.607974
0.652297
0.697311
0.742615
0.7876
0.831963
0.875422
0.917567
0.958177
0.997698
1.03391
1.06687
1.09756
1.12658
1.15621
1.18389
1.20976
1.23611
1.26375
1.29088
1.31694
1.34268
1.36536
1.3868
1.40527
1.41725
1.42048
1.42566
1.44793
1.48099
1.51664
1.55328
1.58979
0.0121543
0.0343813
0.0529491
0.0694887
0.0849108
0.0998376
0.11474
0.129925
0.145613
0.16209
0.179508
0.197967
0.217625
0.238559
0.260762
0.284215
0.308839
0.334464
0.360801
0.387464
0.414188
0.440571
0.465875
0.490192
0.513621
0.535744
0.556804
0.577165
0.595972
0.61298
0.628981
0.644924
0.659984
0.673793
0.687307
0.700678
0.714904
0.729556
0.744087
0.757762
0.769485
0.780031
0.787852
0.79046
0.789114
0.795828
0.813656
0.834012
0.855157
0.874761
0.00605948
0.0172432
0.0267105
0.0352588
0.0433921
0.0514668
0.0597042
0.0682885
0.0773961
0.0871627
0.0976754
0.109054
0.121365
0.134583
0.148757
0.163884
0.179765
0.196263
0.213192
0.230182
0.247027
0.263453
0.278951
0.293226
0.306417
0.318559
0.330068
0.341282
0.351834
0.361289
0.369893
0.378446
0.386494
0.393631
0.400459
0.407122
0.41345
0.420392
0.428453
0.436677
0.444085
0.450406
0.454776
0.456792
0.4565
0.459309
0.468708
0.480594
0.492903
0.503295
0.00306712
0.00876939
0.0136361
0.018085
0.0223976
0.0267797
0.0313673
0.0362744
0.0416178
0.0475043
0.0539967
0.0611829
0.0691139
0.077762
0.0871608
0.0972729
0.107924
0.118984
0.130248
0.141368
0.152175
0.162496
0.172129
0.180953
0.188801
0.195701
0.201918
0.207885
0.213585
0.219084
0.224309
0.229321
0.233893
0.237925
0.241736
0.245175
0.248382
0.251601
0.255133
0.259205
0.263583
0.267561
0.270378
0.27167
0.271048
0.271815
0.276882
0.284094
0.291425
0.297019
0.00156203
0.00446005
0.00693101
0.00924735
0.011533
0.0138831
0.0164199
0.019213
0.0223242
0.0258525
0.0298709
0.0344143
0.0395222
0.0452431
0.0515434
0.0583534
0.0656269
0.0732023
0.0808298
0.0882952
0.0954407
0.102111
0.108233
0.113646
0.11831
0.122518
0.125913
0.128893
0.132054
0.13494
0.137676
0.140471
0.143108
0.14542
0.147571
0.149572
0.151258
0.152798
0.154621
0.156937
0.159341
0.161484
0.163177
0.164106
0.163607
0.163582
0.166317
0.170698
0.175119
0.178193
0.000801486
0.00229949
0.00357878
0.00477856
0.00597406
0.00722792
0.00860534
0.0101602
0.01195
0.0140481
0.0165038
0.0193657
0.0226755
0.0264388
0.0306572
0.0353008
0.0402616
0.0454162
0.0506086
0.0555672
0.0601852
0.0644027
0.0681248
0.0714954
0.0744236
0.0768401
0.0788925
0.0805679
0.0821556
0.0838276
0.085427
0.0868581
0.0881871
0.0894491
0.0906162
0.0917098
0.0926052
0.0933197
0.0940062
0.09495
0.0963155
0.0977652
0.0989123
0.0995773
0.0992662
0.0989837
0.100442
0.103081
0.105533
0.106985
0.000401533
0.00117452
0.00185172
0.00247574
0.00311034
0.00380054
0.00455746
0.00542487
0.00645901
0.00769914
0.00919466
0.0110028
0.0131486
0.0156263
0.0184566
0.0216159
0.0250051
0.0285168
0.0320075
0.0352949
0.038257
0.0408167
0.0429886
0.0448764
0.0465191
0.0478345
0.0488694
0.0497354
0.0504887
0.0513096
0.052194
0.0529361
0.0535743
0.054245
0.0548823
0.0554758
0.0560675
0.0565233
0.0568527
0.0571676
0.0576718
0.0584553
0.0592025
0.0596825
0.0595431
0.0592701
0.0600012
0.0615152
0.0627628
0.0633267
0.000183659
0.000540435
0.000863063
0.0011855
0.00153111
0.00191371
0.00234826
0.00285595
0.00346597
0.00421187
0.00513248
0.00627236
0.00765961
0.00929623
0.0111939
0.0133221
0.0155999
0.0179576
0.0202718
0.0223861
0.02426
0.0258356
0.0270807
0.0281049
0.0289634
0.0296523
0.0301595
0.0305204
0.0308185
0.0311625
0.0315737
0.031909
0.0321689
0.0324471
0.0327209
0.0329848
0.0332597
0.0335073
0.0336799
0.0338264
0.0340802
0.0345196
0.0350008
0.0353203
0.0352763
0.0351225
0.0355293
0.0364043
0.037039
0.0372383
6.89121e-05
0.000208565
0.000347059
0.000502712
0.000685363
0.000898549
0.00115027
0.00145174
0.00181879
0.00227204
0.00284067
0.00356134
0.00445901
0.00553789
0.00680617
0.00823634
0.00976034
0.0113159
0.0128183
0.0141476
0.0152924
0.0162297
0.0169157
0.0174306
0.0178299
0.0181352
0.018367
0.0185169
0.0186025
0.0187052
0.0188553
0.0189712
0.0190417
0.0191271
0.0192174
0.0193097
0.0194118
0.0195101
0.0195771
0.0196109
0.0196792
0.0198786
0.020154
0.0203578
0.0203536
0.0202605
0.0204807
0.0209657
0.0212643
0.0213043
1.98154e-05
6.37613e-05
0.00011554
0.000184323
0.000275854
0.000391652
0.000535479
0.000714071
0.000936118
0.00121251
0.00156395
0.00201959
0.00259986
0.00331043
0.00415622
0.00511301
0.00612471
0.00713918
0.00809784
0.00891767
0.00958876
0.0101103
0.0104618
0.0106914
0.0108504
0.0109501
0.0110095
0.0110435
0.0110392
0.0110353
0.0110627
0.0110726
0.0110579
0.0110569
0.0110644
0.0110801
0.0111075
0.0111425
0.0111657
0.0111621
0.0111546
0.0112241
0.0113701
0.0114884
0.0114898
0.0114321
0.0115439
0.0117961
0.0119217
0.0119073
4.17687e-06
1.49945e-05
3.14188e-05
5.82132e-05
9.9895e-05
0.000158842
0.000237937
0.000341553
0.000475153
0.00064377
0.00086091
0.0011485
0.00152288
0.00199017
0.002553
0.00318983
0.00385467
0.00450767
0.00510929
0.00560208
0.00597967
0.00624761
0.00640653
0.00648674
0.00652527
0.00653208
0.00651469
0.00648813
0.00644486
0.00639909
0.00637216
0.00633716
0.00628915
0.00625358
0.00622599
0.00620716
0.00620062
0.00620495
0.00620766
0.00619466
0.00617333
0.00618892
0.00625996
0.0063321
0.00634018
0.00630682
0.00636077
0.00648582
0.00653287
0.00650996
6.94424e-07
2.88606e-06
7.33601e-06
1.64109e-05
3.33108e-05
6.08307e-05
0.000101861
0.000159876
0.000239092
0.00034185
0.000476386
0.000657973
0.000899149
0.00120583
0.00157966
0.00200115
0.00243366
0.00284816
0.00321776
0.00350334
0.00370504
0.00383038
0.0038888
0.00390085
0.00388716
0.00385651
0.00381205
0.00376336
0.00370827
0.0036521
0.00360733
0.0035609
0.00350763
0.00346454
0.0034289
0.0034
0.00338024
0.00336869
0.00336044
0.00334735
0.00332891
0.00332421
0.00335246
0.00339378
0.00340245
0.00338322
0.00340823
0.00346785
0.00348331
0.00346656
1.13086e-07
5.26817e-07
1.61451e-06
4.38318e-06
1.06092e-05
2.24869e-05
4.25349e-05
7.38223e-05
0.000119765
0.000182156
0.000266004
0.000381143
0.000536769
0.000737715
0.00098554
0.00126267
0.00154152
0.00180055
0.00202046
0.00217778
0.00227834
0.00232896
0.00234039
0.00232624
0.0022965
0.00225693
0.00220977
0.0021607
0.00210903
0.00205745
0.0020124
0.00196803
0.00192146
0.00188287
0.00185104
0.00182446
0.0018036
0.00178822
0.00177655
0.0017659
0.00175307
0.00174353
0.00175252
0.00177344
0.00177822
0.00176701
0.00177754
0.00180428
0.00180809
0.00179877
2.26412e-08
1.06753e-07
3.71528e-07
1.19349e-06
3.39272e-06
8.31056e-06
1.77494e-05
3.41195e-05
6.02002e-05
9.78223e-05
0.000150262
0.000223574
0.000324447
0.000456099
0.000620637
0.000801781
0.000979262
0.00113784
0.00126224
0.00134344
0.00138876
0.00140362
0.00139637
0.00137495
0.00134412
0.00130741
0.00126702
0.00122632
0.0011846
0.00114331
0.00110588
0.00106945
0.00103327
0.00100318
0.000978279
0.000957513
0.000940164
0.000926369
0.000915697
0.000907797
0.000899665
0.000891429
0.000893454
0.000904373
0.000907127
0.000900489
0.000904337
0.000915452
0.000915353
0.000910968
6.21442e-09
2.79322e-08
1.00982e-07
3.65484e-07
1.17604e-06
3.1883e-06
7.57002e-06
1.59854e-05
3.02025e-05
5.23121e-05
8.49101e-05
0.000131493
0.000196549
0.000283096
0.000390914
0.000508567
0.000621342
0.000716092
0.000784506
0.000823728
0.000839802
0.000839321
0.000826908
0.000805534
0.000778986
0.00074995
0.000718387
0.000687174
0.000656666
0.00062668
0.000599182
0.000572913
0.000547414
0.000525827
0.000507819
0.000493181
0.000480528
0.000470089
0.000462259
0.000456543
0.000451106
0.000445455
0.000445064
0.000449886
0.000450867
0.000446961
0.000448367
0.000453367
0.000452652
0.000450477
1.65993e-09
6.53004e-09
2.3162e-08
9.61865e-08
3.69774e-07
1.16801e-06
3.10682e-06
7.22112e-06
1.49867e-05
2.78432e-05
4.78712e-05
7.77298e-05
0.000119917
0.000176586
0.000247185
0.000323357
0.000393901
0.000448948
0.000485066
0.000501508
0.000504665
0.000498853
0.000486014
0.000468251
0.000447617
0.000425709
0.000402861
0.00038044
0.000358805
0.000338131
0.000319264
0.000301349
0.000284286
0.000269878
0.00025779
0.000247875
0.000239529
0.000232589
0.00022715
0.000223217
0.000219916
0.000216347
0.000215066
0.000216998
0.000217609
0.000215726
0.000215944
0.000217803
0.000217316
0.000216479
5.13405e-10
1.79922e-09
5.8415e-09
2.66137e-08
1.19676e-07
4.37596e-07
1.30735e-06
3.345e-06
7.55648e-06
1.50462e-05
2.74166e-05
4.66045e-05
7.42236e-05
0.000111032
0.000157486
0.000206381
0.000249093
0.000280164
0.000297486
0.000302835
0.000301164
0.000294442
0.000283768
0.000270246
0.000254894
0.000239018
0.000223053
0.000207572
0.000192933
0.000179354
0.000167049
0.000155397
0.000144515
0.000135401
0.000127753
0.000121449
0.000116229
0.0001119
0.000108396
0.000105855
0.00010393
0.000101903
0.00010074
0.000101287
0.000101564
0.000100663
0.000100598
0.000101211
0.000100903
0.000100606
1.65471e-10
5.35321e-10
1.5356e-09
7.37772e-09
3.82338e-08
1.64479e-07
5.60006e-07
1.58225e-06
3.86441e-06
8.2562e-06
1.59148e-05
2.82664e-05
4.6382e-05
7.06379e-05
0.000101114
0.000131897
0.000157193
0.000173735
0.000181093
0.000181835
0.000178729
0.000172743
0.000164474
0.000154619
0.000143667
0.000132478
0.000121706
0.000111411
0.000101848
9.32555e-05
8.55467e-05
7.83446e-05
7.17032e-05
6.62666e-05
6.17263e-05
5.79343e-05
5.48495e-05
5.23169e-05
5.02319e-05
4.86864e-05
4.75672e-05
4.64917e-05
4.56822e-05
4.56912e-05
4.57704e-05
4.52967e-05
4.52505e-05
4.55003e-05
4.53113e-05
4.52135e-05
5.63134e-11
1.74059e-10
4.4591e-10
2.20626e-09
1.33854e-08
6.48078e-08
2.44276e-07
7.54774e-07
1.99251e-06
4.51231e-06
9.18367e-06
1.71026e-05
2.8947e-05
4.49495e-05
6.48751e-05
8.41874e-05
9.86452e-05
0.000106808
0.000109652
0.000108663
0.000105462
0.000100752
9.47364e-05
8.77209e-05
8.01781e-05
7.27324e-05
6.56651e-05
5.90081e-05
5.30239e-05
4.77874e-05
4.31141e-05
3.88448e-05
3.49995e-05
3.18239e-05
2.91969e-05
2.70601e-05
2.53258e-05
2.39032e-05
2.27447e-05
2.18767e-05
2.12353e-05
2.06597e-05
2.01994e-05
2.01398e-05
2.01718e-05
1.99422e-05
1.98572e-05
1.99097e-05
1.9819e-05
1.97732e-05
1.87173e-11
5.61288e-11
1.22387e-10
5.626e-10
4.00936e-09
2.35199e-08
1.0296e-07
3.55681e-07
1.02332e-06
2.47915e-06
5.32887e-06
1.03941e-05
1.81487e-05
2.85691e-05
4.15352e-05
5.33899e-05
6.14155e-05
6.53842e-05
6.60766e-05
6.46216e-05
6.19733e-05
5.84231e-05
5.41536e-05
4.93963e-05
4.43579e-05
3.94537e-05
3.4933e-05
3.08123e-05
2.71518e-05
2.40104e-05
2.1295e-05
1.88536e-05
1.66812e-05
1.49155e-05
1.3472e-05
1.23001e-05
1.13608e-05
1.06018e-05
9.9823e-06
9.51305e-06
9.16576e-06
8.87865e-06
8.62893e-06
8.55506e-06
8.56718e-06
8.46306e-06
8.41664e-06
8.42523e-06
8.3821e-06
8.36505e-06
6.41771e-12
1.9021e-11
3.79638e-11
1.63042e-10
1.29934e-09
8.73741e-09
4.36936e-08
1.68632e-07
5.25932e-07
1.36177e-06
3.09225e-06
6.30138e-06
1.13502e-05
1.82089e-05
2.65266e-05
3.36828e-05
3.79904e-05
3.97088e-05
3.95893e-05
3.82668e-05
3.62232e-05
3.36834e-05
3.07613e-05
2.75655e-05
2.42827e-05
2.11848e-05
1.83656e-05
1.58532e-05
1.37011e-05
1.18847e-05
1.03349e-05
8.98153e-06
7.80187e-06
6.84667e-06
6.0786e-06
5.46684e-06
4.97609e-06
4.58422e-06
4.27177e-06
4.03252e-06
3.85247e-06
3.71136e-06
3.58808e-06
3.53836e-06
3.5375e-06
3.48862e-06
3.46387e-06
3.46432e-06
3.44442e-06
3.43651e-06
2.15442e-12
6.39339e-12
1.16441e-11
4.13479e-11
3.73525e-10
3.06261e-09
1.79031e-08
7.81151e-08
2.69943e-07
7.49446e-07
1.79662e-06
3.84098e-06
7.12477e-06
1.1577e-05
1.68834e-05
2.11042e-05
2.33327e-05
2.40083e-05
2.36196e-05
2.25459e-05
2.10673e-05
1.92907e-05
1.73171e-05
1.52451e-05
1.31577e-05
1.12191e-05
9.51047e-06
8.03059e-06
6.78095e-06
5.7555e-06
4.90508e-06
4.17474e-06
3.55158e-06
3.05705e-06
2.66432e-06
2.35399e-06
2.10959e-06
1.91748e-06
1.7649e-06
1.64838e-06
1.56011e-06
1.49355e-06
1.43744e-06
1.40892e-06
1.40568e-06
1.38693e-06
1.3745e-06
1.37195e-06
1.36392e-06
1.36087e-06
7.40491e-13
2.19998e-12
3.86335e-12
1.2191e-11
1.18822e-10
1.10532e-09
7.4269e-09
3.64446e-08
1.37153e-07
4.1078e-07
1.04405e-06
2.32865e-06
4.4561e-06
7.36707e-06
1.06922e-05
1.31248e-05
1.42356e-05
1.44272e-05
1.40295e-05
1.32385e-05
1.21905e-05
1.09789e-05
9.67912e-06
8.34508e-06
7.04411e-06
5.87497e-06
4.85986e-06
4.00243e-06
3.30494e-06
2.74262e-06
2.28517e-06
1.90425e-06
1.58571e-06
1.33565e-06
1.141e-06
9.90348e-07
8.71946e-07
7.80123e-07
7.09178e-07
6.54896e-07
6.13402e-07
5.82754e-07
5.57604e-07
5.44106e-07
5.42256e-07
5.34085e-07
5.28694e-07
5.27704e-07
5.24315e-07
5.22958e-07
2.49721e-13
7.46632e-13
1.27465e-12
3.11463e-12
3.08871e-11
3.60697e-10
2.87981e-09
1.62251e-08
6.93133e-08
2.24662e-07
6.04604e-07
1.41802e-06
2.79043e-06
4.67176e-06
6.73369e-06
8.11073e-06
8.63879e-06
8.63768e-06
8.29799e-06
7.73016e-06
7.01705e-06
6.20509e-06
5.3542e-06
4.51818e-06
3.72509e-06
3.02587e-06
2.44085e-06
1.96055e-06
1.57547e-06
1.27494e-06
1.03752e-06
8.43636e-07
6.85775e-07
5.6514e-07
4.72581e-07
4.01788e-07
3.47535e-07
3.06091e-07
2.74148e-07
2.50095e-07
2.31858e-07
2.18464e-07
2.07977e-07
2.01454e-07
1.99895e-07
1.97158e-07
1.94849e-07
1.94173e-07
1.93013e-07
1.9255e-07
8.59137e-14
2.58024e-13
4.35774e-13
9.52221e-13
9.39275e-12
1.24576e-10
1.14769e-09
7.38118e-09
3.45735e-08
1.21697e-07
3.48829e-07
8.54658e-07
1.73521e-06
2.94317e-06
4.20672e-06
4.97028e-06
5.21442e-06
5.1493e-06
4.89236e-06
4.49801e-06
4.01756e-06
3.48379e-06
2.93826e-06
2.41821e-06
1.94302e-06
1.53847e-06
1.20724e-06
9.42904e-07
7.38433e-07
5.82233e-07
4.6165e-07
3.66302e-07
2.90512e-07
2.33564e-07
1.90869e-07
1.58983e-07
1.34739e-07
1.16485e-07
1.02784e-07
9.25183e-08
8.4752e-08
7.91326e-08
7.48566e-08
7.22398e-08
7.15689e-08
7.04426e-08
6.95261e-08
6.92676e-08
6.88384e-08
6.8655e-08
2.92832e-14
8.80963e-14
1.48519e-13
2.71319e-13
2.3261e-12
3.85227e-11
4.27996e-10
3.17805e-09
1.70605e-08
6.57004e-08
2.00243e-07
5.1629e-07
1.07696e-06
1.84831e-06
2.60985e-06
3.02817e-06
3.13224e-06
3.05867e-06
2.8705e-06
2.60179e-06
2.2848e-06
1.93899e-06
1.59405e-06
1.27743e-06
9.98622e-07
7.67418e-07
5.85258e-07
4.44223e-07
3.37149e-07
2.58184e-07
1.99274e-07
1.5375e-07
1.18566e-07
9.29705e-08
7.41581e-08
6.033e-08
5.01124e-08
4.25432e-08
3.68937e-08
3.27469e-08
2.96765e-08
2.74586e-08
2.58122e-08
2.47045e-08
2.4339e-08
2.39854e-08
2.36594e-08
2.35634e-08
2.34405e-08
2.33884e-08
1.01501e-14
3.0603e-14
5.13344e-14
8.812e-14
7.17883e-13
1.34624e-11
1.69969e-10
1.42233e-09
8.40093e-09
3.50891e-08
1.14024e-07
3.07755e-07
6.61683e-07
1.14374e-06
1.6029e-06
1.83138e-06
1.87385e-06
1.81036e-06
1.67816e-06
1.4966e-06
1.28917e-06
1.06898e-06
8.56072e-07
6.66661e-07
5.05737e-07
3.77366e-07
2.78996e-07
2.05185e-07
1.5107e-07
1.12268e-07
8.41233e-08
6.30921e-08
4.73068e-08
3.60638e-08
2.80194e-08
2.22636e-08
1.80802e-08
1.50303e-08
1.28086e-08
1.11989e-08
1.00184e-08
9.17967e-09
8.57504e-09
8.17015e-09
8.02509e-09
7.90151e-09
7.78344e-09
7.74583e-09
7.70752e-09
7.69101e-09
3.50699e-15
1.05537e-14
1.77213e-14
2.78589e-14
1.75361e-13
4.05195e-12
6.25768e-11
6.06542e-10
4.06348e-09
1.87375e-08
6.507e-08
1.83888e-07
4.05467e-07
7.07383e-07
9.78047e-07
1.10174e-06
1.11622e-06
1.06793e-06
9.75901e-07
8.54758e-07
7.20276e-07
5.82253e-07
4.53161e-07
3.42467e-07
2.51765e-07
1.8162e-07
1.29993e-07
9.24848e-08
6.56717e-08
4.7139e-08
3.42675e-08
2.49205e-08
1.80766e-08
1.33897e-08
1.01244e-08
7.83214e-09
6.21539e-09
5.06128e-09
4.22922e-09
3.63731e-09
3.21455e-09
2.91521e-09
2.70319e-09
2.56709e-09
2.52025e-09
2.48191e-09
2.4443e-09
2.43476e-09
2.42588e-09
2.42218e-09
1.22558e-15
3.69107e-15
6.17001e-15
9.41134e-15
5.63621e-14
1.48463e-12
2.56393e-11
2.74172e-10
2.01608e-09
9.93766e-09
3.66135e-08
1.089e-07
2.46578e-07
4.30098e-07
5.90625e-07
6.60455e-07
6.63197e-07
6.28085e-07
5.65134e-07
4.84475e-07
3.98366e-07
3.12946e-07
2.36677e-07
1.73481e-07
1.23278e-07
8.6035e-08
5.94846e-08
4.08113e-08
2.79632e-08
1.9403e-08
1.36336e-08
9.60283e-09
6.75482e-09
4.84682e-09
3.55328e-09
2.67595e-09
2.07147e-09
1.64714e-09
1.34853e-09
1.14061e-09
9.9373e-10
8.92275e-10
8.23107e-10
7.76363e-10
7.58636e-10
7.48864e-10
7.37867e-10
7.3488e-10
7.33096e-10
7.32629e-10
4.29701e-16
1.29348e-15
2.15758e-15
3.22377e-15
1.72143e-14
4.94509e-13
9.86272e-12
1.21427e-10
9.60915e-10
5.1671e-09
2.04475e-08
6.32946e-08
1.4831e-07
2.61839e-07
3.55082e-07
3.93246e-07
3.92093e-07
3.66768e-07
3.25147e-07
2.73173e-07
2.18718e-07
1.67148e-07
1.22747e-07
8.68623e-08
5.96869e-08
4.03666e-08
2.68802e-08
1.77537e-08
1.17691e-08
7.87098e-09
5.33434e-09
3.6457e-09
2.48319e-09
1.72161e-09
1.2243e-09
8.97259e-10
6.74365e-10
5.22478e-10
4.19095e-10
3.47519e-10
2.97751e-10
2.64197e-10
2.41612e-10
2.27959e-10
2.23718e-10
2.20227e-10
2.16508e-10
2.15581e-10
2.15165e-10
2.15073e-10
1.50427e-16
4.52246e-16
7.54586e-16
1.09228e-15
4.48813e-15
1.59151e-13
3.83044e-12
5.17953e-11
4.64055e-10
2.70402e-09
1.13491e-08
3.72361e-08
8.937e-08
1.59048e-07
2.12632e-07
2.33402e-07
2.31001e-07
2.13414e-07
1.85871e-07
1.52626e-07
1.18889e-07
8.80316e-08
6.24216e-08
4.27129e-08
2.83317e-08
1.83965e-08
1.18003e-08
7.50438e-09
4.76239e-09
3.05997e-09
1.99906e-09
1.31614e-09
8.62781e-10
5.77961e-10
3.97353e-10
2.81937e-10
2.06578e-10
1.56443e-10
1.22602e-10
9.98678e-11
8.44683e-11
7.41734e-11
6.74961e-11
6.32045e-11
6.17589e-11
6.116e-11
6.02842e-11
6.01467e-11
6.01785e-11
6.02592e-11
5.29276e-17
1.59043e-16
2.65037e-16
3.80243e-16
1.43143e-15
5.62395e-14
1.55378e-12
2.3505e-11
2.2688e-10
1.41809e-09
6.32068e-09
2.16556e-08
5.34603e-08
9.44674e-08
1.26473e-07
1.38243e-07
1.35823e-07
1.2383e-07
1.05625e-07
8.44086e-08
6.39103e-08
4.5746e-08
3.12983e-08
2.06909e-08
1.32091e-08
8.24071e-09
5.06714e-09
3.09023e-09
1.88093e-09
1.15867e-09
7.26834e-10
4.61626e-10
2.91688e-10
1.88233e-10
1.2487e-10
8.58405e-11
6.10477e-11
4.49914e-11
3.44701e-11
2.75476e-11
2.29495e-11
1.99563e-11
1.80728e-11
1.68866e-11
1.64851e-11
1.63742e-11
1.61655e-11
1.61563e-11
1.62034e-11
1.62508e-11
1.86292e-17
5.59212e-17
9.32303e-17
1.32281e-16
3.78795e-16
1.67829e-14
5.94408e-13
1.0407e-11
1.10345e-10
7.47271e-10
3.54529e-09
1.26435e-08
3.19288e-08
5.66063e-08
7.52621e-08
8.17809e-08
7.97069e-08
7.15657e-08
5.95734e-08
4.62405e-08
3.3875e-08
2.33975e-08
1.53996e-08
9.80484e-09
6.01049e-09
3.58028e-09
2.10805e-09
1.229e-09
7.11914e-10
4.18129e-10
2.51638e-10
1.53507e-10
9.27115e-11
5.7622e-11
3.68443e-11
2.44202e-11
1.68653e-11
1.21209e-11
9.07489e-12
7.12738e-12
5.877e-12
5.06992e-12
4.57665e-12
4.27888e-12
4.18397e-12
4.1802e-12
4.13828e-12
4.15056e-12
4.17703e-12
4.19942e-12
6.57119e-18
1.97318e-17
3.28751e-17
4.64685e-17
1.29774e-16
6.40138e-15
2.51339e-13
4.81533e-12
5.56407e-11
3.95242e-10
1.96e-09
7.35225e-09
1.90166e-08
3.36332e-08
4.47368e-08
4.84798e-08
4.66626e-08
4.11724e-08
3.33524e-08
2.50692e-08
1.77359e-08
1.18044e-08
7.48507e-09
4.57837e-09
2.68526e-09
1.529e-09
8.58967e-10
4.77e-10
2.63278e-10
1.47729e-10
8.48607e-11
4.96017e-11
2.88042e-11
1.71785e-11
1.0536e-11
6.74145e-12
4.51361e-12
3.15139e-12
2.30474e-12
1.7806e-12
1.45079e-12
1.24462e-12
1.12487e-12
1.04516e-12
1.01694e-12
1.02672e-12
1.02249e-12
1.02957e-12
1.03982e-12
1.04814e-12
2.31992e-18
6.96539e-18
1.16058e-17
1.63741e-17
4.25677e-17
2.21684e-15
1.00828e-13
2.20279e-12
2.7051e-11
2.05707e-10
1.07963e-09
4.19897e-09
1.12204e-08
1.98358e-08
2.64227e-08
2.85465e-08
2.71864e-08
2.35535e-08
1.85903e-08
1.35117e-08
9.22651e-09
5.9147e-09
3.60651e-09
2.11176e-09
1.18484e-09
6.44911e-10
3.44052e-10
1.81834e-10
9.58621e-11
5.11773e-11
2.80121e-11
1.57337e-11
8.76323e-12
5.00144e-12
2.94782e-12
1.8204e-12
1.17709e-12
7.9798e-13
5.7107e-13
4.33646e-13
3.49728e-13
2.99464e-13
2.71673e-13
2.51569e-13
2.43288e-13
2.47212e-13
2.46784e-13
2.49204e-13
2.52566e-13
2.55184e-13
8.19669e-19
2.46039e-18
4.10147e-18
5.77335e-18
1.25806e-17
6.74606e-16
3.87601e-14
9.9236e-13
1.34719e-11
1.08911e-10
6.0113e-10
2.42457e-09
6.6239e-09
1.18294e-08
1.56604e-08
1.67993e-08
1.578e-08
1.33722e-08
1.02487e-08
7.20176e-09
4.73613e-09
2.91637e-09
1.70187e-09
9.51898e-10
5.0856e-10
2.62009e-10
1.32737e-10
6.65478e-11
3.31241e-11
1.67416e-11
8.73481e-12
4.68376e-12
2.47776e-12
1.35477e-12
7.6567e-13
4.53304e-13
2.84057e-13
1.87974e-13
1.31988e-13
9.9311e-14
8.01513e-14
6.88556e-14
6.28642e-14
5.86544e-14
5.68645e-14
5.81768e-14
5.82438e-14
5.90063e-14
5.99739e-14
6.07506e-14
2.89902e-19
8.7065e-19
1.45134e-18
2.04029e-18
4.42854e-18
2.61434e-16
1.64101e-14
4.61143e-13
6.86462e-12
5.77705e-11
3.31293e-10
1.39817e-09
3.90953e-09
6.99474e-09
9.30794e-09
9.90216e-09
9.1066e-09
7.52613e-09
5.57917e-09
3.78354e-09
2.39949e-09
1.41894e-09
7.92978e-10
4.23158e-10
2.14343e-10
1.04592e-10
5.01339e-11
2.37648e-11
1.1182e-11
5.35648e-12
2.6487e-12
1.35319e-12
6.84949e-13
3.57727e-13
1.93128e-13
1.09997e-13
6.67311e-14
4.30403e-14
2.97335e-14
2.22389e-14
1.79555e-14
1.55039e-14
1.4242e-14
1.34085e-14
1.31289e-14
1.35572e-14
1.36481e-14
1.3877e-14
1.41465e-14
1.43642e-14
1.02633e-19
3.08182e-19
5.13876e-19
7.22259e-19
1.51191e-18
9.23902e-17
6.61965e-15
2.13201e-13
3.37735e-12
3.01706e-11
1.81951e-10
7.94093e-10
2.29112e-09
4.11723e-09
5.49486e-09
5.79937e-09
5.2287e-09
4.20791e-09
3.0199e-09
1.97057e-09
1.204e-09
6.84331e-10
3.65826e-10
1.85609e-10
8.91942e-11
4.1245e-11
1.86083e-11
8.32808e-12
3.71358e-12
1.67869e-12
7.85136e-13
3.83701e-13
1.85469e-13
9.23016e-14
4.77237e-14
2.61999e-14
1.53639e-14
9.68889e-15
6.63167e-15
4.95182e-15
4.02236e-15
3.51109e-15
3.25551e-15
3.08722e-15
3.05873e-15
3.18863e-15
3.22093e-15
3.28542e-15
3.36074e-15
3.42007e-15
3.63658e-20
1.0918e-19
1.82113e-19
2.56101e-19
4.84749e-19
2.85857e-17
2.48539e-15
9.6335e-14
1.70736e-12
1.61396e-11
1.01778e-10
4.57572e-10
1.34666e-09
2.4586e-09
3.25511e-09
3.38786e-09
2.99137e-09
2.32719e-09
1.61037e-09
1.01171e-09
5.93566e-10
3.23378e-10
1.64615e-10
7.92963e-11
3.59376e-11
1.55673e-11
6.61612e-12
2.78331e-12
1.16057e-12
4.92214e-13
2.17818e-13
1.01042e-13
4.60722e-14
2.19239e-14
1.08569e-14
5.71752e-15
3.27362e-15
2.04823e-15
1.40968e-15
1.07158e-15
8.9283e-16
7.96651e-16
7.51015e-16
7.22451e-16
7.26085e-16
7.63031e-16
7.73031e-16
7.90588e-16
8.10158e-16
8.26095e-16
1.2893e-20
3.87285e-20
6.46032e-20
9.07894e-20
1.7533e-19
1.16999e-17
1.07827e-15
4.49952e-14
8.8491e-13
8.65913e-12
5.62633e-11
2.64034e-10
7.94341e-10
1.46032e-09
1.93402e-09
1.97551e-09
1.6962e-09
1.27408e-09
8.47015e-10
5.11955e-10
2.88392e-10
1.50434e-10
7.29679e-11
3.33319e-11
1.42127e-11
5.78223e-12
2.30581e-12
9.09802e-13
3.55654e-13
1.41775e-13
5.89043e-14
2.58451e-14
1.12263e-14
5.09242e-15
2.41127e-15
1.23181e-15
6.95101e-16
4.36002e-16
3.06168e-16
2.39819e-16
2.05747e-16
1.87942e-16
1.80379e-16
1.75958e-16
1.79268e-16
1.89799e-16
1.93151e-16
1.97958e-16
2.03107e-16
2.0738e-16
4.57469e-21
1.37405e-20
2.29281e-20
3.22166e-20
6.25633e-20
4.49076e-18
4.52305e-16
2.09693e-14
4.4403e-13
4.57449e-12
3.09408e-11
1.50445e-10
4.66747e-10
8.57299e-10
1.13992e-09
1.14481e-09
9.53069e-10
6.94849e-10
4.43607e-10
2.56801e-10
1.38953e-10
6.92798e-11
3.19318e-11
1.38034e-11
5.54467e-12
2.11902e-12
7.87944e-13
2.91637e-13
1.07212e-13
4.00434e-14
1.5603e-14
6.50207e-15
2.6866e-15
1.16137e-15
5.29526e-16
2.65217e-16
1.49405e-16
9.58775e-17
7.00974e-17
5.71815e-17
5.07447e-17
4.75299e-17
4.6383e-17
4.56387e-17
4.70002e-17
4.99897e-17
5.09308e-17
5.22394e-17
5.36489e-17
5.48075e-17
1.62465e-21
4.87888e-21
8.14481e-21
1.14635e-20
2.09841e-20
1.4243e-18
1.67398e-16
9.50067e-15
2.26027e-13
2.49386e-12
1.7584e-11
8.71837e-11
2.75662e-10
5.14334e-10
6.72589e-10
6.59945e-10
5.3329e-10
3.74258e-10
2.29091e-10
1.27078e-10
6.57218e-11
3.11385e-11
1.35504e-11
5.51909e-12
2.07418e-12
7.35828e-13
2.56017e-13
8.82452e-14
3.00756e-14
1.04441e-14
3.81721e-15
1.50153e-15
5.84362e-16
2.4266e-16
1.07776e-16
5.36876e-17
3.13563e-17
2.14051e-17
1.67679e-17
1.44732e-17
1.33452e-17
1.28099e-17
1.26998e-17
1.25905e-17
1.30436e-17
1.38629e-17
1.40906e-17
1.44297e-17
1.48012e-17
1.51204e-17
5.77193e-22
1.73418e-21
2.89488e-21
4.07414e-21
7.78748e-21
6.3197e-19
7.70764e-17
4.53784e-15
1.19137e-13
1.36331e-12
9.83936e-12
5.05514e-11
1.62956e-10
3.09553e-10
3.97324e-10
3.78216e-10
2.95285e-10
1.98663e-10
1.16817e-10
6.21431e-11
3.06567e-11
1.37908e-11
5.67063e-12
2.1688e-12
7.61215e-13
2.52219e-13
8.18729e-14
2.62618e-14
8.33755e-15
2.70174e-15
9.19585e-16
3.39965e-16
1.26568e-16
5.05789e-17
2.21538e-17
1.13852e-17
7.12525e-18
5.27375e-18
4.4268e-18
3.99923e-18
3.77977e-18
3.67309e-18
3.66289e-18
3.66192e-18
3.81439e-18
4.04444e-18
4.10792e-18
4.2001e-18
4.30119e-18
4.3925e-18
2.05185e-22
6.16542e-22
1.02953e-21
1.44816e-21
2.8951e-21
2.68768e-19
3.43551e-17
2.16697e-15
6.16378e-14
7.35225e-13
5.4513e-12
2.89968e-11
9.59113e-11
1.81436e-10
2.32598e-10
2.14956e-10
1.6109e-10
1.04714e-10
5.91504e-11
3.0065e-11
1.41744e-11
6.049e-12
2.34534e-12
8.43655e-13
2.76706e-13
8.56219e-14
2.58048e-14
7.72127e-15
2.2915e-15
6.9303e-16
2.19495e-16
7.65364e-17
2.73571e-17
1.06487e-17
4.7321e-18
2.6003e-18
1.78624e-18
1.43796e-18
1.27595e-18
1.18669e-18
1.13498e-18
1.10926e-18
1.10628e-18
1.10826e-18
1.16164e-18
1.2308e-18
1.24885e-18
1.2749e-18
1.30415e-18
1.33118e-18
7.29962e-23
2.19301e-22
3.66337e-22
5.15622e-22
1.06008e-21
1.07968e-19
1.48997e-17
1.03325e-15
3.11801e-14
3.93348e-13
3.02533e-12
1.64688e-11
5.61094e-11
1.06464e-10
1.34835e-10
1.21241e-10
8.71201e-11
5.46053e-11
2.96636e-11
1.4401e-11
6.46035e-12
2.61771e-12
9.56669e-13
3.2136e-13
9.86461e-14
2.85414e-14
7.95995e-15
2.21507e-15
6.16456e-16
1.73598e-16
5.12394e-17
1.69751e-17
5.86816e-18
2.26581e-18
1.06244e-18
6.46504e-19
4.91268e-19
4.24759e-19
3.91104e-19
3.69475e-19
3.55016e-19
3.47909e-19
3.46219e-19
3.46788e-19
3.64817e-19
3.86124e-19
3.90735e-19
3.98288e-19
4.07376e-19
4.15687e-19
2.59825e-23
7.80656e-23
1.30434e-22
1.83956e-22
3.88212e-22
4.28575e-20
6.27046e-18
4.75285e-16
1.60012e-14
2.16902e-13
1.71014e-12
9.42378e-12
3.25303e-11
6.29753e-11
7.72154e-11
6.7161e-11
4.64247e-11
2.78383e-11
1.45038e-11
6.73431e-12
2.86271e-12
1.09201e-12
3.73078e-13
1.16847e-13
3.3198e-14
8.81924e-15
2.28409e-15
5.87407e-16
1.50252e-16
3.91936e-17
1.08459e-17
3.41142e-18
1.14551e-18
4.62446e-19
2.43849e-19
1.70221e-19
1.43552e-19
1.31412e-19
1.23682e-19
1.17808e-19
1.13487e-19
1.11328e-19
1.10493e-19
1.11101e-19
1.16328e-19
1.21702e-19
1.2303e-19
1.25269e-19
1.27805e-19
1.3031e-19
9.25188e-24
2.78078e-23
4.64707e-23
6.55376e-23
1.516e-22
1.98934e-20
2.96609e-18
2.31673e-16
8.42296e-15
1.18332e-13
9.40716e-13
5.28406e-12
1.83359e-11
3.57046e-11
4.2758e-11
3.57492e-11
2.37593e-11
1.36314e-11
6.80981e-12
3.02319e-12
1.2172e-12
4.35702e-13
1.3899e-13
4.05283e-14
1.06382e-14
2.6071e-15
6.23977e-16
1.48338e-16
3.5059e-17
8.50146e-18
2.20398e-18
6.66102e-19
2.26319e-19
1.00847e-19
6.22798e-20
4.94042e-20
4.44908e-20
4.18219e-20
3.97059e-20
3.79087e-20
3.64947e-20
3.57136e-20
3.53945e-20
3.56013e-20
3.71581e-20
3.86063e-20
3.89832e-20
3.96043e-20
4.03384e-20
4.11267e-20
3.29633e-24
9.90825e-24
1.65644e-23
2.33245e-23
4.68647e-23
6.52817e-21
1.18393e-18
1.06548e-16
4.31805e-15
6.25301e-14
4.91492e-13
2.75363e-12
9.41559e-12
1.77521e-11
2.12187e-11
1.70905e-11
1.08741e-11
6.00429e-12
2.86826e-12
1.21427e-12
4.61197e-13
1.54431e-13
4.58916e-14
1.245e-14
3.00502e-15
6.77616e-16
1.48357e-16
3.25758e-17
7.13436e-18
1.61157e-18
3.98075e-19
1.20577e-19
4.39535e-20
2.32565e-20
1.70364e-20
1.48097e-20
1.38163e-20
1.31094e-20
1.24416e-20
1.18404e-20
1.1377e-20
1.11105e-20
1.09707e-20
1.1015e-20
1.14862e-20
1.1881e-20
1.19642e-20
1.21234e-20
1.23348e-20
1.25766e-20
1.1793e-24
3.5473e-24
5.93706e-24
8.54749e-24
9.19975e-23
1.85076e-20
2.17887e-18
1.4118e-16
3.40293e-15
3.22725e-14
2.06057e-13
1.03603e-12
3.07176e-12
5.37448e-12
6.36843e-12
4.93318e-12
2.97506e-12
1.56854e-12
7.09333e-13
2.85777e-13
9.77073e-14
3.04065e-14
8.35198e-15
2.05199e-15
4.41571e-16
9.03808e-17
1.7296e-17
3.46921e-18
7.00494e-19
1.47223e-19
3.72728e-20
1.30982e-20
5.87766e-21
4.10365e-21
3.5109e-21
3.22159e-21
3.04895e-21
2.87335e-21
2.68111e-21
2.52049e-21
2.4155e-21
2.35819e-21
2.30855e-21
2.31764e-21
2.45192e-21
2.51275e-21
2.48782e-21
2.50439e-21
2.55115e-21
2.61418e-21
