0.0514668
0.142917
0.217824
0.283414
0.343726
0.401461
0.458515
0.51616
0.575252
0.636597
0.700543
0.7673
0.837072
0.909637
0.984774
1.06221
1.14143
1.22187
1.30298
1.38408
1.46472
1.54433
1.62193
1.69767
1.77193
1.84331
1.90958
1.97171
2.03219
2.08965
2.14533
2.19907
2.24948
2.29749
2.34447
2.39174
2.43996
2.48748
2.53233
2.5736
2.61021
2.63964
2.65904
2.66717
2.68894
2.73586
2.78991
2.84445
2.89762
2.94711
0.0200687
0.0568002
0.0874941
0.11486
0.140372
0.165018
0.189619
0.21469
0.240619
0.267882
0.296782
0.327464
0.360161
0.395094
0.432174
0.471276
0.512441
0.555329
0.599412
0.644327
0.689649
0.734743
0.779286
0.822977
0.865384
0.906274
0.946094
0.982575
1.01577
1.0467
1.07596
1.10586
1.1338
1.15992
1.18657
1.21459
1.24211
1.26859
1.29477
1.31785
1.33968
1.35851
1.3707
1.37393
1.37918
1.40201
1.43595
1.47254
1.51012
1.54741
0.00807756
0.0230057
0.035693
0.0472473
0.0583008
0.0693089
0.0806271
0.0924874
0.105076
0.118644
0.133331
0.149236
0.166512
0.185235
0.205402
0.227
0.249948
0.274069
0.299074
0.324567
0.350261
0.375741
0.400254
0.423859
0.44664
0.468165
0.48866
0.508487
0.526787
0.543314
0.558868
0.574406
0.589106
0.602601
0.615858
0.62902
0.643091
0.657638
0.67211
0.685764
0.69748
0.70804
0.715867
0.718413
0.716944
0.723686
0.741776
0.76248
0.784
0.803906
0.00312275
0.00898047
0.0140723
0.018828
0.0235305
0.0283976
0.0335747
0.039192
0.0453858
0.0522755
0.0599483
0.0685211
0.0780713
0.0885978
0.10016
0.112767
0.126255
0.140495
0.15531
0.170346
0.185387
0.200155
0.214151
0.227064
0.239
0.249974
0.260364
0.27049
0.28
0.288481
0.296172
0.303852
0.311101
0.317539
0.323739
0.329834
0.335645
0.34208
0.349637
0.357401
0.364418
0.370419
0.374553
0.376408
0.37602
0.378657
0.387773
0.39939
0.411479
0.421703
0.00119226
0.00345789
0.00546279
0.00738159
0.00933985
0.0114412
0.0137632
0.0163781
0.0193685
0.0228203
0.0267982
0.031388
0.0366534
0.0426004
0.0492785
0.0566778
0.0646758
0.0731694
0.0819849
0.0908162
0.0994933
0.107843
0.115668
0.122845
0.129203
0.134752
0.139714
0.144456
0.148959
0.153289
0.157393
0.16134
0.164946
0.168131
0.17117
0.17393
0.176518
0.179143
0.182069
0.185504
0.18925
0.192677
0.195093
0.196155
0.195503
0.196094
0.200577
0.207068
0.213738
0.218863
0.000450817
0.00131066
0.00207858
0.00284158
0.00364438
0.00452644
0.00554236
0.00673202
0.00813685
0.00982131
0.0118446
0.0142517
0.0170914
0.0204159
0.0242302
0.0285112
0.0332384
0.0383035
0.0435257
0.0487286
0.0537667
0.0585002
0.062851
0.0666836
0.0699446
0.0728524
0.0751341
0.0770786
0.0791498
0.0810067
0.0827544
0.0845674
0.0862879
0.0877987
0.0892199
0.0905597
0.0916833
0.0927119
0.0939755
0.095642
0.0974032
0.0989862
0.100238
0.100899
0.100433
0.100335
0.102438
0.105913
0.109483
0.111996
0.000168123
0.000493538
0.000788967
0.00108764
0.00141027
0.00177731
0.00221247
0.00273955
0.00338777
0.0041974
0.00520448
0.00645003
0.00797509
0.00980253
0.011955
0.014434
0.0171901
0.0201512
0.023217
0.0262014
0.0290092
0.0315796
0.0338341
0.0358539
0.0375735
0.0389453
0.0400669
0.0409253
0.0417129
0.0425492
0.0433423
0.0440378
0.0446848
0.045316
0.045908
0.0464753
0.0469328
0.047286
0.0476318
0.0481566
0.0489741
0.0498665
0.0505745
0.0509699
0.0507125
0.0504682
0.0514018
0.0531757
0.054867
0.0558843
6.05203e-05
0.000182269
0.000297792
0.000415387
0.000547622
0.000705791
0.000894852
0.00112934
0.00143017
0.00181714
0.0023167
0.00296274
0.00378133
0.00478537
0.00599986
0.00742779
0.0090305
0.0107554
0.0125202
0.0142129
0.0157486
0.0170669
0.0181628
0.0190896
0.0198678
0.0204517
0.0208687
0.0211827
0.0214255
0.021699
0.0220105
0.0222515
0.0224457
0.0226764
0.0229051
0.0231231
0.023354
0.0235228
0.0236317
0.0237388
0.0239533
0.0243308
0.0247014
0.0249338
0.0248264
0.0246418
0.0250164
0.0258525
0.0265651
0.0268929
1.9979e-05
6.09087e-05
0.000101853
0.000147879
0.000203254
0.000271532
0.000356682
0.000465224
0.000606844
0.000794106
0.00104367
0.00137741
0.00181521
0.00236842
0.00305313
0.00386757
0.00478409
0.0057713
0.00676917
0.00769499
0.00851593
0.00919427
0.0097078
0.0101062
0.0104159
0.0106389
0.0107707
0.0108291
0.0108539
0.0108959
0.010969
0.0110127
0.0110292
0.0110654
0.0111098
0.0111585
0.0112205
0.0112783
0.0113096
0.0113341
0.0114079
0.0115675
0.0117536
0.0118745
0.0118365
0.0117485
0.0119121
0.0122999
0.0125926
0.0126864
5.42984e-06
1.712e-05
3.01297e-05
4.67792e-05
6.89699e-05
9.81894e-05
0.000136503
0.000187179
0.000254949
0.000346362
0.000471452
0.000644398
0.000878896
0.00118345
0.00156874
0.00203259
0.00255457
0.00310972
0.0036613
0.00415447
0.00457531
0.00490875
0.00513484
0.00528501
0.00538221
0.00543826
0.00546253
0.00545269
0.00541617
0.0053844
0.00537028
0.00534645
0.0053105
0.0052872
0.00527207
0.00526316
0.00526273
0.00526554
0.00526171
0.00524985
0.00525177
0.00530098
0.00538079
0.0054397
0.00542759
0.00538414
0.00545206
0.00562114
0.0057297
0.00574447
1.28686e-06
4.18943e-06
7.81618e-06
1.31885e-05
2.13617e-05
3.32606e-05
5.01116e-05
7.35984e-05
0.000106219
0.000151205
0.000214326
0.00030448
0.000430626
0.000598912
0.000816135
0.00108003
0.0013757
0.00168469
0.00198426
0.00224125
0.00244679
0.00259747
0.0026863
0.00272968
0.00274568
0.00274044
0.00272069
0.00269177
0.00265011
0.002608
0.00257536
0.00253918
0.00249862
0.0024666
0.00244098
0.00242116
0.00240752
0.00239861
0.0023891
0.00237459
0.00236036
0.00236764
0.00239772
0.00242261
0.00241693
0.00239532
0.00242089
0.00248892
0.00252415
0.00251966
3.25937e-07
1.03748e-06
1.93962e-06
3.43953e-06
6.09736e-06
1.05401e-05
1.75679e-05
2.82249e-05
4.38797e-05
6.61774e-05
9.83043e-05
0.000145659
0.000213977
0.000307505
0.000430461
0.000580566
0.000746957
0.000917061
0.00107703
0.00120709
0.00130253
0.00136354
0.00139105
0.00139419
0.00138393
0.00136446
0.00133793
0.00130859
0.00127486
0.00124058
0.00121106
0.00118065
0.00114896
0.00112293
0.00110114
0.00108343
0.00107016
0.00106071
0.00105241
0.00104216
0.00103107
0.00102808
0.00103757
0.00104858
0.00104694
0.00103681
0.00104561
0.00107132
0.00108115
0.00107567
1.00107e-07
3.0018e-07
5.21976e-07
8.968e-07
1.66012e-06
3.16076e-06
5.88944e-06
1.05283e-05
1.79499e-05
2.90509e-05
4.55826e-05
7.07049e-05
0.000108007
0.000160319
0.000230279
0.000315664
0.000408728
0.000501256
0.000584798
0.00064788
0.000689269
0.000710345
0.000714178
0.000706179
0.000691501
0.00067292
0.000651212
0.000628577
0.000604719
0.000580955
0.000559702
0.00053879
0.000517711
0.000500158
0.000485398
0.000473089
0.000463385
0.000455903
0.000449763
0.000443597
0.000437143
0.000433185
0.000434866
0.000439303
0.000438972
0.00043429
0.000437052
0.000446276
0.000448524
0.000445377
3.33596e-08
9.7007e-08
1.57857e-07
2.50721e-07
4.54438e-07
9.23262e-07
1.91746e-06
3.84655e-06
7.28726e-06
1.28034e-05
2.14037e-05
3.48896e-05
5.5469e-05
8.49222e-05
0.000124927
0.000173444
0.000225217
0.000274834
0.000316988
0.000345761
0.000361974
0.000367018
0.000363651
0.000354941
0.000342996
0.000329303
0.000314349
0.000299212
0.000283824
0.00026879
0.000255073
0.000241897
0.000229077
0.000218398
0.000209517
0.000202098
0.000196049
0.000191191
0.000187223
0.00018379
0.000180433
0.000177675
0.000177341
0.000178787
0.000178511
0.000176359
0.000177041
0.000180102
0.000180379
0.000178989
1.12097e-08
3.24449e-08
5.13457e-08
7.63339e-08
1.30646e-07
2.72809e-07
6.23286e-07
1.40284e-06
2.96227e-06
5.69101e-06
1.01973e-05
1.75102e-05
2.89923e-05
4.56949e-05
6.87449e-05
9.62788e-05
0.000124788
0.000150858
0.00017096
0.000183012
0.0001883
0.000187902
0.000183581
0.000176866
0.000168605
0.000159555
0.000150118
0.000140826
0.000131591
0.000122686
0.00011452
0.000106763
9.94435e-05
9.34025e-05
8.84132e-05
8.42831e-05
8.08485e-05
7.80386e-05
7.57549e-05
7.39468e-05
7.23079e-05
7.07775e-05
7.02771e-05
7.07561e-05
7.06016e-05
6.96164e-05
6.96885e-05
7.06036e-05
7.0479e-05
6.99533e-05
3.81625e-09
1.0968e-08
1.71301e-08
2.47388e-08
4.05458e-08
8.45754e-08
2.08564e-07
5.21328e-07
1.20105e-06
2.516e-06
4.85869e-06
8.81228e-06
1.51967e-05
2.47327e-05
3.78706e-05
5.34225e-05
6.91118e-05
8.24514e-05
9.17025e-05
9.62567e-05
9.71298e-05
9.54408e-05
9.20174e-05
8.73713e-05
8.20752e-05
7.65874e-05
7.09152e-05
6.54473e-05
6.02434e-05
5.52771e-05
5.07333e-05
4.6503e-05
4.25881e-05
3.93438e-05
3.66769e-05
3.45214e-05
3.26999e-05
3.11939e-05
3.00071e-05
2.90807e-05
2.82713e-05
2.75131e-05
2.71639e-05
2.72521e-05
2.713e-05
2.66867e-05
2.66551e-05
2.6948e-05
2.6838e-05
2.66309e-05
1.28159e-09
3.71285e-09
5.79054e-09
8.08541e-09
1.24133e-08
2.53632e-08
6.6518e-08
1.84342e-07
4.78811e-07
1.10308e-06
2.30512e-06
4.46287e-06
8.04295e-06
1.3478e-05
2.09889e-05
2.97634e-05
3.82582e-05
4.48718e-05
4.89011e-05
5.02271e-05
4.97772e-05
4.81816e-05
4.57616e-05
4.2809e-05
3.95881e-05
3.63317e-05
3.30917e-05
3.00186e-05
2.71403e-05
2.44715e-05
2.20687e-05
1.98559e-05
1.78456e-05
1.61964e-05
1.48464e-05
1.37586e-05
1.28627e-05
1.21255e-05
1.15358e-05
1.10839e-05
1.07118e-05
1.03606e-05
1.01509e-05
1.01419e-05
1.00901e-05
9.91754e-06
9.87188e-06
9.94195e-06
9.88928e-06
9.82311e-06
4.3246e-10
1.2608e-09
1.97912e-09
2.72493e-09
3.98708e-09
7.91573e-09
2.19681e-08
6.74236e-08
1.95117e-07
4.93431e-07
1.11554e-06
2.30053e-06
4.33396e-06
7.42131e-06
1.17495e-05
1.66638e-05
2.11048e-05
2.42707e-05
2.58071e-05
2.59444e-05
2.53011e-05
2.41284e-05
2.25834e-05
2.07999e-05
1.889e-05
1.70064e-05
1.52014e-05
1.3523e-05
1.19869e-05
1.06087e-05
9.39019e-06
8.27828e-06
7.28881e-06
6.48946e-06
5.84087e-06
5.32109e-06
4.90141e-06
4.55995e-06
4.2847e-06
4.07619e-06
3.914e-06
3.76463e-06
3.6597e-06
3.63528e-06
3.61186e-06
3.54672e-06
3.52109e-06
3.53302e-06
3.50943e-06
3.48945e-06
1.45839e-10
4.28302e-10
6.82185e-10
9.33119e-10
1.3073e-09
2.50243e-09
7.37705e-09
2.52746e-08
8.10725e-08
2.2511e-07
5.49196e-07
1.20316e-06
2.36409e-06
4.14938e-06
6.64131e-06
9.34001e-06
1.16031e-05
1.30129e-05
1.34854e-05
1.33039e-05
1.27703e-05
1.19921e-05
1.10417e-05
9.99409e-06
8.89612e-06
7.82964e-06
6.85258e-06
5.96341e-06
5.16911e-06
4.48212e-06
3.88666e-06
3.3532e-06
2.88608e-06
2.5195e-06
2.22595e-06
1.99017e-06
1.80375e-06
1.65467e-06
1.53458e-06
1.44366e-06
1.3754e-06
1.31604e-06
1.26921e-06
1.25168e-06
1.24104e-06
1.21583e-06
1.20587e-06
1.20868e-06
1.19859e-06
1.19281e-06
5.03056e-11
1.47417e-10
2.34511e-10
3.21016e-10
4.41887e-10
8.23312e-10
2.53782e-09
9.57822e-09
3.39564e-08
1.02195e-07
2.68342e-07
6.26915e-07
1.28656e-06
2.31855e-06
3.74733e-06
5.22121e-06
6.32827e-06
6.89639e-06
6.99671e-06
6.78072e-06
6.39887e-06
5.91513e-06
5.35527e-06
4.74953e-06
4.13509e-06
3.56018e-06
3.04447e-06
2.58532e-06
2.19072e-06
1.86024e-06
1.57777e-06
1.33149e-06
1.12165e-06
9.57096e-07
8.27471e-07
7.26562e-07
6.47596e-07
5.85e-07
5.35444e-07
4.98156e-07
4.70004e-07
4.46569e-07
4.27758e-07
4.19699e-07
4.15644e-07
4.06499e-07
4.0145e-07
4.00846e-07
3.97229e-07
3.95217e-07
1.70706e-11
5.03875e-11
8.12537e-11
1.11382e-10
1.49091e-10
2.62651e-10
8.44551e-10
3.58445e-09
1.42197e-08
4.67066e-08
1.31963e-07
3.2831e-07
7.03629e-07
1.29337e-06
2.1078e-06
2.89243e-06
3.4128e-06
3.6318e-06
3.60615e-06
3.43301e-06
3.18782e-06
2.89396e-06
2.56923e-06
2.23265e-06
1.89796e-06
1.59129e-06
1.32564e-06
1.0982e-06
9.07008e-07
7.51292e-07
6.23045e-07
5.13624e-07
4.22055e-07
3.51928e-07
2.97777e-07
2.56099e-07
2.24115e-07
1.99282e-07
1.79779e-07
1.65197e-07
1.54305e-07
1.45694e-07
1.38546e-07
1.34979e-07
1.33598e-07
1.30528e-07
1.28714e-07
1.28253e-07
1.27001e-07
1.26403e-07
5.89137e-12
1.74088e-11
2.81428e-11
3.87239e-11
5.12041e-11
8.62804e-11
2.85173e-10
1.35195e-09
5.95317e-09
2.13463e-08
6.48642e-08
1.71197e-07
3.8326e-07
7.23394e-07
1.18033e-06
1.58952e-06
1.82321e-06
1.89148e-06
1.84379e-06
1.7277e-06
1.5762e-06
1.40424e-06
1.22142e-06
1.0361e-06
8.5819e-07
7.01037e-07
5.67745e-07
4.57103e-07
3.68111e-07
2.97416e-07
2.40419e-07
1.93441e-07
1.55125e-07
1.26153e-07
1.04307e-07
8.79178e-08
7.54435e-08
6.59309e-08
5.86661e-08
5.32531e-08
4.92075e-08
4.61376e-08
4.36121e-08
4.2222e-08
4.17098e-08
4.06814e-08
4.00476e-08
3.98676e-08
3.94537e-08
3.92605e-08
2.01008e-12
5.97783e-12
9.78197e-12
1.35232e-11
1.76873e-11
2.79832e-11
9.3569e-11
4.99092e-10
2.49087e-09
9.76813e-09
3.19105e-08
8.98312e-08
2.09534e-07
4.029e-07
6.57328e-07
8.64608e-07
9.63856e-07
9.78422e-07
9.36732e-07
8.63024e-07
7.73534e-07
6.74595e-07
5.72902e-07
4.74194e-07
3.81922e-07
3.02423e-07
2.37643e-07
1.85826e-07
1.45175e-07
1.14057e-07
8.98557e-08
7.03727e-08
5.49016e-08
4.35337e-08
3.51384e-08
2.89492e-08
2.43608e-08
2.09369e-08
1.83531e-08
1.64569e-08
1.50529e-08
1.40181e-08
1.3195e-08
1.27015e-08
1.25307e-08
1.22413e-08
1.20352e-08
1.19606e-08
1.18407e-08
1.17876e-08
6.95476e-13
2.07248e-12
3.39997e-12
4.72319e-12
6.15088e-12
9.3215e-12
3.11741e-11
1.86679e-10
1.03158e-09
4.4502e-09
1.56876e-08
4.6739e-08
1.13865e-07
2.2439e-07
3.63105e-07
4.65049e-07
5.04569e-07
5.01633e-07
4.72768e-07
4.28767e-07
3.76668e-07
3.2102e-07
2.65829e-07
2.13776e-07
1.67022e-07
1.2834e-07
9.75855e-08
7.38308e-08
5.60362e-08
4.27766e-08
3.27489e-08
2.49744e-08
1.89606e-08
1.46283e-08
1.15173e-08
9.28576e-09
7.64921e-09
6.45378e-09
5.58084e-09
4.94538e-09
4.47721e-09
4.14086e-09
3.87989e-09
3.72334e-09
3.67592e-09
3.59011e-09
3.53007e-09
3.51185e-09
3.47712e-09
3.46183e-09
2.38445e-13
7.13347e-13
1.18181e-12
1.65092e-12
2.15159e-12
3.09068e-12
9.86121e-12
6.61596e-11
4.22454e-10
2.01834e-09
7.67198e-09
2.44393e-08
6.19095e-08
1.24207e-07
1.98811e-07
2.4767e-07
2.61968e-07
2.55679e-07
2.37028e-07
2.11207e-07
1.81874e-07
1.51081e-07
1.21407e-07
9.4747e-08
7.16499e-08
5.31038e-08
3.90257e-08
2.85606e-08
2.09238e-08
1.54714e-08
1.15035e-08
8.50942e-09
6.26659e-09
4.70668e-09
3.61248e-09
2.84398e-09
2.29848e-09
1.90892e-09
1.62753e-09
1.42755e-09
1.28304e-09
1.18054e-09
1.10417e-09
1.05537e-09
1.04071e-09
1.0212e-09
1.00475e-09
9.99503e-10
9.91478e-10
9.88145e-10
8.26744e-14
2.47973e-13
4.11194e-13
5.7664e-13
7.52974e-13
1.05163e-12
3.23115e-12
2.41146e-11
1.71335e-10
9.04972e-10
3.72884e-09
1.25859e-08
3.32976e-08
6.80717e-08
1.07533e-07
1.30278e-07
1.34917e-07
1.29464e-07
1.18214e-07
1.0342e-07
8.70685e-08
7.03703e-08
5.47785e-08
4.12934e-08
3.014e-08
2.15722e-08
1.52739e-08
1.07716e-08
7.63322e-09
5.46217e-09
3.93378e-09
2.82567e-09
2.02027e-09
1.47412e-09
1.10281e-09
8.49808e-10
6.73043e-10
5.4966e-10
4.634e-10
4.02849e-10
3.59606e-10
3.29737e-10
3.08063e-10
2.94954e-10
2.91913e-10
2.86956e-10
2.82852e-10
2.8197e-10
2.80129e-10
2.79402e-10
2.85537e-14
8.57045e-14
1.42933e-13
2.01218e-13
2.64043e-13
3.58138e-13
1.01359e-12
8.24355e-12
6.82631e-11
4.03305e-10
1.79926e-09
6.49563e-09
1.78448e-08
3.70844e-08
5.75329e-08
6.79121e-08
6.8975e-08
6.51827e-08
5.85163e-08
5.01716e-08
4.12386e-08
3.23295e-08
2.42819e-08
1.76411e-08
1.23956e-08
8.516e-09
5.80133e-09
3.93892e-09
2.68035e-09
1.84938e-09
1.28979e-09
8.96556e-10
6.2023e-10
4.40265e-10
3.21326e-10
2.42211e-10
1.88836e-10
1.52446e-10
1.2734e-10
1.10182e-10
9.82725e-11
9.01822e-11
8.44587e-11
8.08017e-11
8.00647e-11
7.9268e-11
7.84195e-11
7.83835e-11
7.81323e-11
7.80722e-11
9.95127e-15
2.99056e-14
4.98234e-14
7.01798e-14
9.24737e-14
1.24115e-13
3.36336e-13
2.96185e-12
2.7269e-11
1.77328e-10
8.57052e-10
3.28635e-09
9.41696e-09
1.97866e-08
3.03312e-08
3.50211e-08
3.50411e-08
3.26334e-08
2.87959e-08
2.41297e-08
1.93019e-08
1.46463e-08
1.06052e-08
7.407e-09
4.99513e-09
3.29688e-09
2.1543e-09
1.40326e-09
9.1846e-10
6.10631e-10
4.11311e-10
2.77015e-10
1.85887e-10
1.28229e-10
9.13849e-11
6.76657e-11
5.2018e-11
4.15871e-11
3.46021e-11
2.99172e-11
2.67167e-11
2.46138e-11
2.31758e-11
2.23018e-11
2.22241e-11
2.21259e-11
2.19646e-11
2.20117e-11
2.20024e-11
2.20204e-11
3.46483e-15
1.04018e-14
1.73661e-14
2.44949e-14
3.2297e-14
4.29059e-14
1.07235e-13
1.00944e-12
1.06375e-11
7.78104e-11
4.09128e-10
1.66619e-09
4.94563e-09
1.05305e-08
1.58274e-08
1.79143e-08
1.7685e-08
1.62487e-08
1.40546e-08
1.14804e-08
8.90348e-09
6.51697e-09
4.53352e-09
3.03804e-09
1.96225e-09
1.23698e-09
7.73989e-10
4.82684e-10
3.01682e-10
1.92286e-10
1.25155e-10
8.15797e-11
5.29015e-11
3.55805e-11
2.48687e-11
1.81412e-11
1.38526e-11
1.10652e-11
9.22552e-12
8.01882e-12
7.21997e-12
6.70616e-12
6.36305e-12
6.17992e-12
6.21945e-12
6.23748e-12
6.22154e-12
6.26203e-12
6.28278e-12
6.30082e-12
1.21387e-15
3.64583e-15
6.07541e-15
8.54963e-15
1.12807e-14
1.49776e-14
3.66305e-14
3.66338e-13
4.27117e-12
3.38031e-11
1.91109e-10
8.32172e-10
2.56506e-09
5.47097e-09
8.13652e-09
9.11004e-09
8.88669e-09
8.05103e-09
6.81428e-09
5.40157e-09
4.0484e-09
2.84723e-09
1.90255e-09
1.22264e-09
7.54315e-10
4.54753e-10
2.71784e-10
1.61743e-10
9.66626e-11
5.91656e-11
3.70898e-11
2.34202e-11
1.47797e-11
9.70785e-12
6.66999e-12
4.83079e-12
3.68758e-12
2.95857e-12
2.48959e-12
2.18909e-12
1.99309e-12
1.87447e-12
1.80052e-12
1.75912e-12
1.77967e-12
1.80214e-12
1.80715e-12
1.82441e-12
1.83679e-12
1.84613e-12
4.26188e-16
1.27975e-15
2.13075e-15
2.99739e-15
3.95799e-15
5.21895e-15
1.20981e-14
1.30683e-13
1.6495e-12
1.4379e-11
8.85584e-11
4.05639e-10
1.30946e-09
2.84081e-09
4.15249e-09
4.58949e-09
4.43431e-09
3.94923e-09
3.27289e-09
2.52116e-09
1.8206e-09
1.23238e-09
7.90623e-10
4.84232e-10
2.8566e-10
1.65187e-10
9.39858e-11
5.32901e-11
3.05933e-11
1.79432e-11
1.08258e-11
6.6577e-12
4.10068e-12
2.63922e-12
1.79781e-12
1.30356e-12
9.99038e-13
8.10496e-13
6.92962e-13
6.17615e-13
5.68924e-13
5.41072e-13
5.24626e-13
5.2156e-13
5.36111e-13
5.44227e-13
5.46682e-13
5.53179e-13
5.58119e-13
5.61609e-13
1.49597e-16
4.48915e-16
7.47767e-16
1.04946e-15
1.37934e-15
1.81803e-15
4.07664e-15
4.52363e-14
6.47101e-13
6.17005e-12
4.07387e-11
2.00707e-10
6.6945e-10
1.46805e-09
2.10536e-09
2.30012e-09
2.20037e-09
1.92605e-09
1.55645e-09
1.16062e-09
8.06521e-10
5.22562e-10
3.19539e-10
1.86943e-10
1.05158e-10
5.76367e-11
3.12358e-11
1.68873e-11
9.20081e-12
5.16396e-12
3.00872e-12
1.79667e-12
1.08031e-12
6.89144e-13
4.70415e-13
3.44861e-13
2.701e-13
2.24596e-13
1.96117e-13
1.7829e-13
1.67192e-13
1.61162e-13
1.58264e-13
1.5757e-13
1.62307e-13
1.66608e-13
1.68222e-13
1.70774e-13
1.72847e-13
1.74298e-13
5.26685e-17
1.5801e-16
2.63052e-16
3.68792e-16
4.83e-16
6.34449e-16
1.40208e-15
1.66125e-14
2.56991e-13
2.64722e-12
1.87514e-11
9.75568e-11
3.38049e-10
7.35708e-10
1.05702e-09
1.14858e-09
1.08779e-09
9.3482e-10
7.33664e-10
5.26626e-10
3.51813e-10
2.17646e-10
1.26783e-10
7.08138e-11
3.78759e-11
1.97125e-11
1.01248e-11
5.20145e-12
2.70166e-12
1.45142e-12
8.16358e-13
4.77033e-13
2.83206e-13
1.80622e-13
1.24974e-13
9.38102e-14
7.54781e-14
6.4454e-14
5.76347e-14
5.34054e-14
5.0824e-14
4.95601e-14
4.91559e-14
4.93062e-14
5.0958e-14
5.25394e-14
5.31765e-14
5.40815e-14
5.48577e-14
5.53954e-14
1.8555e-17
5.56373e-17
9.26501e-17
1.29807e-16
1.68934e-16
2.19608e-16
4.71225e-16
6.0024e-15
1.02064e-13
1.14533e-12
8.71829e-12
4.76184e-11
1.70094e-10
3.72134e-10
5.30228e-10
5.72027e-10
5.35801e-10
4.50763e-10
3.41883e-10
2.35613e-10
1.5041e-10
8.85992e-11
4.89814e-11
2.60268e-11
1.31966e-11
6.47154e-12
3.15006e-12
1.53393e-12
7.54403e-13
3.87515e-13
2.11876e-13
1.21908e-13
7.19437e-14
4.67278e-14
3.33576e-14
2.59522e-14
2.166e-14
1.90681e-14
1.74366e-14
1.64449e-14
1.58757e-14
1.55877e-14
1.55768e-14
1.56896e-14
1.62409e-14
1.6823e-14
1.70503e-14
1.73724e-14
1.76568e-14
1.78553e-14
6.54684e-18
1.9634e-17
3.26857e-17
4.57513e-17
5.9413e-17
7.67575e-17
1.64794e-16
2.25177e-15
4.18778e-14
4.95349e-13
3.96622e-12
2.30474e-11
8.51141e-11
1.85958e-10
2.65365e-10
2.85385e-10
2.62825e-10
2.15849e-10
1.57602e-10
1.0387e-10
6.32434e-11
3.54264e-11
1.86291e-11
9.39567e-12
4.50218e-12
2.08613e-12
9.59194e-13
4.42178e-13
2.07053e-13
1.02443e-13
5.4588e-14
3.12084e-14
1.87051e-14
1.25223e-14
9.28901e-15
7.53445e-15
6.50499e-15
5.86257e-15
5.46114e-15
5.22618e-15
5.09862e-15
5.04557e-15
5.07504e-15
5.07033e-15
5.21194e-15
5.44001e-15
5.53374e-15
5.64858e-15
5.75108e-15
5.82375e-15
2.31197e-18
6.93319e-18
1.15425e-17
1.61552e-17
2.09489e-17
2.69028e-17
5.63265e-17
8.36088e-16
1.658e-14
2.10744e-13
1.79806e-12
1.09125e-11
4.20249e-11
9.1932e-11
1.31673e-10
1.41117e-10
1.28028e-10
1.02492e-10
7.21512e-11
4.53887e-11
2.63359e-11
1.40333e-11
7.00976e-12
3.34196e-12
1.5147e-12
6.64537e-13
2.87607e-13
1.25733e-13
5.65101e-14
2.7013e-14
1.41572e-14
8.18142e-15
5.04889e-15
3.52312e-15
2.72969e-15
2.30494e-15
2.04648e-15
1.8761e-15
1.77159e-15
1.71272e-15
1.6843e-15
1.67695e-15
1.69793e-15
1.68526e-15
1.71505e-15
1.79335e-15
1.82361e-15
1.86194e-15
1.89816e-15
1.92386e-15
8.17112e-19
2.45007e-18
4.07993e-18
5.71117e-18
7.38645e-18
9.37592e-18
1.89791e-17
3.10219e-16
6.80501e-15
9.19892e-14
8.28497e-13
5.24039e-12
2.0748e-11
4.60561e-11
6.55675e-11
6.96666e-11
6.20109e-11
4.81376e-11
3.25147e-11
1.95161e-11
1.07574e-11
5.4313e-12
2.5624e-12
1.15295e-12
4.91415e-13
2.01786e-13
8.24442e-14
3.4191e-14
1.46689e-14
6.83792e-15
3.59611e-15
2.13478e-15
1.37616e-15
1.01851e-15
8.2803e-16
7.23998e-16
6.5984e-16
6.14449e-16
5.85849e-16
5.70283e-16
5.64471e-16
5.62244e-16
5.69548e-16
5.65754e-16
5.73525e-16
5.99153e-16
6.07967e-16
6.20196e-16
6.32127e-16
6.40989e-16
2.89054e-19
8.66941e-19
1.44365e-18
2.02e-18
2.61095e-18
3.29781e-18
6.63802e-18
1.17549e-16
2.83244e-15
3.99467e-14
3.75197e-13
2.50374e-12
1.02263e-11
2.28176e-11
3.27631e-11
3.4443e-11
2.97903e-11
2.23423e-11
1.44088e-11
8.23351e-12
4.32068e-12
2.06792e-12
9.22576e-13
3.91545e-13
1.56466e-13
6.03111e-14
2.3221e-14
9.1579e-15
3.7921e-15
1.74973e-15
9.34693e-16
5.77413e-16
3.93696e-16
3.07494e-16
2.60625e-16
2.33613e-16
2.16543e-16
2.04107e-16
1.95959e-16
1.91392e-16
1.89701e-16
1.88834e-16
1.9061e-16
1.89736e-16
1.9291e-16
2.01678e-16
2.04681e-16
2.08722e-16
2.12739e-16
2.15814e-16
1.02343e-19
3.06924e-19
5.11169e-19
7.15335e-19
9.23934e-19
1.16196e-18
2.28237e-18
4.42969e-17
1.13849e-15
1.70801e-14
1.69443e-13
1.17543e-12
4.99187e-12
1.12363e-11
1.62333e-11
1.68859e-11
1.42066e-11
1.02723e-11
6.33468e-12
3.43464e-12
1.71396e-12
7.79096e-13
3.28579e-13
1.31021e-13
4.92056e-14
1.78704e-14
6.47216e-15
2.43981e-15
9.89882e-16
4.58151e-16
2.52718e-16
1.64555e-16
1.18441e-16
9.64933e-17
8.44966e-17
7.70843e-17
7.21547e-17
6.86864e-17
6.62871e-17
6.48134e-17
6.42638e-17
6.39399e-17
6.43998e-17
6.40083e-17
6.52614e-17
6.83274e-17
6.9274e-17
7.06232e-17
7.20433e-17
7.31303e-17
3.62643e-20
1.08748e-19
1.81145e-19
2.53665e-19
3.2752e-19
4.08809e-19
7.64375e-19
1.66172e-17
4.77974e-16
7.57675e-15
7.86588e-14
5.62919e-13
2.44656e-12
5.63608e-12
8.07589e-12
8.24615e-12
6.73746e-12
4.65216e-12
2.72858e-12
1.40512e-12
6.64117e-13
2.8555e-13
1.13227e-13
4.23889e-14
1.48542e-14
5.02379e-15
1.72482e-15
6.25542e-16
2.50363e-16
1.1907e-16
6.95382e-17
4.80647e-17
3.64353e-17
3.08158e-17
2.76614e-17
2.55635e-17
2.41344e-17
2.3161e-17
2.24368e-17
2.1939e-17
2.17631e-17
2.1634e-17
2.17354e-17
2.16149e-17
2.21049e-17
2.31376e-17
2.34179e-17
2.38582e-17
2.43293e-17
2.47097e-17
1.28584e-20
3.85692e-20
6.42482e-20
8.99438e-20
1.1618e-19
1.44823e-19
2.70223e-19
6.38757e-18
2.03953e-16
3.34553e-15
3.58276e-14
2.69203e-13
1.20411e-12
2.81014e-12
4.03395e-12
4.01563e-12
3.15681e-12
2.07817e-12
1.15448e-12
5.64359e-13
2.52914e-13
1.02835e-13
3.83813e-14
1.34863e-14
4.41007e-15
1.39826e-15
4.55677e-16
1.60781e-16
6.48548e-17
3.22838e-17
2.00196e-17
1.45836e-17
1.15549e-17
1.00453e-17
9.1622e-18
8.54576e-18
8.10992e-18
7.79623e-18
7.57049e-18
7.40515e-18
7.33271e-18
7.27671e-18
7.30219e-18
7.27543e-18
7.47123e-18
7.83358e-18
7.93712e-18
8.08761e-18
8.24793e-18
8.38192e-18
4.56267e-21
1.36853e-20
2.28006e-20
3.19179e-20
4.12204e-20
5.13326e-20
9.50899e-20
2.44401e-18
8.41431e-17
1.4542e-15
1.62525e-14
1.27053e-13
5.897e-13
1.38108e-12
1.99537e-12
1.93964e-12
1.46085e-12
9.22712e-13
4.85601e-13
2.24216e-13
9.536e-14
3.66341e-14
1.28438e-14
4.22865e-15
1.2957e-15
3.87125e-16
1.19986e-16
4.18584e-17
1.74179e-17
9.16489e-18
6.02352e-18
4.58991e-18
3.75683e-18
3.33403e-18
3.08035e-18
2.89356e-18
2.75503e-18
2.64844e-18
2.5741e-18
2.51444e-18
2.48383e-18
2.46302e-18
2.47099e-18
2.45921e-18
2.53416e-18
2.66212e-18
2.69649e-18
2.74783e-18
2.80431e-18
2.85145e-18
1.62029e-21
4.85943e-21
8.09794e-21
1.13472e-20
1.46577e-20
1.81766e-20
3.20465e-20
9.28541e-19
3.59062e-17
6.63587e-16
7.72677e-15
6.14874e-14
2.9109e-13
6.97717e-13
9.8806e-13
9.30069e-13
6.71957e-13
4.02789e-13
2.00337e-13
8.74652e-14
3.50918e-14
1.26405e-14
4.1324e-15
1.27008e-15
3.62199e-16
1.01169e-16
3.04446e-17
1.07139e-17
4.69224e-18
2.65232e-18
1.85582e-18
1.46371e-18
1.21679e-18
1.10565e-18
1.0362e-18
9.82796e-19
9.42334e-19
9.04234e-19
8.78574e-19
8.56192e-19
8.42161e-19
8.34167e-19
8.37187e-19
8.32462e-19
8.58879e-19
9.01141e-19
9.10386e-19
9.26457e-19
9.44831e-19
9.61036e-19
5.75687e-22
1.72698e-21
2.87781e-21
4.0323e-21
5.2131e-21
6.47083e-21
1.16125e-20
3.69573e-19
1.57592e-17
3.00999e-16
3.58441e-15
2.96638e-14
1.43949e-13
3.54363e-13
4.90168e-13
4.4258e-13
3.04941e-13
1.72687e-13
8.13867e-14
3.36438e-14
1.27188e-14
4.29695e-15
1.31229e-15
3.75597e-16
9.99114e-17
2.64609e-17
7.80941e-18
2.83494e-18
1.32895e-18
8.04806e-19
5.89225e-19
4.76818e-19
4.00673e-19
3.69232e-19
3.49075e-19
3.33285e-19
3.21719e-19
3.09139e-19
3.00031e-19
2.91615e-19
2.8553e-19
2.81715e-19
2.81983e-19
2.81528e-19
2.91493e-19
3.05556e-19
3.0864e-19
3.1386e-19
3.19856e-19
3.25442e-19
2.04667e-22
6.14003e-22
1.02334e-21
1.43341e-21
1.85377e-21
2.30324e-21
4.19949e-21
1.46497e-19
6.76878e-18
1.34566e-16
1.64765e-15
1.41591e-14
7.08617e-14
1.74419e-13
2.40786e-13
2.08552e-13
1.35872e-13
7.34239e-14
3.28145e-14
1.27913e-14
4.56943e-15
1.44824e-15
4.12728e-16
1.10407e-16
2.75243e-17
6.9719e-18
2.04192e-18
7.82797e-19
3.95883e-19
2.53832e-19
1.92861e-19
1.58619e-19
1.34072e-19
1.25065e-19
1.18937e-19
1.13991e-19
1.10309e-19
1.06293e-19
1.03023e-19
9.9796e-20
9.7189e-20
9.56012e-20
9.53417e-20
9.52469e-20
9.91709e-20
1.04056e-19
1.05088e-19
1.06799e-19
1.08815e-19
1.10736e-19
7.28126e-23
2.18419e-22
3.64099e-22
5.10141e-22
6.59429e-22
8.18977e-22
1.50077e-21
5.80282e-20
2.84833e-18
5.98952e-17
7.6147e-16
6.70816e-15
3.47229e-14
8.62228e-14
1.17181e-13
9.75713e-14
6.00091e-14
3.08749e-14
1.31151e-14
4.82193e-15
1.61931e-15
4.82552e-16
1.28558e-16
3.19303e-17
7.51247e-18
1.84499e-18
5.46761e-19
2.25444e-19
1.23079e-19
8.24709e-20
6.4424e-20
5.37708e-20
4.54981e-20
4.28369e-20
4.08778e-20
3.92337e-20
3.80553e-20
3.68023e-20
3.55998e-20
3.43629e-20
3.33111e-20
3.27139e-20
3.25051e-20
3.24547e-20
3.39171e-20
3.56006e-20
3.58837e-20
3.64383e-20
3.71449e-20
3.78081e-20
2.59182e-23
7.77512e-23
1.29623e-22
1.81792e-22
2.35201e-22
2.91928e-22
5.34135e-22
2.26397e-20
1.23942e-18
2.79162e-17
3.62897e-16
3.23021e-15
1.69567e-14
4.34135e-14
5.66155e-14
4.49498e-14
2.61979e-14
1.27074e-14
5.11112e-15
1.77567e-15
5.58093e-16
1.54639e-16
3.81737e-17
8.82764e-18
1.94766e-18
4.65138e-19
1.45782e-19
6.61616e-20
3.88489e-20
2.71387e-20
2.16142e-20
1.82087e-20
1.53847e-20
1.46724e-20
1.40712e-20
1.35276e-20
1.31528e-20
1.27623e-20
1.23044e-20
1.18384e-20
1.14459e-20
1.12267e-20
1.1117e-20
1.11373e-20
1.15895e-20
1.20415e-20
1.21287e-20
1.23075e-20
1.25204e-20
1.2738e-20
9.23017e-24
2.76944e-23
4.61748e-23
6.47484e-23
8.38716e-23
1.04341e-22
1.98598e-22
9.33275e-21
5.50035e-19
1.27635e-17
1.67582e-16
1.52929e-15
8.14167e-15
2.12072e-14
2.68141e-14
2.01215e-14
1.11058e-14
5.08395e-15
1.93637e-15
6.35354e-16
1.87237e-16
4.81595e-17
1.10148e-17
2.37732e-18
4.96545e-19
1.18394e-19
4.00925e-20
2.00176e-20
1.24691e-20
8.99366e-21
7.22334e-21
6.11343e-21
5.1882e-21
4.99625e-21
4.82935e-21
4.66001e-21
4.53023e-21
4.39e-21
4.22184e-21
4.05246e-21
3.90791e-21
3.8208e-21
3.77675e-21
3.78443e-21
3.9269e-21
4.05563e-21
4.08119e-21
4.13329e-21
4.19887e-21
4.27237e-21
3.28897e-24
9.86861e-24
1.64571e-23
2.3072e-23
2.98952e-23
3.72156e-23
6.98055e-23
3.56993e-21
2.34364e-19
5.67796e-18
7.48582e-17
6.89356e-16
3.66428e-15
9.33815e-15
1.17185e-14
8.32857e-15
4.33424e-15
1.88713e-15
6.79e-16
2.09719e-16
5.78645e-17
1.38005e-17
2.92165e-18
5.90924e-19
1.18109e-19
2.89225e-20
1.07926e-20
5.9105e-21
3.8714e-21
2.85191e-21
2.30492e-21
1.96336e-21
1.69131e-21
1.64946e-21
1.60998e-21
1.55727e-21
1.51283e-21
1.4598e-21
1.39584e-21
1.33232e-21
1.2806e-21
1.24845e-21
1.22894e-21
1.22893e-21
1.27429e-21
1.31073e-21
1.3153e-21
1.32871e-21
1.34848e-21
1.37238e-21
1.17468e-24
3.5259e-24
5.8831e-24
8.25153e-24
1.06665e-23
1.33595e-23
5.27514e-23
4.09525e-21
1.70577e-19
2.78221e-18
2.98379e-17
2.44772e-16
1.12069e-15
2.64941e-15
3.26065e-15
2.19114e-15
1.06441e-15
4.37159e-16
1.46893e-16
4.25233e-17
1.04799e-17
2.30134e-18
4.48649e-19
8.37156e-20
1.60908e-20
4.3249e-21
1.85331e-21
1.12934e-21
7.81231e-22
5.86346e-22
4.85026e-22
4.24062e-22
3.83329e-22
3.8829e-22
3.79615e-22
3.64449e-22
3.51138e-22
3.33215e-22
3.11535e-22
2.9272e-22
2.79917e-22
2.72339e-22
2.65495e-22
2.65374e-22
2.79335e-22
2.84754e-22
2.80919e-22
2.81949e-22
2.86569e-22
2.93212e-22
