0.0557295
0.154504
0.234931
0.304822
0.368536
0.428949
0.488092
0.547345
0.607628
0.669788
0.734234
0.801208
0.87093
0.943221
1.01788
1.09467
1.17307
1.2526
1.33271
1.41274
1.49228
1.57077
1.64728
1.72194
1.79513
1.86547
1.93079
1.99205
2.05163
2.10822
2.16301
2.21592
2.2656
2.31294
2.35925
2.40582
2.45328
2.50003
2.54414
2.58473
2.62072
2.64967
2.66877
2.67681
2.69815
2.74401
2.79682
2.85012
2.90208
2.95052
0.0262144
0.0738152
0.113091
0.147536
0.179032
0.208809
0.237861
0.266809
0.296126
0.326344
0.357804
0.390679
0.425223
0.461686
0.49999
0.540026
0.58186
0.625176
0.669472
0.714417
0.759619
0.804476
0.848692
0.891992
0.933972
0.974415
1.01376
1.04982
1.08264
1.1132
1.14208
1.17156
1.1991
1.22484
1.25105
1.27853
1.30548
1.33139
1.35696
1.37949
1.40078
1.41912
1.43102
1.43424
1.4394
1.46147
1.49423
1.52955
1.56586
1.60209
0.0139044
0.0392385
0.0602757
0.0788709
0.0960541
0.112517
0.128777
0.14518
0.161963
0.179423
0.197725
0.216973
0.23733
0.258881
0.28162
0.30553
0.330539
0.356484
0.38308
0.409949
0.436835
0.463343
0.488744
0.513141
0.536633
0.558809
0.579916
0.600316
0.619161
0.636206
0.652235
0.668192
0.683257
0.697069
0.710572
0.723921
0.738106
0.752702
0.767168
0.780773
0.792435
0.802921
0.810699
0.813311
0.812005
0.818668
0.836317
0.856461
0.877387
0.896799
0.00762785
0.0216208
0.0333491
0.0438043
0.0536057
0.0631789
0.0727855
0.082637
0.0929306
0.10381
0.115369
0.12773
0.14096
0.155029
0.169991
0.185841
0.202377
0.219465
0.236924
0.254384
0.271646
0.288443
0.30427
0.31884
0.3323
0.34469
0.356433
0.367868
0.378631
0.388283
0.397072
0.405792
0.413987
0.421253
0.428191
0.434947
0.441356
0.448368
0.456485
0.464749
0.472187
0.47853
0.482922
0.484964
0.484705
0.487526
0.496884
0.508696
0.520918
0.531235
0.00433883
0.0123338
0.0190574
0.0250884
0.030809
0.0364864
0.042291
0.048362
0.0548349
0.0618253
0.0693968
0.0776391
0.0865996
0.0962415
0.106595
0.117619
0.129125
0.140984
0.152987
0.16478
0.1762
0.18708
0.19722
0.206505
0.214769
0.222048
0.228616
0.234923
0.24095
0.246765
0.252288
0.257578
0.262397
0.266645
0.270648
0.274254
0.277609
0.280966
0.284632
0.288835
0.293333
0.297412
0.300306
0.301652
0.301058
0.301867
0.307005
0.314284
0.321663
0.327286
0.00253097
0.00716923
0.0110431
0.0145797
0.0179666
0.0213409
0.0248709
0.0286449
0.0327356
0.0372587
0.0422917
0.0478619
0.0540031
0.0607624
0.0680908
0.0759022
0.0841459
0.0926462
0.101136
0.109396
0.117272
0.124608
0.131336
0.137292
0.142443
0.147103
0.150894
0.154248
0.157788
0.161034
0.164113
0.167238
0.170177
0.172753
0.17514
0.17735
0.179216
0.180916
0.182906
0.185403
0.18798
0.190272
0.192083
0.193088
0.192603
0.192612
0.195485
0.200044
0.20462
0.207791
0.00152415
0.00432548
0.006648
0.00874626
0.0107518
0.0127641
0.0148851
0.0171929
0.0197631
0.0226855
0.0260131
0.0297929
0.0340618
0.0388145
0.0440396
0.0496928
0.0556437
0.061753
0.0678475
0.0736307
0.0789995
0.0838997
0.0882337
0.0921702
0.0956106
0.0984791
0.100941
0.102985
0.104933
0.106973
0.108924
0.110675
0.112298
0.113826
0.115233
0.116541
0.117617
0.118483
0.119309
0.120413
0.121972
0.123611
0.124907
0.125668
0.125359
0.125082
0.126701
0.129582
0.132235
0.133798
0.000916015
0.00263946
0.0040868
0.00534829
0.0065587
0.00780476
0.00910166
0.010522
0.0121506
0.0140361
0.0162387
0.0188238
0.0218082
0.0251701
0.0289235
0.0330293
0.0373589
0.0417826
0.0461351
0.0502098
0.0538754
0.0570539
0.0597723
0.0621564
0.0642536
0.0659666
0.0673507
0.0685366
0.0695917
0.0707277
0.0719316
0.072957
0.0738478
0.0747591
0.0756155
0.0764078
0.077185
0.0777909
0.0782401
0.0786663
0.0793109
0.0802741
0.0811835
0.0817727
0.0816363
0.0813456
0.0822207
0.0839851
0.0854216
0.0860671
0.00051506
0.00148385
0.00230635
0.0030681
0.00382489
0.00460759
0.00544423
0.00637266
0.00743901
0.00869138
0.010181
0.0119613
0.0140571
0.0164584
0.0191678
0.0221348
0.0252485
0.0284235
0.0315071
0.0343118
0.0368011
0.0389113
0.0406078
0.0420322
0.043254
0.0442641
0.0450466
0.0456457
0.0461671
0.0467484
0.0474113
0.0479691
0.0484207
0.0488812
0.0493228
0.0497408
0.0501621
0.0505388
0.0508118
0.0510458
0.0514134
0.0520116
0.0526532
0.0530823
0.0530485
0.0528763
0.0534091
0.0545149
0.0553051
0.055552
0.000249157
0.000729184
0.00116068
0.00159684
0.0020616
0.00256196
0.00311375
0.00373687
0.0044572
0.00530693
0.00632804
0.00756882
0.00905396
0.010777
0.0127376
0.014887
0.0171265
0.019376
0.0215264
0.0234251
0.0250701
0.0264373
0.0274692
0.0282769
0.0289348
0.0294676
0.0299023
0.0302261
0.0304628
0.0307243
0.0310501
0.0313217
0.0315218
0.0317302
0.0319345
0.0321322
0.0323351
0.0325248
0.0326632
0.0327494
0.0328807
0.0331926
0.0336034
0.0339076
0.033919
0.0338068
0.0341275
0.0348026
0.0352115
0.0352663
9.69336e-05
0.000295298
0.000497475
0.000731744
0.00100937
0.0013278
0.00169388
0.00211732
0.00261187
0.00319491
0.00389948
0.00476903
0.00582576
0.00706681
0.00848801
0.0100438
0.0116476
0.0132287
0.014709
0.0159767
0.0170277
0.0178661
0.0184614
0.0188842
0.0192094
0.019449
0.0196306
0.019776
0.0198644
0.019954
0.020091
0.0201964
0.0202575
0.0203291
0.0204046
0.0204848
0.0205762
0.0206733
0.020746
0.0207715
0.0207878
0.0209226
0.0211718
0.021372
0.021388
0.0213119
0.021496
0.0218881
0.0220805
0.0220596
2.84941e-05
9.40726e-05
0.000176599
0.000291166
0.00044653
0.000641463
0.000878206
0.00116287
0.00150273
0.00190416
0.00239077
0.00299973
0.00375109
0.00464512
0.00567498
0.00679755
0.00793699
0.00903695
0.010043
0.0108723
0.011522
0.0120043
0.0123179
0.0125106
0.0126408
0.0127211
0.0127635
0.0127923
0.0127938
0.0127912
0.0128201
0.012832
0.0128162
0.0128131
0.012816
0.0128273
0.0128545
0.0128958
0.0129293
0.0129309
0.012915
0.0129628
0.0131049
0.0132444
0.0132692
0.013221
0.0133234
0.0135431
0.0136252
0.0135874
6.37876e-06
2.40435e-05
5.33557e-05
0.000103161
0.000181937
0.000292739
0.000438217
0.000623571
0.000854052
0.00112989
0.0014661
0.00189158
0.00242384
0.00306587
0.00381055
0.00461625
0.00541856
0.00617478
0.00684648
0.00737259
0.0077577
0.00801638
0.00816243
0.00823047
0.00825613
0.0082523
0.00822456
0.00819
0.00814389
0.00809519
0.00806748
0.00803408
0.00798314
0.00794472
0.00791442
0.0078917
0.00788227
0.00788524
0.00789109
0.00788385
0.00786335
0.00786904
0.00793872
0.00803102
0.00805609
0.00802529
0.00808078
0.0082004
0.00823196
0.00820089
1.20401e-06
5.40995e-06
1.47838e-05
3.43358e-05
7.06934e-05
0.000129011
0.00021359
0.000329512
0.000482166
0.000670518
0.000903368
0.00120066
0.00157686
0.00203582
0.00257231
0.00314631
0.00370644
0.00421909
0.00465495
0.00497447
0.0051906
0.00531647
0.00537019
0.00537664
0.00535467
0.00531368
0.00525786
0.00519833
0.00513329
0.0050674
0.00501445
0.0049609
0.00489897
0.00484863
0.00480798
0.00477439
0.00474975
0.00473439
0.00472473
0.00471473
0.00469753
0.00468663
0.00471696
0.00477203
0.00478857
0.00476836
0.00479639
0.00485828
0.00486808
0.00484861
2.23594e-07
1.21214e-06
4.11541e-06
1.14483e-05
2.73232e-05
5.65133e-05
0.000103633
0.000173898
0.000272475
0.000399775
0.000561036
0.000768733
0.00103473
0.00136157
0.00174773
0.00215378
0.00253982
0.0028808
0.00315086
0.00333446
0.00344696
0.00349905
0.00350645
0.00348486
0.00344419
0.00339079
0.00332898
0.00326609
0.00320026
0.00313412
0.00307599
0.00301852
0.0029587
0.00290913
0.00286843
0.00283454
0.00280632
0.00278484
0.00276942
0.00275925
0.00274664
0.00273269
0.00274498
0.00277886
0.00279003
0.00277633
0.00278923
0.00281928
0.0028201
0.00280983
5.47469e-08
3.34147e-07
1.29971e-06
4.15825e-06
1.11637e-05
2.52801e-05
5.08418e-05
9.24661e-05
0.000153432
0.000237207
0.000348208
0.000492944
0.00067974
0.000912732
0.00118675
0.00147212
0.00173788
0.00195966
0.00212299
0.00222303
0.00227286
0.00228655
0.00227362
0.00224037
0.00219529
0.00214386
0.00208584
0.00202795
0.00197073
0.00191367
0.00186211
0.0018122
0.00176198
0.00171909
0.00168319
0.00165415
0.0016287
0.00160793
0.00159331
0.00158358
0.00157334
0.00156155
0.00156521
0.0015835
0.00158921
0.00157989
0.00158608
0.00160195
0.00160064
0.00159488
9.32651e-09
6.93e-08
3.39783e-07
1.32553e-06
4.22138e-06
1.09185e-05
2.41647e-05
4.7644e-05
8.54961e-05
0.000140145
0.000215662
0.000317241
0.000448752
0.000613908
0.000807778
0.00100751
0.00118775
0.00132831
0.00142371
0.00147256
0.00148983
0.00148554
0.0014638
0.00142963
0.00138803
0.0013425
0.00129365
0.001245
0.00119754
0.00115162
0.00110991
0.00106971
0.00103023
0.000996457
0.00096783
0.000944222
0.000924156
0.000907465
0.000894754
0.000886188
0.000878884
0.000869916
0.000868614
0.000877889
0.00088186
0.000876869
0.000878916
0.000886014
0.00088489
0.000882448
1.82827e-09
1.52561e-08
9.17109e-08
4.32355e-07
1.6172e-06
4.77189e-06
1.16817e-05
2.50012e-05
4.81894e-05
8.37129e-05
0.000135189
0.000206467
0.000299717
0.000415433
0.000552994
0.000691486
0.000809939
0.000896732
0.000948002
0.000968342
0.000970325
0.000958893
0.000936556
0.000906121
0.000870275
0.000832268
0.000793055
0.000754291
0.000717219
0.000682395
0.000650703
0.000620152
0.000590809
0.000565816
0.000544522
0.000526754
0.000511884
0.000499477
0.000489491
0.000482601
0.000477559
0.000471566
0.00046882
0.000472647
0.000474928
0.000472236
0.000472762
0.000475666
0.00047479
0.00047386
3.838e-10
3.29858e-09
2.44116e-08
1.39911e-07
6.10132e-07
2.08716e-06
5.72183e-06
1.33196e-05
2.74426e-05
5.05834e-05
8.56285e-05
0.00013559
0.000201652
0.000283721
0.000380888
0.000475053
0.000551298
0.000602105
0.000627141
0.000633482
0.000628707
0.000615435
0.00059517
0.000569748
0.000540541
0.000509954
0.0004798
0.000450308
0.000422516
0.000397189
0.000374211
0.000352323
0.000331565
0.000314247
0.000299492
0.000286937
0.000276613
0.000268048
0.000260941
0.000255819
0.000252265
0.000248546
0.000245887
0.000246893
0.000247956
0.000246285
0.000246529
0.000247959
0.000247295
0.000246983
1.02642e-10
8.57226e-10
7.04555e-09
4.78135e-08
2.47349e-07
9.43086e-07
2.83164e-06
7.13487e-06
1.57103e-05
3.04316e-05
5.39214e-05
8.88193e-05
0.000135497
0.000193783
0.000262171
0.000326009
0.000373456
0.000401251
0.000412852
0.000412529
0.000405143
0.000392811
0.000375969
0.000355443
0.000332701
0.000309675
0.000287222
0.000265498
0.000245629
0.000227952
0.000211915
0.000196958
0.000183095
0.000171368
0.000161442
0.000153205
0.000146419
0.00014077
0.000136119
0.000132687
0.000130225
0.00012788
0.00012603
0.000126284
0.000126872
0.000125934
0.000125736
0.000126181
0.000125813
0.000125644
2.53611e-11
1.73366e-10
1.61317e-09
1.37259e-08
8.7425e-08
3.98575e-07
1.3633e-06
3.77678e-06
8.95967e-06
1.83799e-05
3.4105e-05
5.83918e-05
9.13852e-05
0.000132166
0.000180078
0.00022248
0.000251273
0.000266371
0.000270564
0.00026741
0.000260026
0.000249354
0.000235868
0.000220242
0.000203157
0.000186043
0.000169801
0.000154556
0.000140695
0.000128546
0.000117852
0.000108013
9.89837e-05
9.14396e-05
8.51063e-05
7.98351e-05
7.55335e-05
7.19989e-05
6.90636e-05
6.68462e-05
6.52383e-05
6.38685e-05
6.26412e-05
6.24925e-05
6.27994e-05
6.23063e-05
6.21536e-05
6.22979e-05
6.20926e-05
6.20267e-05
7.8333e-12
4.57156e-11
4.38075e-10
4.36861e-09
3.26611e-08
1.70019e-07
6.57267e-07
2.00627e-06
5.10453e-06
1.10871e-05
2.15581e-05
3.82979e-05
6.14921e-05
9.03481e-05
0.000123441
0.000151168
0.000168126
0.000175597
0.000176376
0.000172624
0.000166047
0.00015744
0.000147111
0.000135359
0.000122878
0.000110728
9.92967e-05
8.87639e-05
7.94955e-05
7.14721e-05
6.4469e-05
5.82002e-05
5.25552e-05
4.78364e-05
4.39283e-05
4.07293e-05
3.81043e-05
3.59679e-05
3.42327e-05
3.28951e-05
3.18979e-05
3.11036e-05
3.03801e-05
3.01847e-05
3.0304e-05
3.00294e-05
2.99204e-05
2.99721e-05
2.98603e-05
2.98235e-05
2.37935e-12
1.04064e-11
9.26392e-11
1.15746e-09
1.08971e-08
6.89141e-08
3.06518e-07
1.04264e-06
2.9062e-06
6.69998e-06
1.36394e-05
2.52276e-05
4.15028e-05
6.16275e-05
8.43676e-05
0.000102118
0.000111798
0.000115285
0.00011452
0.000110912
0.000105543
9.88102e-05
9.10332e-05
8.25418e-05
7.36688e-05
6.51285e-05
5.73188e-05
5.02982e-05
4.41733e-05
3.89958e-05
3.45881e-05
3.06953e-05
2.72573e-05
2.44301e-05
2.2109e-05
2.02149e-05
1.86833e-05
1.74539e-05
1.64552e-05
1.56814e-05
1.50944e-05
1.46499e-05
1.42596e-05
1.40983e-05
1.41346e-05
1.40149e-05
1.3943e-05
1.39448e-05
1.38924e-05
1.38765e-05
7.96866e-13
3.07968e-12
2.43788e-11
3.53958e-10
3.9157e-09
2.8166e-08
1.42837e-07
5.4433e-07
1.63672e-06
4.03058e-06
8.62763e-06
1.65425e-05
2.79252e-05
4.20682e-05
5.74294e-05
6.85533e-05
7.39133e-05
7.52723e-05
7.40477e-05
7.10291e-05
6.67751e-05
6.16656e-05
5.59724e-05
4.98819e-05
4.37011e-05
3.79255e-05
3.26977e-05
2.80932e-05
2.4207e-05
2.09648e-05
1.82456e-05
1.591e-05
1.3883e-05
1.2227e-05
1.08895e-05
9.81782e-06
8.94899e-06
8.2585e-06
7.71198e-06
7.28516e-06
6.95554e-06
6.7111e-06
6.5023e-06
6.40729e-06
6.42065e-06
6.35776e-06
6.31991e-06
6.32145e-06
6.29507e-06
6.2862e-06
2.61024e-13
8.61843e-13
4.65621e-12
7.98165e-11
1.15757e-09
1.0554e-08
6.3276e-08
2.73372e-07
9.19087e-07
2.42139e-06
5.44074e-06
1.08849e-05
1.88066e-05
2.86362e-05
3.89119e-05
4.57746e-05
4.86337e-05
4.89765e-05
4.7691e-05
4.5261e-05
4.2051e-05
3.82543e-05
3.41137e-05
2.98673e-05
2.56598e-05
2.17827e-05
1.83871e-05
1.5467e-05
1.30235e-05
1.10403e-05
9.41736e-06
8.04525e-06
6.88356e-06
5.9564e-06
5.21497e-06
4.62487e-06
4.15668e-06
3.7889e-06
3.4972e-06
3.27201e-06
3.09828e-06
2.97013e-06
2.86632e-06
2.80657e-06
2.80227e-06
2.77839e-06
2.75789e-06
2.75477e-06
2.74433e-06
2.7409e-06
8.89897e-14
2.83373e-13
1.23227e-12
2.30825e-11
3.97504e-10
4.15058e-09
2.85393e-08
1.39347e-07
5.08916e-07
1.44157e-06
3.42003e-06
7.10165e-06
1.2593e-05
1.93864e-05
2.61904e-05
3.03464e-05
3.18465e-05
3.174e-05
3.0623e-05
2.87495e-05
2.63574e-05
2.35945e-05
2.06478e-05
1.77062e-05
1.48883e-05
1.23705e-05
1.02023e-05
8.38084e-06
6.90322e-06
5.72328e-06
4.77495e-06
3.99555e-06
3.34944e-06
2.84026e-06
2.44069e-06
2.12923e-06
1.8829e-06
1.69128e-06
1.54292e-06
1.42845e-06
1.33976e-06
1.27505e-06
1.22423e-06
1.19534e-06
1.19224e-06
1.17995e-06
1.1699e-06
1.16835e-06
1.16368e-06
1.16196e-06
2.99419e-14
9.17683e-14
2.65771e-13
4.82761e-12
1.09996e-10
1.48017e-09
1.21649e-08
6.77871e-08
2.79751e-07
8.56329e-07
2.14056e-06
4.64126e-06
8.41777e-06
1.30916e-05
1.75261e-05
2.00169e-05
2.07618e-05
2.04997e-05
1.95776e-05
1.81673e-05
1.64264e-05
1.44474e-05
1.23793e-05
1.03835e-05
8.53434e-06
6.91648e-06
5.56927e-06
4.46581e-06
3.58185e-06
2.89647e-06
2.36125e-06
1.92945e-06
1.58047e-06
1.31319e-06
1.10653e-06
9.47161e-07
8.24192e-07
7.29646e-07
6.56488e-07
6.00997e-07
5.58747e-07
5.27826e-07
5.04108e-07
4.88478e-07
4.84738e-07
4.80185e-07
4.75753e-07
4.7492e-07
4.73385e-07
4.72839e-07
1.03276e-14
3.15024e-14
7.81514e-14
1.37028e-12
3.7767e-11
5.85486e-10
5.44778e-09
3.39838e-08
1.53085e-07
5.03727e-07
1.33114e-06
3.0008e-06
5.58089e-06
8.7323e-06
1.16288e-05
1.31187e-05
1.34847e-05
1.31961e-05
1.24752e-05
1.14244e-05
1.01681e-05
8.77474e-06
7.35772e-06
6.02623e-06
4.83042e-06
3.81945e-06
2.99636e-06
2.3395e-06
1.82863e-06
1.4413e-06
1.14544e-06
9.13478e-07
7.30821e-07
5.93257e-07
4.89256e-07
4.10868e-07
3.51098e-07
3.05644e-07
2.71196e-07
2.45301e-07
2.25674e-07
2.11475e-07
2.00911e-07
1.93925e-07
1.91922e-07
1.89921e-07
1.87891e-07
1.87402e-07
1.86811e-07
1.86592e-07
3.54402e-15
1.07115e-14
2.14398e-14
2.78192e-13
9.89521e-12
2.01583e-10
2.28298e-09
1.63469e-08
8.2621e-08
2.96541e-07
8.29387e-07
1.94402e-06
3.6919e-06
5.82295e-06
7.67356e-06
8.5576e-06
8.72395e-06
8.46857e-06
7.91269e-06
7.1404e-06
6.24193e-06
5.27589e-06
4.32141e-06
3.45243e-06
2.69614e-06
2.07281e-06
1.58264e-06
1.20179e-06
9.11083e-07
6.97199e-07
5.3986e-07
4.19309e-07
3.26324e-07
2.58697e-07
2.08659e-07
1.71453e-07
1.43794e-07
1.23097e-07
1.07483e-07
9.59046e-08
8.73276e-08
8.11033e-08
7.65461e-08
7.36403e-08
7.28086e-08
7.20199e-08
7.12025e-08
7.10505e-08
7.08894e-08
7.08341e-08
1.23584e-15
3.73517e-15
7.04214e-15
8.01923e-14
3.51193e-12
8.32143e-11
1.05133e-09
8.27173e-09
4.55778e-08
1.73541e-07
5.11047e-07
1.25086e-06
2.42781e-06
3.82812e-06
5.01921e-06
5.56467e-06
5.63035e-06
5.41976e-06
5.00024e-06
4.43365e-06
3.79854e-06
3.13607e-06
2.50894e-06
1.95423e-06
1.48352e-06
1.10954e-06
8.23021e-07
6.06171e-07
4.45928e-07
3.31564e-07
2.4937e-07
1.88429e-07
1.42867e-07
1.10292e-07
8.67194e-08
6.97044e-08
5.72895e-08
4.81044e-08
4.1312e-08
3.63616e-08
3.27183e-08
3.01295e-08
2.83021e-08
2.70486e-08
2.66136e-08
2.63605e-08
2.60558e-08
2.5985e-08
2.59451e-08
2.59396e-08
4.32769e-16
1.30632e-15
2.36394e-15
2.31711e-14
1.1631e-12
3.12395e-11
4.55041e-10
4.0971e-09
2.4166e-08
9.96661e-08
3.12583e-07
7.9201e-07
1.5819e-06
2.5202e-06
3.27076e-06
3.59671e-06
3.61751e-06
3.4469e-06
3.14208e-06
2.74077e-06
2.29747e-06
1.8542e-06
1.44784e-06
1.09535e-06
8.08505e-07
5.8904e-07
4.23446e-07
3.02085e-07
2.1611e-07
1.55731e-07
1.13551e-07
8.3585e-08
6.16473e-08
4.62318e-08
3.54317e-08
2.78408e-08
2.23355e-08
1.83609e-08
1.55054e-08
1.34258e-08
1.19114e-08
1.08557e-08
1.01192e-08
9.67465e-09
9.55032e-09
9.42888e-09
9.29554e-09
9.26372e-09
9.25014e-09
9.24773e-09
1.51147e-16
4.55214e-16
7.84771e-16
4.84529e-15
3.07168e-13
1.13109e-11
1.98377e-10
1.95555e-09
1.29794e-08
5.75727e-08
1.90177e-07
5.06562e-07
1.03226e-06
1.65626e-06
2.12418e-06
2.31817e-06
2.31713e-06
2.18554e-06
1.96392e-06
1.68157e-06
1.37824e-06
1.08377e-06
8.22124e-07
6.04958e-07
4.33696e-07
3.05469e-07
2.12901e-07
1.47182e-07
1.01514e-07
7.07143e-08
4.9959e-08
3.56052e-08
2.54224e-08
1.85206e-08
1.38026e-08
1.05586e-08
8.29239e-09
6.68781e-09
5.53774e-09
4.72151e-09
4.14078e-09
3.73637e-09
3.46371e-09
3.28342e-09
3.22302e-09
3.19438e-09
3.15327e-09
3.14589e-09
3.14663e-09
3.14985e-09
5.31521e-17
1.59952e-16
2.72684e-16
1.46404e-15
1.04996e-13
4.47551e-12
8.99881e-11
9.89165e-10
7.04532e-09
3.33326e-08
1.16144e-07
3.21091e-07
6.69844e-07
1.06813e-06
1.37158e-06
1.49137e-06
1.48173e-06
1.38252e-06
1.22143e-06
1.02291e-06
8.19072e-07
6.26269e-07
4.6122e-07
3.2985e-07
2.29068e-07
1.56063e-07
1.0502e-07
7.01124e-08
4.66953e-08
3.1389e-08
2.14167e-08
1.4793e-08
1.02343e-08
7.22121e-09
5.22211e-09
3.89011e-09
2.97958e-09
2.34858e-09
1.90742e-09
1.59931e-09
1.38328e-09
1.23596e-09
1.13909e-09
1.07565e-09
1.0531e-09
1.04463e-09
1.03121e-09
1.02937e-09
1.0311e-09
1.03318e-09
1.86933e-17
5.61684e-17
9.46046e-17
3.43343e-16
2.60483e-14
1.49478e-12
3.84971e-11
4.87921e-10
3.80188e-09
1.93729e-08
7.13449e-08
2.04229e-07
4.34162e-07
6.94245e-07
8.86068e-07
9.58461e-07
9.46027e-07
8.7175e-07
7.55035e-07
6.17464e-07
4.81173e-07
3.57275e-07
2.54824e-07
1.76651e-07
1.18637e-07
7.77964e-08
5.05067e-08
3.2486e-08
2.07624e-08
1.34073e-08
8.82841e-09
5.88799e-09
3.92051e-09
2.67876e-09
1.87776e-09
1.35661e-09
1.01341e-09
7.81437e-10
6.21625e-10
5.12631e-10
4.3844e-10
3.87836e-10
3.5531e-10
3.34583e-10
3.27102e-10
3.25338e-10
3.21404e-10
3.21472e-10
3.22754e-10
3.23959e-10
6.59222e-18
1.98167e-17
3.32805e-17
1.12453e-16
9.73576e-15
6.35155e-13
1.81205e-11
2.51103e-10
2.12521e-09
1.13104e-08
4.33301e-08
1.29566e-07
2.80856e-07
4.48026e-07
5.71833e-07
6.17065e-07
6.02807e-07
5.47632e-07
4.63913e-07
3.69542e-07
2.79783e-07
2.01481e-07
1.39344e-07
9.34187e-08
6.04712e-08
3.82e-08
2.3854e-08
1.47319e-08
9.04346e-09
5.62056e-09
3.55706e-09
2.28593e-09
1.4716e-09
9.70324e-10
6.56166e-10
4.59968e-10
3.34454e-10
2.51307e-10
1.95623e-10
1.58681e-10
1.3389e-10
1.17397e-10
1.072e-10
9.99728e-11
9.69947e-11
9.70892e-11
9.62424e-11
9.64765e-11
9.70841e-11
9.76253e-11
2.32679e-18
6.99327e-18
1.17255e-17
3.65682e-17
3.34004e-15
2.45638e-13
8.10727e-12
1.27738e-10
1.14577e-09
6.50135e-09
2.62174e-08
8.09081e-08
1.80272e-07
2.87343e-07
3.66988e-07
3.9495e-07
3.82555e-07
3.42444e-07
2.8405e-07
2.20142e-07
1.61873e-07
1.12992e-07
7.56367e-08
4.88934e-08
3.04994e-08
1.85544e-08
1.1098e-08
6.57707e-09
3.88533e-09
2.31551e-09
1.40624e-09
8.72848e-10
5.41838e-10
3.43893e-10
2.24532e-10
1.52564e-10
1.07565e-10
7.86465e-11
5.99165e-11
4.77048e-11
3.97028e-11
3.45594e-11
3.14813e-11
2.91325e-11
2.80232e-11
2.81264e-11
2.78835e-11
2.79831e-11
2.82227e-11
2.84249e-11
8.21875e-19
2.46931e-18
4.13226e-18
1.02731e-17
8.87858e-16
8.28813e-14
3.45737e-12
6.37109e-11
6.29906e-10
3.78894e-09
1.60001e-08
5.09965e-08
1.1577e-07
1.86058e-07
2.36244e-07
2.52688e-07
2.42036e-07
2.12803e-07
1.72371e-07
1.29973e-07
9.26653e-08
6.25703e-08
4.03786e-08
2.51173e-08
1.50448e-08
8.74455e-09
5.01049e-09
2.84242e-09
1.60065e-09
9.10946e-10
5.30985e-10
3.16449e-10
1.87896e-10
1.14891e-10
7.22845e-11
4.72954e-11
3.23781e-11
2.30932e-11
1.72046e-11
1.34815e-11
1.11234e-11
9.61887e-12
8.73591e-12
8.08734e-12
7.76621e-12
7.81789e-12
7.75613e-12
7.79803e-12
7.88003e-12
7.95203e-12
2.90635e-19
8.73854e-19
1.46169e-18
3.55464e-18
3.43612e-16
3.56087e-14
1.62196e-12
3.28137e-11
3.55217e-10
2.21744e-09
9.69313e-09
3.21398e-08
7.43589e-08
1.19583e-07
1.52423e-07
1.61905e-07
1.52406e-07
1.31285e-07
1.03498e-07
7.58133e-08
5.24652e-08
3.42581e-08
2.13252e-08
1.27497e-08
7.3018e-09
4.05603e-09
2.21928e-09
1.20113e-09
6.45269e-10
3.5108e-10
1.95474e-10
1.11656e-10
6.37751e-11
3.74354e-11
2.25992e-11
1.42555e-11
9.44645e-12
6.54504e-12
4.76142e-12
3.66659e-12
2.98548e-12
2.56084e-12
2.31516e-12
2.14498e-12
2.06788e-12
2.09342e-12
2.08405e-12
2.10046e-12
2.12747e-12
2.15127e-12
1.02884e-19
3.0927e-19
5.17349e-19
1.22808e-18
1.23399e-16
1.39957e-14
7.27056e-13
1.68268e-11
1.93528e-10
1.27829e-09
5.85086e-09
1.99816e-08
4.74765e-08
7.65567e-08
9.7757e-08
1.03168e-07
9.55731e-08
8.05621e-08
6.18568e-08
4.3903e-08
2.94685e-08
1.86189e-08
1.11664e-08
6.39849e-09
3.50469e-09
1.86038e-09
9.67332e-10
4.98852e-10
2.5612e-10
1.32679e-10
7.04378e-11
3.86886e-11
2.12042e-11
1.19114e-11
6.9042e-12
4.19601e-12
2.67834e-12
1.79888e-12
1.27791e-12
9.64511e-13
7.74435e-13
6.59891e-13
5.94265e-13
5.4981e-13
5.32877e-13
5.43016e-13
5.4158e-13
5.47201e-13
5.56023e-13
5.63484e-13
3.64532e-20
1.09554e-19
1.83221e-19
3.90086e-19
3.60174e-17
4.76985e-15
3.01351e-13
8.38048e-12
1.07613e-10
7.50781e-10
3.58319e-09
1.2573e-08
3.03856e-08
4.96117e-08
6.28867e-08
6.56096e-08
5.97675e-08
4.8998e-08
3.65196e-08
2.51281e-08
1.63139e-08
9.95446e-09
5.73102e-09
3.1436e-09
1.63932e-09
8.23637e-10
4.07227e-10
1.99398e-10
9.67659e-11
4.7489e-11
2.40399e-11
1.26044e-11
6.55908e-12
3.53303e-12
1.9624e-12
1.13962e-12
7.01728e-13
4.57892e-13
3.17659e-13
2.36127e-13
1.88471e-13
1.60289e-13
1.44444e-13
1.34346e-13
1.31393e-13
1.34914e-13
1.3497e-13
1.36834e-13
1.39417e-13
1.41668e-13
1.29229e-20
3.88661e-20
6.5e-20
1.393e-19
1.48468e-17
2.15114e-15
1.44006e-13
4.31668e-12
6.1514e-11
4.43472e-10
2.17559e-09
7.92928e-09
1.95086e-08
3.19916e-08
4.05517e-08
4.16656e-08
3.71022e-08
2.95545e-08
2.13148e-08
1.42085e-08
8.91898e-09
5.24955e-09
2.90316e-09
1.52275e-09
7.54003e-10
3.59164e-10
1.68247e-10
7.79951e-11
3.5828e-11
1.66826e-11
7.999e-12
3.991e-12
1.98704e-12
1.02188e-12
5.41001e-13
3.01223e-13
1.78636e-13
1.12691e-13
7.61798e-14
5.57036e-14
4.40198e-14
3.73164e-14
3.37192e-14
3.15521e-14
3.11807e-14
3.23539e-14
3.25742e-14
3.3164e-14
3.38985e-14
3.45422e-14
4.58505e-21
1.37882e-20
2.30702e-20
5.055e-20
5.91863e-18
9.13771e-16
6.68088e-14
2.22294e-12
3.40929e-11
2.5814e-10
1.31384e-09
4.94239e-09
1.24843e-08
2.04209e-08
2.59658e-08
2.63211e-08
2.28603e-08
1.77766e-08
1.23992e-08
7.97562e-09
4.84233e-09
2.74445e-09
1.45411e-09
7.28069e-10
3.42595e-10
1.54624e-10
6.82052e-11
2.99334e-11
1.30421e-11
5.74155e-12
2.60408e-12
1.24041e-12
5.89137e-13
2.8845e-13
1.45691e-13
7.77191e-14
4.4186e-14
2.69175e-14
1.77416e-14
1.27411e-14
9.97404e-15
8.45313e-15
7.67257e-15
7.21196e-15
7.21073e-15
7.56513e-15
7.65188e-15
7.82303e-15
8.0277e-15
8.20177e-15
1.62841e-21
4.89568e-21
8.19493e-21
1.72463e-20
1.89617e-18
3.17161e-16
2.7148e-14
1.10471e-12
1.90194e-11
1.53914e-10
8.14755e-10
3.12224e-09
8.02013e-09
1.32787e-08
1.66417e-08
1.65553e-08
1.40378e-08
1.05828e-08
7.1311e-09
4.42793e-09
2.58939e-09
1.40668e-09
7.1025e-10
3.38194e-10
1.50464e-10
6.37266e-11
2.6542e-11
1.09626e-11
4.47725e-12
1.85081e-12
7.93502e-13
3.58417e-13
1.60598e-13
7.50081e-14
3.6114e-14
1.82701e-14
9.96602e-15
5.8845e-15
3.79984e-15
2.70856e-15
2.1282e-15
1.82071e-15
1.67536e-15
1.59411e-15
1.61534e-15
1.71173e-15
1.73708e-15
1.78191e-15
1.83359e-15
1.87857e-15
5.78491e-22
1.7404e-21
2.91306e-21
6.30663e-21
8.39522e-19
1.53978e-16
1.36726e-14
5.78242e-13
1.09992e-11
9.23148e-11
4.99494e-10
1.97569e-09
5.15407e-09
8.65059e-09
1.06717e-08
1.03583e-08
8.54124e-09
6.21994e-09
4.05587e-09
2.43279e-09
1.36747e-09
7.11321e-10
3.42482e-10
1.5457e-10
6.48576e-11
2.59033e-11
1.01619e-11
3.94146e-12
1.51315e-12
5.89015e-13
2.37145e-13
1.01149e-13
4.32433e-14
1.9157e-14
8.73534e-15
4.21587e-15
2.20428e-15
1.25832e-15
7.95724e-16
5.63409e-16
4.43632e-16
3.82702e-16
3.56367e-16
3.44532e-16
3.54568e-16
3.79405e-16
3.87203e-16
3.98602e-16
4.11153e-16
4.22337e-16
2.05632e-22
6.18735e-22
1.03624e-21
2.38075e-21
3.73235e-19
7.19489e-17
6.6956e-15
3.0341e-13
6.25688e-12
5.46773e-11
3.03148e-10
1.23685e-09
3.29687e-09
5.5e-09
6.78091e-09
6.42814e-09
5.12681e-09
3.63095e-09
2.29082e-09
1.32304e-09
7.15972e-10
3.56263e-10
1.63231e-10
6.99147e-11
2.76632e-11
1.04087e-11
3.82633e-12
1.39573e-12
5.04766e-13
1.84866e-13
6.97964e-14
2.81667e-14
1.14778e-14
4.82031e-15
2.0855e-15
9.602e-16
4.80362e-16
2.65248e-16
1.64673e-16
1.15974e-16
9.16503e-17
7.99324e-17
7.5206e-17
7.3548e-17
7.71034e-17
8.33878e-17
8.54982e-17
8.82804e-17
9.12848e-17
9.39533e-17
7.31544e-23
2.20064e-22
3.68813e-22
9.04071e-22
1.58046e-19
3.17911e-17
3.19289e-15
1.59098e-13
3.47932e-12
3.20746e-11
1.83881e-10
7.6555e-10
2.09282e-09
3.49089e-09
4.26049e-09
3.95324e-09
3.04727e-09
2.09519e-09
1.27992e-09
7.11462e-10
3.69288e-10
1.7587e-10
7.66183e-11
3.09484e-11
1.15566e-11
4.09702e-12
1.40603e-12
4.80774e-13
1.64082e-13
5.63486e-14
1.99459e-14
7.64444e-15
2.96688e-15
1.1779e-15
4.84811e-16
2.13536e-16
1.0205e-16
5.46124e-17
3.3554e-17
2.36539e-17
1.88991e-17
1.67651e-17
1.59618e-17
1.57852e-17
1.682e-17
1.83482e-17
1.88465e-17
1.95056e-17
2.02274e-17
2.08522e-17
2.6038e-23
7.83371e-23
1.31341e-22
3.38546e-22
6.51905e-20
1.3708e-17
1.46314e-15
7.97714e-14
1.94518e-12
1.92367e-11
1.12859e-10
4.74764e-10
1.31075e-09
2.21753e-09
2.63249e-09
2.3797e-09
1.77812e-09
1.17888e-09
6.95843e-10
3.72767e-10
1.84872e-10
8.36823e-11
3.44261e-11
1.30898e-11
4.57273e-12
1.50441e-12
4.83308e-13
1.54078e-13
4.87826e-14
1.56271e-14
5.2003e-15
1.87853e-15
6.84731e-16
2.58259e-16
1.00851e-16
4.20299e-17
1.94259e-17
1.02754e-17
6.38647e-18
4.64827e-18
3.85494e-18
3.52643e-18
3.42299e-18
3.45386e-18
3.70749e-18
4.02072e-18
4.14391e-18
4.29726e-18
4.45343e-18
4.59388e-18
9.27059e-24
2.79059e-23
4.68168e-23
1.35405e-22
3.13905e-20
6.9098e-18
7.5152e-16
4.22876e-14
1.11559e-12
1.14375e-11
6.73578e-11
2.87023e-10
7.91466e-10
1.33905e-09
1.55867e-09
1.36559e-09
9.88592e-10
6.31779e-10
3.60238e-10
1.85979e-10
8.79922e-11
3.77158e-11
1.46344e-11
5.2291e-12
1.70271e-12
5.21288e-13
1.55985e-13
4.62787e-14
1.36255e-14
4.0788e-15
1.27189e-15
4.33869e-16
1.50366e-16
5.38633e-17
1.99464e-17
7.97545e-18
3.60874e-18
1.92067e-18
1.23568e-18
9.44708e-19
8.16852e-19
7.68243e-19
7.5919e-19
7.75543e-19
8.35822e-19
9.01268e-19
9.298e-19
9.63077e-19
9.97037e-19
1.02903e-18
3.30267e-24
9.94246e-24
1.66569e-23
3.50979e-23
8.24342e-21
2.47406e-18
3.31513e-16
2.1534e-14
6.28096e-13
6.54438e-12
3.76406e-11
1.58759e-10
4.28388e-10
6.9887e-10
8.14563e-10
6.93094e-10
4.84029e-10
2.99633e-10
1.6458e-10
8.17052e-11
3.66912e-11
1.48379e-11
5.41955e-12
1.8182e-12
5.48318e-13
1.55618e-13
4.28981e-14
1.18279e-14
3.24303e-15
9.06687e-16
2.67393e-16
8.78726e-17
2.91252e-17
9.99781e-18
3.5481e-18
1.38232e-18
6.27599e-19
3.5029e-19
2.42804e-19
1.98752e-19
1.80185e-19
1.74091e-19
1.73968e-19
1.78628e-19
1.92645e-19
2.06457e-19
2.1247e-19
2.19448e-19
2.26825e-19
2.33953e-19
1.18328e-24
3.56599e-24
6.21274e-24
1.52854e-22
4.66852e-20
7.60674e-18
6.3565e-16
2.9089e-14
4.94483e-13
3.36288e-12
1.58273e-11
6.05326e-11
1.42757e-10
2.16691e-10
2.51851e-10
2.07808e-10
1.38653e-10
8.25317e-11
4.3275e-11
2.06455e-11
8.40876e-12
3.19287e-12
1.09074e-12
3.3478e-13
9.07092e-14
2.35938e-14
5.74257e-15
1.45877e-15
3.70898e-16
9.62323e-17
2.8008e-17
9.53744e-18
3.03482e-18
1.00485e-18
3.42628e-19
1.3482e-19
6.73165e-20
4.45297e-20
3.60463e-20
3.25411e-20
3.11922e-20
3.09684e-20
3.10393e-20
3.19527e-20
3.48171e-20
3.68478e-20
3.72704e-20
3.81974e-20
3.94516e-20
4.08005e-20
