0.0505212
0.140341
0.21401
0.278628
0.338162
0.395274
0.451832
0.509084
0.567873
0.628997
0.692792
0.759462
0.829208
0.901798
0.977008
1.05456
1.13393
1.21456
1.29588
1.3772
1.45807
1.53792
1.61576
1.69174
1.76624
1.83785
1.90433
1.96666
2.02734
2.085
2.14088
2.19481
2.24539
2.29355
2.34069
2.38813
2.43652
2.48423
2.52926
2.57071
2.60746
2.63702
2.65649
2.66464
2.68652
2.7337
2.78806
2.84291
2.89637
2.94611
0.0188928
0.0535317
0.0825571
0.108529
0.132841
0.156438
0.180104
0.204337
0.22951
0.25609
0.284371
0.3145
0.346703
0.381202
0.417905
0.456687
0.497587
0.540261
0.584179
0.628972
0.674208
0.719246
0.763757
0.807434
0.84984
0.890737
0.930571
0.967063
1.00026
1.0312
1.06047
1.09039
1.11835
1.14449
1.17118
1.19926
1.22687
1.25343
1.2797
1.30287
1.3248
1.34371
1.35595
1.35918
1.36444
1.38742
1.42159
1.45843
1.49625
1.53371
0.00719909
0.020541
0.0319318
0.0423661
0.0524151
0.0624966
0.0729399
0.0839623
0.0957422
0.108524
0.122444
0.137606
0.154162
0.17219
0.191693
0.212661
0.235017
0.258585
0.283079
0.308106
0.333372
0.358464
0.382627
0.405907
0.428385
0.449627
0.469851
0.489417
0.507468
0.52376
0.53909
0.554415
0.568918
0.58224
0.595343
0.608368
0.622315
0.636754
0.651132
0.664712
0.676369
0.686883
0.694675
0.697188
0.695684
0.702396
0.720476
0.741188
0.762723
0.782627
0.00262136
0.00755742
0.0118749
0.0159393
0.019994
0.0242307
0.0287802
0.0337623
0.0393046
0.0455226
0.0525038
0.0603648
0.0691862
0.0789753
0.0897953
0.101662
0.114422
0.127956
0.142093
0.156486
0.170922
0.185124
0.198599
0.211039
0.222536
0.233101
0.243096
0.252835
0.261972
0.270105
0.27747
0.284831
0.291783
0.297961
0.303922
0.309796
0.315402
0.321629
0.328967
0.336523
0.343361
0.349212
0.353239
0.35503
0.354617
0.357175
0.366113
0.377533
0.389438
0.399515
0.000944479
0.00274739
0.00435472
0.00590741
0.0075085
0.00924541
0.0111855
0.0133933
0.015944
0.0189176
0.0223777
0.0264079
0.0310733
0.0363874
0.0424031
0.0491181
0.0564255
0.0642316
0.0723751
0.0805662
0.0886385
0.0964221
0.103724
0.110423
0.11635
0.121509
0.126111
0.130498
0.134654
0.138644
0.14242
0.146051
0.149368
0.152298
0.155102
0.157652
0.160048
0.162485
0.165213
0.168435
0.171963
0.175197
0.177475
0.178463
0.177815
0.178351
0.182607
0.188804
0.195193
0.200113
0.000338496
0.000987331
0.00157159
0.00215805
0.00278205
0.00347562
0.00428374
0.00524067
0.00638314
0.00776797
0.00944933
0.0114712
0.0138816
0.0167317
0.0200326
0.0237706
0.0279316
0.0324214
0.0370783
0.0417392
0.046266
0.0505262
0.0544427
0.0578887
0.0608098
0.063404
0.0654223
0.0671252
0.068939
0.0705537
0.0720678
0.0736446
0.0751424
0.0764574
0.0776982
0.0788723
0.0798549
0.0807549
0.0818731
0.083364
0.0849477
0.0863747
0.0875037
0.088092
0.0876466
0.0875371
0.0894507
0.0926409
0.0959367
0.0982636
0.000120066
0.000353725
0.000567808
0.000786669
0.00102594
0.0013015
0.00163209
0.00203714
0.00254104
0.00317767
0.00397874
0.0049812
0.00622296
0.00772739
0.00951851
0.011602
0.0139394
0.0164702
0.0191076
0.0216867
0.0241192
0.026347
0.0282974
0.0300392
0.0315131
0.0326769
0.0336168
0.0343206
0.0349579
0.0356354
0.0362745
0.03683
0.0373462
0.0378544
0.038333
0.0387948
0.039165
0.0394472
0.0397251
0.0401615
0.0408571
0.0416222
0.0422297
0.0425651
0.0423279
0.0421006
0.0429087
0.044465
0.0459592
0.0468617
4.14393e-05
0.000125219
0.0002054
0.000287928
0.000381847
0.000495576
0.000633151
0.000805853
0.00103009
0.00132204
0.00170363
0.00220334
0.00284453
0.00364042
0.00461436
0.00577187
0.00708361
0.00850697
0.00997255
0.011384
0.0126662
0.0137651
0.0146734
0.0154356
0.0160688
0.0165345
0.016856
0.0170882
0.0172579
0.0174516
0.0176772
0.0178447
0.0179746
0.0181388
0.0183044
0.0184638
0.0186366
0.0187602
0.0188355
0.0189107
0.0190762
0.0193798
0.0196804
0.0198673
0.0197709
0.0196091
0.0199156
0.0206137
0.0212138
0.0214911
1.33364e-05
4.06992e-05
6.81527e-05
9.9204e-05
0.000136915
0.000183964
0.000243359
0.000320051
0.000421432
0.000557277
0.000740744
0.000989468
0.00132021
0.00174348
0.00227388
0.00291203
0.00363734
0.00442489
0.00522571
0.00597091
0.00663148
0.00717476
0.00758138
0.00789157
0.00812722
0.00829042
0.00837812
0.00840502
0.00840362
0.00841525
0.00845184
0.0084655
0.00845857
0.00846954
0.00848911
0.00851371
0.00855058
0.00858571
0.008601
0.00861198
0.00866238
0.00878166
0.00892348
0.00901492
0.00898071
0.00890665
0.00903285
0.00934025
0.00957449
0.0096499
3.67968e-06
1.14997e-05
2.00272e-05
3.08405e-05
4.52941e-05
6.45367e-05
9.0135e-05
0.000124493
0.000171132
0.000234994
0.000323684
0.000448136
0.000619367
0.000844765
0.00113367
0.00148564
0.00188572
0.0023145
0.00274275
0.0031262
0.00345247
0.00370874
0.00387892
0.00398778
0.00405363
0.00408638
0.00409365
0.00407386
0.00403295
0.00399543
0.00397149
0.00394058
0.00390122
0.00387288
0.00385198
0.00383687
0.00382915
0.00382477
0.00381626
0.00380241
0.00379932
0.00383211
0.00388871
0.00393036
0.00391897
0.00388401
0.0039332
0.0040601
0.00414241
0.00415361
9.69515e-07
3.04503e-06
5.42884e-06
8.79693e-06
1.38681e-05
2.1327e-05
3.20775e-05
4.73417e-05
6.89314e-05
9.92381e-05
0.000142478
0.000205252
0.000294477
0.000415205
0.000573178
0.000767446
0.00098729
0.00121867
0.00144389
0.00163698
0.00179041
0.00190114
0.00196387
0.00199125
0.00199719
0.00198681
0.00196531
0.00193678
0.00189869
0.00186025
0.00182884
0.00179514
0.00175879
0.00172951
0.00170564
0.00168662
0.00167262
0.00166253
0.00165252
0.00163941
0.00162678
0.00162963
0.00164909
0.00166529
0.00165997
0.00164337
0.0016606
0.00170885
0.00173405
0.00173071
2.88445e-07
8.71521e-07
1.49818e-06
2.42255e-06
3.99491e-06
6.63625e-06
1.09011e-05
1.75231e-05
2.74757e-05
4.19622e-05
6.32463e-05
9.51981e-05
0.000142091
0.000207245
0.000294117
0.000401489
0.000521664
0.000645279
0.000761815
0.000856228
0.000924679
0.000967152
0.000984502
0.000983617
0.000972667
0.000954963
0.000932124
0.000907258
0.000879303
0.000851032
0.000826219
0.000800991
0.000775218
0.0007539
0.00073598
0.000721272
0.000709936
0.0007015
0.000694126
0.000685705
0.000676905
0.000673663
0.000678989
0.000685575
0.000683793
0.00067634
0.000681778
0.00069896
0.000705541
0.000701702
9.6091e-08
2.80077e-07
4.53183e-07
6.91321e-07
1.12792e-06
1.97424e-06
3.54448e-06
6.29009e-06
1.08114e-05
1.7757e-05
2.83453e-05
4.47803e-05
6.96544e-05
0.000105088
0.000153171
0.000212589
0.000277942
0.00034324
0.00040221
0.000446388
0.000474763
0.000488304
0.000489369
0.000481925
0.000469698
0.000454774
0.000437711
0.000420063
0.000401647
0.0003834
0.000366947
0.000350866
0.000334894
0.000321571
0.000310361
0.000300997
0.000293528
0.000287659
0.000282806
0.000278085
0.000273297
0.000270164
0.000270694
0.000273096
0.000272546
0.000269257
0.00027078
0.000276575
0.000277949
0.000275854
3.25517e-08
9.40114e-08
1.4742e-07
2.11737e-07
3.27439e-07
5.7932e-07
1.12078e-06
2.20545e-06
4.20911e-06
7.52618e-06
1.28459e-05
2.13982e-05
3.47361e-05
5.41493e-05
8.09202e-05
0.000113791
0.000149161
0.00018317
0.000211977
0.000231349
0.000241842
0.000244453
0.000241203
0.000234273
0.000225141
0.000214881
0.000203835
0.000192731
0.00018153
0.00017065
0.000160704
0.000151202
0.00014206
0.000134455
0.000128135
0.000122863
0.000118554
0.000115065
0.000112199
0.000109735
0.000107382
0.00010543
0.000104972
0.00010564
0.000105313
0.000103875
0.000104177
0.000105977
0.000106106
0.000105223
1.09589e-08
3.17655e-08
4.95413e-08
6.87069e-08
1.00239e-07
1.73603e-07
3.54253e-07
7.69754e-07
1.63546e-06
3.21082e-06
5.90024e-06
1.03937e-05
1.76271e-05
2.83448e-05
4.33708e-05
6.15404e-05
8.04909e-05
9.78388e-05
0.000111107
0.000118847
0.000121956
0.000121195
0.000117807
0.00011285
0.000106897
0.000100476
9.38562e-05
8.73853e-05
8.10039e-05
7.48946e-05
6.93036e-05
6.40246e-05
5.90913e-05
5.5034e-05
5.16921e-05
4.89344e-05
4.66472e-05
4.47732e-05
4.32441e-05
4.20267e-05
4.09403e-05
3.99379e-05
3.95377e-05
3.97202e-05
3.95616e-05
3.89383e-05
3.89318e-05
3.94316e-05
3.93403e-05
3.90211e-05
3.7342e-09
1.07756e-08
1.67326e-08
2.29722e-08
3.24069e-08
5.44185e-08
1.15125e-07
2.7342e-07
6.33525e-07
1.3612e-06
2.70795e-06
5.05839e-06
8.964e-06
1.4919e-05
2.32591e-05
3.32534e-05
4.33983e-05
5.20057e-05
5.78849e-05
6.06304e-05
6.0939e-05
5.95722e-05
5.70958e-05
5.38554e-05
5.02266e-05
4.65135e-05
4.27208e-05
3.9094e-05
3.56693e-05
3.24275e-05
2.94743e-05
2.6744e-05
2.42422e-05
2.21816e-05
2.04966e-05
1.91397e-05
1.79996e-05
1.70593e-05
1.63156e-05
1.57319e-05
1.52278e-05
1.47626e-05
1.45253e-05
1.45345e-05
1.44391e-05
1.41745e-05
1.41378e-05
1.42863e-05
1.42179e-05
1.40981e-05
1.25541e-09
3.65537e-09
5.7104e-09
7.75164e-09
1.0512e-08
1.68598e-08
3.59975e-08
9.24643e-08
2.40765e-07
5.71387e-07
1.23622e-06
2.47624e-06
4.6019e-06
7.90355e-06
1.25466e-05
1.80364e-05
2.33756e-05
2.75064e-05
2.99569e-05
3.066e-05
3.02294e-05
2.9081e-05
2.74313e-05
2.54684e-05
2.33598e-05
2.12545e-05
1.91847e-05
1.72406e-05
1.54358e-05
1.37768e-05
1.22928e-05
1.09375e-05
9.71914e-06
8.72763e-06
7.92203e-06
7.27687e-06
6.74896e-06
6.31658e-06
5.97092e-06
5.705e-06
5.48712e-06
5.28521e-06
5.15898e-06
5.1394e-06
5.1016e-06
5.00381e-06
4.97298e-06
5.00491e-06
4.97449e-06
4.93789e-06
4.24324e-10
1.24275e-09
1.95899e-09
2.65546e-09
3.51658e-09
5.41929e-09
1.16456e-08
3.22943e-08
9.35047e-08
2.44711e-07
5.75725e-07
1.234e-06
2.40571e-06
4.23019e-06
6.83546e-06
9.82727e-06
1.25364e-05
1.44451e-05
1.53248e-05
1.533e-05
1.4857e-05
1.40674e-05
1.30637e-05
1.19297e-05
1.07337e-05
9.56919e-06
8.46731e-06
7.45443e-06
6.53648e-06
5.72091e-06
5.00589e-06
4.35987e-06
3.79148e-06
3.33689e-06
2.97151e-06
2.68115e-06
2.44851e-06
2.26047e-06
2.10957e-06
1.99511e-06
1.90612e-06
1.8256e-06
1.76801e-06
1.75098e-06
1.73579e-06
1.701e-06
1.68608e-06
1.69051e-06
1.67788e-06
1.66732e-06
1.43447e-10
4.2271e-10
6.76298e-10
9.1808e-10
1.19362e-09
1.76699e-09
3.82149e-09
1.15314e-08
3.70021e-08
1.06891e-07
2.72838e-07
6.24016e-07
1.27318e-06
2.29965e-06
3.75983e-06
5.35728e-06
6.69475e-06
7.51043e-06
7.75266e-06
7.60066e-06
7.24261e-06
6.74584e-06
6.15584e-06
5.51825e-06
4.86037e-06
4.23011e-06
3.6604e-06
3.1487e-06
2.69677e-06
2.3102e-06
1.97862e-06
1.68489e-06
1.43088e-06
1.23387e-06
1.07791e-06
9.53965e-07
8.56857e-07
7.79831e-07
7.18243e-07
6.71737e-07
6.36848e-07
6.06901e-07
5.83254e-07
5.73631e-07
5.67635e-07
5.55088e-07
5.49797e-07
5.50739e-07
5.45735e-07
5.42848e-07
4.95027e-11
1.45591e-10
2.32739e-10
3.17278e-10
4.10611e-10
5.92491e-10
1.28316e-09
4.16229e-09
1.47633e-08
4.64599e-08
1.28257e-07
3.1421e-07
6.71887e-07
1.24869e-06
2.0631e-06
2.91051e-06
3.54287e-06
3.85506e-06
3.89004e-06
3.74194e-06
3.50147e-06
3.20687e-06
2.87423e-06
2.52134e-06
2.16905e-06
1.84423e-06
1.55721e-06
1.30543e-06
1.09181e-06
9.1514e-07
7.65979e-07
6.37539e-07
5.29579e-07
4.46083e-07
3.81168e-07
3.31243e-07
2.92594e-07
2.62261e-07
2.38459e-07
2.20653e-07
2.07264e-07
1.96235e-07
1.87413e-07
1.83485e-07
1.81459e-07
1.77222e-07
1.7484e-07
1.74506e-07
1.72841e-07
1.7191e-07
1.68413e-11
4.98307e-11
8.06666e-11
1.10479e-10
1.41947e-10
1.97094e-10
4.20741e-10
1.48302e-09
5.88635e-09
2.03316e-08
6.06933e-08
1.59018e-07
3.56267e-07
6.76617e-07
1.12789e-06
1.56539e-06
1.85157e-06
1.96422e-06
1.93702e-06
1.82808e-06
1.68134e-06
1.51036e-06
1.32564e-06
1.13788e-06
9.5436e-07
7.88919e-07
6.47957e-07
5.29234e-07
4.30923e-07
3.51998e-07
2.87876e-07
2.33917e-07
1.89423e-07
1.55879e-07
1.30357e-07
1.10987e-07
9.63038e-08
8.50347e-08
7.62765e-08
6.97848e-08
6.49713e-08
6.11977e-08
5.8084e-08
5.65265e-08
5.59297e-08
5.46123e-08
5.38337e-08
5.36426e-08
5.31095e-08
5.28554e-08
5.81726e-12
1.72277e-11
2.79497e-11
3.84566e-11
4.93188e-11
6.68521e-11
1.4023e-10
5.33168e-10
2.3469e-09
8.89855e-09
2.87003e-08
8.00852e-08
1.88039e-07
3.67497e-07
6.13408e-07
8.34357e-07
9.57503e-07
9.88565e-07
9.55846e-07
8.86945e-07
8.00484e-07
7.04756e-07
6.05175e-07
5.06283e-07
4.13067e-07
3.3217e-07
2.64807e-07
2.09909e-07
1.66486e-07
1.32546e-07
1.05597e-07
8.37161e-08
6.6148e-08
5.30936e-08
4.34095e-08
3.62542e-08
3.08831e-08
2.68399e-08
2.3788e-08
2.15389e-08
1.98756e-08
1.86249e-08
1.76008e-08
1.70493e-08
1.68629e-08
1.64565e-08
1.62098e-08
1.61489e-08
1.59868e-08
1.59126e-08
1.98988e-12
5.92468e-12
9.71617e-12
1.3438e-11
1.72531e-11
2.27167e-11
4.5691e-11
1.87519e-10
9.36272e-10
3.89976e-09
1.35837e-08
4.05915e-08
9.96001e-08
1.98643e-07
3.31522e-07
4.39681e-07
4.8941e-07
4.93665e-07
4.68235e-07
4.26708e-07
3.77897e-07
3.25196e-07
2.72193e-07
2.21827e-07
1.75676e-07
1.36691e-07
1.05561e-07
8.11598e-08
6.2377e-08
4.82554e-08
3.74554e-08
2.89006e-08
2.22193e-08
1.7402e-08
1.39067e-08
1.13725e-08
9.52157e-09
8.16e-09
7.14574e-09
6.41076e-09
5.87369e-09
5.48268e-09
5.17236e-09
4.99348e-09
4.943e-09
4.8396e-09
4.76709e-09
4.74539e-09
4.70281e-09
4.68493e-09
6.89185e-13
2.05549e-12
3.37817e-12
4.69375e-12
6.03101e-12
7.81736e-12
1.5156e-11
6.69255e-11
3.69776e-10
1.70174e-09
6.42333e-09
2.0385e-08
5.24024e-08
1.07327e-07
1.77556e-07
2.28849e-07
2.47441e-07
2.44095e-07
2.27668e-07
2.04016e-07
1.7685e-07
1.48494e-07
1.20983e-07
9.56177e-08
7.33234e-08
5.52697e-08
4.1233e-08
3.0631e-08
2.28519e-08
1.71688e-08
1.29488e-08
9.73287e-09
7.28793e-09
5.56166e-09
4.34496e-09
3.48731e-09
2.86813e-09
2.4228e-09
2.10218e-09
1.87196e-09
1.70489e-09
1.5868e-09
1.49508e-09
1.44362e-09
1.43417e-09
1.40665e-09
1.38801e-09
1.38479e-09
1.37372e-09
1.36934e-09
2.36875e-13
7.08794e-13
1.17488e-12
1.64066e-12
2.12035e-12
2.7051e-12
4.92021e-12
2.26244e-11
1.44303e-10
7.39201e-10
3.02094e-09
1.02894e-08
2.75781e-08
5.75901e-08
9.41652e-08
1.17805e-07
1.23954e-07
1.1989e-07
1.09874e-07
9.66232e-08
8.19891e-08
6.69839e-08
5.28552e-08
4.04609e-08
2.99731e-08
2.17499e-08
1.56578e-08
1.1238e-08
8.08574e-09
5.88298e-09
4.31115e-09
3.14633e-09
2.28901e-09
1.70514e-09
1.30346e-09
1.02632e-09
8.32697e-10
6.96669e-10
5.99863e-10
5.32042e-10
4.83825e-10
4.50416e-10
4.25488e-10
4.10644e-10
4.08743e-10
4.03744e-10
3.99316e-10
3.98842e-10
3.96751e-10
3.96108e-10
8.22232e-14
2.46582e-13
4.09034e-13
5.73145e-13
7.43286e-13
9.42211e-13
1.64167e-12
7.89636e-12
5.58547e-11
3.17388e-10
1.41131e-09
5.10941e-09
1.43432e-08
3.05688e-08
4.92773e-08
5.9829e-08
6.15414e-08
5.84561e-08
5.27135e-08
4.54561e-08
3.76546e-08
2.98774e-08
2.27918e-08
1.68182e-08
1.20019e-08
8.39616e-09
5.81464e-09
4.01725e-09
2.79466e-09
1.96814e-09
1.39834e-09
9.92839e-10
7.03255e-10
5.11044e-10
3.82874e-10
2.97065e-10
2.38018e-10
1.97474e-10
1.6957e-10
1.50261e-10
1.36691e-10
1.27601e-10
1.20994e-10
1.17481e-10
1.17758e-10
1.16779e-10
1.15903e-10
1.16141e-10
1.15799e-10
1.15755e-10
2.84517e-14
8.53725e-14
1.4232e-13
2.00089e-13
2.61095e-13
3.29991e-13
5.40936e-13
2.6048e-12
2.12251e-11
1.35424e-10
6.54392e-10
2.54269e-09
7.42993e-09
1.61167e-08
2.54801e-08
3.00828e-08
3.03073e-08
2.83223e-08
2.50822e-08
2.11683e-08
1.70927e-08
1.31292e-08
9.64246e-09
6.84322e-09
4.69191e-09
3.14488e-09
2.09275e-09
1.39095e-09
9.29006e-10
6.31359e-10
4.35241e-10
2.99987e-10
2.06549e-10
1.46986e-10
1.08342e-10
8.30502e-11
6.62191e-11
5.49217e-11
4.72418e-11
4.20684e-11
3.85401e-11
3.62456e-11
3.46167e-11
3.36808e-11
3.38766e-11
3.38926e-11
3.37955e-11
3.39767e-11
3.40051e-11
3.40631e-11
9.92341e-15
2.9808e-14
4.96472e-14
6.98325e-14
9.15016e-14
1.15739e-13
1.83825e-13
8.99272e-13
8.09497e-12
5.69864e-11
2.99225e-10
1.23859e-09
3.78504e-09
8.30986e-09
1.29668e-08
1.49495e-08
1.48221e-08
1.36374e-08
1.1858e-08
9.76596e-09
7.66105e-09
5.68425e-09
4.01607e-09
2.73447e-09
1.79605e-09
1.15482e-09
7.36327e-10
4.69328e-10
3.01654e-10
1.97852e-10
1.32131e-10
8.86504e-11
5.96093e-11
4.16082e-11
3.02944e-11
2.31097e-11
1.84207e-11
1.53358e-11
1.32991e-11
1.19517e-11
1.10464e-11
1.04864e-11
1.01055e-11
9.91347e-12
1.00399e-11
1.01057e-11
1.0114e-11
1.01952e-11
1.02323e-11
1.02659e-11
3.45889e-15
1.03805e-14
1.73209e-14
2.43931e-14
3.2e-14
4.06768e-14
6.19364e-14
2.97218e-13
3.01508e-12
2.3932e-11
1.3715e-10
6.04621e-10
1.91798e-09
4.27131e-09
6.52494e-09
7.36364e-09
7.19713e-09
6.5273e-09
5.55649e-09
4.45351e-09
3.38064e-09
2.41424e-09
1.63504e-09
1.06603e-09
6.69417e-10
4.10511e-10
2.50478e-10
1.52879e-10
9.39503e-11
5.92483e-11
3.84241e-11
2.5132e-11
1.64999e-11
1.13842e-11
8.26082e-12
6.3161e-12
5.08379e-12
4.28985e-12
3.77053e-12
3.43364e-12
3.21467e-12
3.08456e-12
2.99895e-12
2.96909e-12
3.03439e-12
3.07413e-12
3.08876e-12
3.1248e-12
3.14615e-12
3.16189e-12
1.21222e-15
3.63945e-15
6.0631e-15
8.52191e-15
1.11877e-14
1.42725e-14
2.14745e-14
1.03701e-13
1.1557e-12
9.94378e-12
6.14108e-11
2.90336e-10
9.58696e-10
2.13975e-09
3.23108e-09
3.6037e-09
3.47798e-09
3.10766e-09
2.58515e-09
2.00704e-09
1.46942e-09
1.00601e-09
6.53039e-10
4.07566e-10
2.44097e-10
1.43018e-10
8.33328e-11
4.85818e-11
2.86175e-11
1.74074e-11
1.09491e-11
7.00761e-12
4.539e-12
3.11297e-12
2.26522e-12
1.75257e-12
1.43355e-12
1.23052e-12
1.10046e-12
1.01779e-12
9.64853e-13
9.36957e-13
9.20855e-13
9.15195e-13
9.3814e-13
9.57967e-13
9.66342e-13
9.79548e-13
9.88893e-13
9.95553e-13
4.25692e-16
1.2778e-15
2.12719e-15
2.98895e-15
3.92743e-15
5.01136e-15
7.34032e-15
3.56394e-14
4.26483e-13
4.04587e-12
2.72808e-11
1.35926e-10
4.71164e-10
1.07083e-09
1.58735e-09
1.74617e-09
1.66827e-09
1.4639e-09
1.19083e-09
8.96859e-10
6.31305e-10
4.1516e-10
2.58243e-10
1.53308e-10
8.76992e-11
4.92709e-11
2.73403e-11
1.52137e-11
8.64273e-12
5.06954e-12
3.09852e-12
1.95708e-12
1.25901e-12
8.64298e-13
6.36866e-13
5.022e-13
4.18214e-13
3.65925e-13
3.3324e-13
3.12181e-13
2.98635e-13
2.92182e-13
2.88985e-13
2.91635e-13
3.02953e-13
3.09466e-13
3.12247e-13
3.16892e-13
3.20342e-13
3.22718e-13
1.4948e-16
4.48443e-16
7.46831e-16
1.04735e-15
1.37093e-15
1.75717e-15
2.5523e-15
1.2007e-14
1.60091e-13
1.66228e-12
1.2033e-11
6.46406e-11
2.31881e-10
5.32992e-10
7.74225e-10
8.41341e-10
7.95447e-10
6.85347e-10
5.42769e-10
3.94926e-10
2.66938e-10
1.67654e-10
9.91929e-11
5.61654e-11
3.06078e-11
1.62968e-11
8.62563e-12
4.59221e-12
2.49133e-12
1.41251e-12
8.456e-13
5.28495e-13
3.39889e-13
2.37295e-13
1.79339e-13
1.45191e-13
1.24268e-13
1.11327e-13
1.03058e-13
9.783e-14
9.46509e-14
9.3307e-14
9.30348e-14
9.36111e-14
9.7128e-14
1.00122e-13
1.01387e-13
1.03118e-13
1.04496e-13
1.05447e-13
5.26317e-17
1.57863e-16
2.62778e-16
3.68191e-16
4.80523e-16
6.15618e-16
8.92805e-16
4.24467e-15
6.07923e-14
6.82404e-13
5.3066e-12
3.01567e-11
1.1259e-10
2.56799e-10
3.73693e-10
4.03791e-10
3.77751e-10
3.19209e-10
2.45097e-10
1.71289e-10
1.11073e-10
6.64673e-11
3.73932e-11
2.01908e-11
1.04576e-11
5.29079e-12
2.66043e-12
1.35296e-12
7.06047e-13
3.88533e-13
2.28854e-13
1.43223e-13
9.34117e-14
6.68509e-14
5.2121e-14
4.34847e-14
3.81497e-14
3.48389e-14
3.27165e-14
3.13765e-14
3.05791e-14
3.03096e-14
3.03866e-14
3.06992e-14
3.18757e-14
3.29462e-14
3.34035e-14
3.4008e-14
3.45181e-14
3.48692e-14
1.85444e-17
5.55969e-17
9.25688e-17
1.29633e-16
1.68298e-16
2.14497e-16
3.09592e-16
1.48607e-15
2.31316e-14
2.82868e-13
2.36617e-12
1.41314e-11
5.4451e-11
1.24888e-10
1.80162e-10
1.93233e-10
1.78684e-10
1.47642e-10
1.09339e-10
7.31974e-11
4.52533e-11
2.57284e-11
1.37127e-11
7.03794e-12
3.4556e-12
1.64983e-12
7.89647e-13
3.8372e-13
1.92225e-13
1.03244e-13
6.06609e-14
3.84691e-14
2.57113e-14
1.9116e-14
1.54823e-14
1.33311e-14
1.19883e-14
1.11294e-14
1.05567e-14
1.02042e-14
1.00128e-14
9.93727e-15
9.9997e-15
1.01162e-14
1.04995e-14
1.08893e-14
1.10464e-14
1.12606e-14
1.14478e-14
1.1578e-14
6.54338e-18
1.96201e-17
3.2659e-17
4.56995e-17
5.92233e-17
7.51466e-17
1.08461e-16
5.34818e-16
9.07794e-15
1.17086e-13
1.03077e-12
6.55976e-12
2.61741e-11
5.9957e-11
8.66425e-11
9.26352e-11
8.41523e-11
6.7792e-11
4.82276e-11
3.08022e-11
1.81239e-11
9.77944e-12
4.95074e-12
2.41069e-12
1.11942e-12
5.06374e-13
2.30342e-13
1.07165e-13
5.20517e-14
2.7629e-14
1.63238e-14
1.06006e-14
7.36588e-15
5.69708e-15
4.76825e-15
4.22177e-15
3.86625e-15
3.62418e-15
3.46484e-15
3.37192e-15
3.32554e-15
3.31377e-15
3.34731e-15
3.35264e-15
3.45146e-15
3.60422e-15
3.66775e-15
3.74448e-15
3.81257e-15
3.86075e-15
2.31084e-18
6.92861e-18
1.15336e-17
1.61379e-17
2.08887e-17
2.64149e-17
3.77322e-17
1.90757e-16
3.43973e-15
4.7684e-14
4.47556e-13
2.97711e-12
1.24049e-11
2.8459e-11
4.12982e-11
4.40019e-11
3.93459e-11
3.08539e-11
2.11199e-11
1.28442e-11
7.1869e-12
3.68288e-12
1.76915e-12
8.14171e-13
3.58177e-13
1.54063e-13
6.65284e-14
2.97998e-14
1.42202e-14
7.52373e-15
4.52172e-15
3.04678e-15
2.20804e-15
1.77374e-15
1.52577e-15
1.38162e-15
1.282e-15
1.20842e-15
1.16159e-15
1.1358e-15
1.12499e-15
1.12499e-15
1.142e-15
1.13515e-15
1.15623e-15
1.20911e-15
1.22967e-15
1.2555e-15
1.27983e-15
1.29707e-15
8.16748e-19
2.4486e-18
4.07688e-18
5.70514e-18
7.36875e-18
9.24433e-18
1.30259e-17
6.83226e-17
1.35499e-15
1.99691e-14
1.97824e-13
1.37163e-12
5.87864e-12
1.36961e-11
1.9757e-11
2.08661e-11
1.82874e-11
1.38828e-11
9.09717e-12
5.26627e-12
2.79327e-12
1.35397e-12
6.13799e-13
2.66708e-13
1.10613e-13
4.48194e-14
1.85084e-14
8.03703e-15
3.78364e-15
2.02999e-15
1.2648e-15
8.90823e-16
6.73938e-16
5.64166e-16
4.97738e-16
4.57959e-16
4.30233e-16
4.08092e-16
3.93654e-16
3.85999e-16
3.83791e-16
3.83298e-16
3.88859e-16
3.86586e-16
3.92085e-16
4.09543e-16
4.15561e-16
4.23873e-16
4.31969e-16
4.37978e-16
2.88933e-19
8.66414e-19
1.44256e-18
2.01798e-18
2.60513e-18
3.25598e-18
4.55826e-18
2.4772e-17
5.40146e-16
8.30649e-15
8.58115e-14
6.28218e-13
2.78065e-12
6.51562e-12
9.48731e-12
9.91054e-12
8.42788e-12
6.17044e-12
3.85121e-12
2.11748e-12
1.0673e-12
4.89773e-13
2.09871e-13
8.611e-14
3.36036e-14
1.28919e-14
5.10224e-15
2.16672e-15
1.02323e-15
5.6526e-16
3.66786e-16
2.69411e-16
2.11996e-16
1.82982e-16
1.64915e-16
1.53222e-16
1.45029e-16
1.38439e-16
1.33966e-16
1.31485e-16
1.30716e-16
1.30345e-16
1.31693e-16
1.31153e-16
1.33379e-16
1.39404e-16
1.41465e-16
1.44236e-16
1.46988e-16
1.49094e-16
1.02301e-19
3.06745e-19
5.10786e-19
7.14611e-19
9.21981e-19
1.14911e-18
1.59062e-18
8.94417e-18
2.08034e-16
3.40308e-15
3.71334e-14
2.8268e-13
1.30215e-12
3.08057e-12
4.51687e-12
4.6668e-12
3.85466e-12
2.71587e-12
1.61728e-12
8.41794e-13
4.02786e-13
1.75397e-13
7.10571e-14
2.74377e-14
1.01123e-14
3.69695e-15
1.40672e-15
5.91249e-16
2.8539e-16
1.63737e-16
1.10896e-16
8.47133e-17
6.86827e-17
6.04265e-17
5.53547e-17
5.18057e-17
4.92261e-17
4.72901e-17
4.58983e-17
4.50372e-17
4.47526e-17
4.45819e-17
4.49312e-17
4.46724e-17
4.55509e-17
4.76752e-17
4.83292e-17
4.92618e-17
5.02437e-17
5.09952e-17
3.62499e-20
1.08686e-19
1.81008e-19
2.53383e-19
3.26823e-19
4.05184e-19
5.47428e-19
3.23204e-18
8.39862e-17
1.45095e-15
1.65567e-14
1.29947e-13
6.12518e-13
1.48506e-12
2.15988e-12
2.18882e-12
1.75292e-12
1.17674e-12
6.64861e-13
3.27995e-13
1.48395e-13
6.10785e-14
2.32796e-14
8.46416e-15
2.93095e-15
1.01431e-15
3.7732e-16
1.59626e-16
7.97162e-17
4.81169e-17
3.41659e-17
2.69998e-17
2.24394e-17
2.00552e-17
1.85892e-17
1.74988e-17
1.67015e-17
1.61367e-17
1.56988e-17
1.53915e-17
1.52929e-17
1.52159e-17
1.52941e-17
1.52123e-17
1.55568e-17
1.62775e-17
1.64721e-17
1.67787e-17
1.71069e-17
1.7372e-17
1.28535e-20
3.85465e-20
6.41979e-20
8.9845e-20
1.15928e-19
1.43582e-19
1.92193e-19
1.18525e-18
3.43957e-17
6.14803e-16
7.23303e-15
5.96201e-14
2.89429e-13
7.117e-13
1.03747e-12
1.02373e-12
7.87245e-13
5.02702e-13
2.68372e-13
1.25437e-13
5.37445e-14
2.09129e-14
7.51196e-15
2.57435e-15
8.3977e-16
2.78046e-16
1.01968e-16
4.41155e-17
2.30672e-17
1.46248e-17
1.07821e-17
8.73232e-18
7.40985e-18
6.70815e-18
6.2667e-18
5.92767e-18
5.67345e-18
5.48367e-18
5.34341e-18
5.23812e-18
5.19374e-18
5.15785e-18
5.17763e-18
5.15925e-18
5.29755e-18
5.55223e-18
5.62458e-18
5.73008e-18
5.84258e-18
5.93666e-18
4.56096e-21
1.36774e-20
2.27825e-20
3.18828e-20
4.11323e-20
5.09167e-20
6.79068e-20
4.33337e-19
1.36239e-17
2.56533e-16
3.14871e-15
2.70023e-14
1.36092e-13
3.36104e-13
4.93444e-13
4.7486e-13
3.49051e-13
2.1342e-13
1.07702e-13
4.74593e-14
1.92798e-14
7.08966e-15
2.39686e-15
7.74026e-16
2.39615e-16
7.67006e-17
2.79946e-17
1.2601e-17
6.94732e-18
4.58357e-18
3.47663e-18
2.87294e-18
2.4761e-18
2.26703e-18
2.13462e-18
2.02824e-18
1.945e-18
1.87842e-18
1.83115e-18
1.7921e-18
1.7723e-18
1.75853e-18
1.76465e-18
1.75634e-18
1.80954e-18
1.90005e-18
1.92418e-18
1.96039e-18
2.00029e-18
2.03361e-18
1.61967e-21
4.85667e-21
8.09129e-21
1.13328e-20
1.46237e-20
1.80491e-20
2.35444e-20
1.58307e-19
5.6055e-18
1.12817e-16
1.44128e-15
1.2567e-14
6.45566e-14
1.6339e-13
2.34998e-13
2.18619e-13
1.53813e-13
8.90256e-14
4.23652e-14
1.76244e-14
6.74804e-15
2.32762e-15
7.35933e-16
2.23608e-16
6.56362e-17
2.03877e-17
7.64942e-18
3.64557e-18
2.11889e-18
1.45148e-18
1.13217e-18
9.47501e-19
8.18994e-19
7.62858e-19
7.26184e-19
6.95555e-19
6.71047e-19
6.46498e-19
6.29789e-19
6.14748e-19
6.05255e-19
5.99804e-19
6.02058e-19
5.9865e-19
6.17484e-19
6.47542e-19
6.54033e-19
6.6542e-19
6.78471e-19
6.89997e-19
5.75472e-22
1.72595e-21
2.87539e-21
4.02714e-21
5.20031e-21
6.42317e-21
8.33432e-21
5.99467e-20
2.36812e-18
4.92289e-17
6.42631e-16
5.82635e-15
3.06916e-14
7.99031e-14
1.12159e-13
9.98681e-14
6.68476e-14
3.64619e-14
1.64093e-14
6.45499e-15
2.32768e-15
7.53774e-16
2.23526e-16
6.38687e-17
1.78968e-17
5.5123e-18
2.1537e-18
1.09215e-18
6.65004e-19
4.69783e-19
3.73226e-19
3.16041e-19
2.73836e-19
2.57696e-19
2.46988e-19
2.37889e-19
2.30922e-19
2.22702e-19
2.16651e-19
2.10883e-19
2.06659e-19
2.03984e-19
2.04192e-19
2.03843e-19
2.10987e-19
2.21044e-19
2.23217e-19
2.26934e-19
2.31216e-19
2.35213e-19
2.04593e-22
6.13642e-22
1.02246e-21
1.43161e-21
1.84918e-21
2.28586e-21
2.97298e-21
2.26418e-20
9.79057e-19
2.11771e-17
2.84063e-16
2.67348e-15
1.45274e-14
3.78392e-14
5.30074e-14
4.51716e-14
2.85118e-14
1.48111e-14
6.31007e-15
2.33773e-15
7.96514e-16
2.4237e-16
6.74207e-17
1.82367e-17
4.92671e-18
1.52859e-18
6.26753e-19
3.38618e-19
2.14586e-19
1.55012e-19
1.25427e-19
1.06955e-19
9.27415e-20
8.81373e-20
8.48652e-20
8.1994e-20
7.97632e-20
7.71239e-20
7.49181e-20
7.26723e-20
7.08321e-20
6.97018e-20
6.95159e-20
6.94377e-20
7.22672e-20
7.57817e-20
7.65114e-20
7.77354e-20
7.91835e-20
8.05667e-20
7.27864e-23
2.18293e-22
3.63782e-22
5.09476e-22
6.57808e-22
8.12944e-22
1.05471e-21
8.56497e-21
3.96958e-19
9.07907e-18
1.2636e-16
1.21853e-15
6.84768e-15
1.80094e-14
2.48216e-14
2.02883e-14
1.20553e-14
5.95092e-15
2.40654e-15
8.40097e-16
2.69084e-16
7.71694e-17
2.02092e-17
5.15941e-18
1.36279e-18
4.34614e-19
1.88781e-19
1.08166e-19
7.08934e-20
5.2027e-20
4.27227e-20
3.67463e-20
3.17883e-20
3.04439e-20
2.93867e-20
2.84199e-20
2.77077e-20
2.68857e-20
2.60641e-20
2.51938e-20
2.44431e-20
2.40141e-20
2.38621e-20
2.38215e-20
2.48825e-20
2.61009e-20
2.63005e-20
2.6699e-20
2.72096e-20
2.76899e-20
2.5909e-23
7.77065e-23
1.29508e-22
1.81527e-22
2.34558e-22
2.8975e-22
3.73638e-22
3.21182e-21
1.67082e-19
4.0895e-18
5.81183e-17
5.65527e-16
3.22019e-15
8.74605e-15
1.15478e-14
8.97544e-15
5.0408e-15
2.34065e-15
8.95017e-16
2.95047e-16
8.84755e-17
2.36613e-17
5.79809e-18
1.41053e-18
3.66866e-19
1.22324e-19
5.76557e-20
3.49067e-20
2.35272e-20
1.75789e-20
1.45645e-20
1.25886e-20
1.08471e-20
1.05084e-20
1.01866e-20
9.86549e-21
9.64045e-21
9.38559e-21
9.06884e-21
8.73785e-21
8.45548e-21
8.29683e-21
8.21617e-21
8.22954e-21
8.5592e-21
8.88744e-21
8.94887e-21
9.07783e-21
9.23233e-21
9.39088e-21
9.22708e-24
2.76782e-23
4.61328e-23
6.4654e-23
8.36278e-23
1.03486e-22
1.33902e-22
1.26302e-21
7.16189e-20
1.80365e-18
2.58708e-17
2.58067e-16
1.49145e-15
4.12883e-15
5.27835e-15
3.86504e-15
2.05031e-15
8.9674e-16
3.24306e-16
1.00922e-16
2.84061e-17
7.07899e-18
1.62634e-18
3.80454e-19
9.92474e-20
3.52898e-20
1.79366e-20
1.1326e-20
7.81506e-21
5.93909e-21
4.92985e-21
4.26806e-21
3.687e-21
3.60318e-21
3.51907e-21
3.42034e-21
3.34182e-21
3.24955e-21
3.13233e-21
3.01118e-21
2.90643e-21
2.84285e-21
2.8102e-21
2.81526e-21
2.9196e-21
3.01345e-21
3.03132e-21
3.06897e-21
3.11675e-21
3.1706e-21
3.28792e-24
9.86297e-24
1.64419e-23
2.30387e-23
2.98074e-23
3.69192e-23
4.76923e-23
4.65407e-22
2.94298e-20
7.74397e-19
1.11694e-17
1.1257e-16
6.50817e-16
1.76625e-15
2.23892e-15
1.54757e-15
7.72018e-16
3.20644e-16
1.09423e-16
3.20399e-17
8.45963e-18
1.96485e-18
4.24199e-19
9.66241e-20
2.58085e-20
9.94057e-21
5.39512e-21
3.53038e-21
2.49314e-21
1.91511e-21
1.59193e-21
1.38367e-21
1.21191e-21
1.19842e-21
1.18154e-21
1.15104e-21
1.12386e-21
1.08824e-21
1.04298e-21
9.96981e-22
9.59074e-22
9.35289e-22
9.20602e-22
9.20277e-22
9.53613e-22
9.8019e-22
9.83162e-22
9.92782e-22
1.00722e-21
1.02482e-21
1.17402e-24
3.52286e-24
5.87548e-24
8.23604e-24
1.06337e-23
1.31188e-23
1.96029e-23
4.75735e-22
2.08558e-20
3.72649e-19
4.37995e-18
3.93148e-17
1.9573e-16
4.93007e-16
6.1168e-16
3.98433e-16
1.85054e-16
7.23848e-17
2.30405e-17
6.32017e-18
1.49558e-18
3.22526e-19
6.57124e-20
1.46619e-20
4.13362e-21
1.81191e-21
1.04752e-21
7.12793e-22
5.18726e-22
4.02104e-22
3.40288e-22
3.02712e-22
2.78098e-22
2.85281e-22
2.81414e-22
2.71886e-22
2.63083e-22
2.50313e-22
2.3437e-22
2.20373e-22
2.1077e-22
2.05014e-22
1.99761e-22
1.99548e-22
2.09887e-22
2.13787e-22
2.10791e-22
2.11468e-22
2.14861e-22
2.19794e-22
