0.0493076
0.13703
0.209105
0.272464
0.330986
0.387283
0.443185
0.499912
0.558288
0.619104
0.682681
0.749214
0.818902
0.891503
0.966785
1.04447
1.12402
1.20487
1.28644
1.36803
1.4492
1.52934
1.60749
1.68377
1.75857
1.83047
1.89722
1.95981
2.02075
2.07867
2.1348
2.18898
2.23977
2.28814
2.33548
2.38314
2.43178
2.47973
2.525
2.56668
2.60364
2.63336
2.65293
2.6611
2.68313
2.73067
2.78544
2.84072
2.89458
2.94464
0.0174825
0.0496058
0.0766171
0.100896
0.123743
0.146044
0.168547
0.191723
0.21593
0.241624
0.269091
0.298476
0.330006
0.363897
0.40006
0.438371
0.478866
0.521197
0.564835
0.609403
0.65446
0.699361
0.743767
0.787365
0.829708
0.870556
0.910351
0.946805
0.979962
1.01086
1.04009
1.06999
1.09793
1.12405
1.15076
1.17888
1.20655
1.23319
1.25956
1.28283
1.30486
1.32387
1.33616
1.33937
1.34464
1.36778
1.40222
1.43936
1.47747
1.5151
0.00624409
0.0178541
0.0278195
0.0370102
0.0459308
0.0549567
0.0643882
0.0744261
0.0852405
0.0970667
0.11004
0.124267
0.139903
0.157028
0.175654
0.195775
0.217321
0.240121
0.263896
0.288253
0.3129
0.337419
0.361061
0.383856
0.405877
0.426688
0.4465
0.465665
0.483335
0.499268
0.514254
0.529245
0.543439
0.556484
0.569338
0.582138
0.595873
0.61012
0.624328
0.637766
0.649307
0.659727
0.667448
0.669907
0.668361
0.675008
0.693014
0.713669
0.735155
0.754991
0.00213135
0.00616118
0.00970945
0.0130777
0.0164696
0.0200495
0.023933
0.0282281
0.0330526
0.0385164
0.0447071
0.0517396
0.0596979
0.0685992
0.0785114
0.0894572
0.101302
0.113935
0.127194
0.140748
0.154385
0.167835
0.180617
0.192423
0.203331
0.213346
0.222811
0.232027
0.24066
0.248325
0.255249
0.262176
0.268723
0.274543
0.280174
0.285739
0.291059
0.296992
0.304015
0.311268
0.317842
0.323473
0.327344
0.329045
0.328603
0.331044
0.339704
0.35081
0.362414
0.372246
0.000725062
0.00211526
0.00336354
0.0045802
0.00584731
0.00723648
0.00880467
0.010608
0.0127131
0.0151925
0.0181072
0.0215366
0.0255459
0.0301558
0.0354217
0.0413498
0.0478511
0.0548442
0.0621835
0.0696009
0.0769368
0.0840274
0.090687
0.0967967
0.102192
0.106872
0.11103
0.114983
0.118714
0.122286
0.125657
0.128898
0.131857
0.134471
0.136982
0.139269
0.141423
0.143621
0.146099
0.149045
0.152288
0.15527
0.157366
0.158259
0.157623
0.158089
0.162043
0.16784
0.173842
0.178477
0.000247187
0.000723133
0.00115482
0.00159202
0.00206181
0.0025894
0.0032106
0.0039539
0.00485067
0.0059493
0.0072976
0.0089368
0.0109123
0.0132727
0.0160342
0.0191917
0.0227377
0.0265938
0.03062
0.0346703
0.0386171
0.0423375
0.0457576
0.0487615
0.051295
0.0535325
0.0552533
0.0566854
0.0582097
0.0595529
0.0608052
0.0621157
0.0633615
0.0644544
0.0654895
0.066474
0.067295
0.0680475
0.0689968
0.0702815
0.0716553
0.0728969
0.0738792
0.074383
0.073966
0.0738454
0.0755312
0.0783733
0.0813286
0.083424
8.39834e-05
0.000248102
0.000399483
0.000555527
0.000727705
0.000927994
0.00117077
0.00147128
0.00184905
0.00233152
0.00294539
0.00372248
0.00469626
0.00588922
0.00732512
0.00901275
0.0109241
0.0130105
0.0151995
0.0173503
0.0193836
0.0212457
0.0228714
0.0243168
0.0255298
0.0264743
0.0272242
0.0277684
0.0282516
0.0287656
0.0292465
0.0296583
0.0300401
0.0304208
0.0307814
0.031133
0.031412
0.0316201
0.0318271
0.0321694
0.0327329
0.0333591
0.0338565
0.0341267
0.0339141
0.0337082
0.0343782
0.0356908
0.036962
0.0377337
2.82276e-05
8.53849e-05
0.000140199
0.000196844
0.000261718
0.000340929
0.000437662
0.000560382
0.000721469
0.000933614
0.00121416
0.00158603
0.00206903
0.0026756
0.00342643
0.00432842
0.00536046
0.00648956
0.00765943
0.00879024
0.00981831
0.0106965
0.011417
0.0120151
0.0125049
0.0128549
0.0130849
0.01324
0.0133419
0.0134615
0.0136066
0.0137059
0.0137766
0.0138784
0.0139844
0.014088
0.0142051
0.0142854
0.0143291
0.0143741
0.0144917
0.0147213
0.0149512
0.0150924
0.0150084
0.0148716
0.0151091
0.0156647
0.0161473
0.0163716
9.10876e-06
2.76771e-05
4.60782e-05
6.67151e-05
9.17475e-05
0.00012315
0.00016317
0.000215417
0.000285314
0.000380168
0.00050992
0.00068812
0.000928178
0.00123913
0.00163348
0.0021132
0.00266369
0.00326601
0.0038818
0.00445602
0.00496416
0.00537917
0.00568498
0.00591295
0.00608046
0.00618986
0.00623916
0.00624016
0.00621836
0.00620582
0.00621235
0.00620201
0.00617712
0.00616791
0.00616709
0.00617167
0.00618713
0.00620278
0.00620479
0.00620453
0.00623429
0.00631648
0.00641707
0.00648107
0.00645128
0.00639147
0.00648266
0.00671295
0.00689054
0.00694801
2.68083e-06
8.21519e-06
1.3943e-05
2.09344e-05
3.01336e-05
4.24002e-05
5.88878e-05
8.13084e-05
0.000112179
0.000155086
0.000215536
0.000301571
0.000421598
0.000581594
0.000789217
0.00104502
0.00133852
0.00165524
0.00197291
0.00225733
0.00249811
0.00268491
0.0028054
0.00287835
0.00291782
0.00293183
0.00292635
0.00290041
0.00285858
0.00281908
0.00278954
0.00275538
0.0027159
0.00268564
0.00266185
0.00264319
0.00263072
0.00262146
0.00261008
0.0025956
0.00258911
0.00260827
0.00264495
0.00267178
0.00266152
0.00263468
0.00266764
0.00275692
0.00281555
0.00282349
8.14555e-07
2.45616e-06
4.12521e-06
6.26687e-06
9.3533e-06
1.38695e-05
2.04559e-05
2.99766e-05
4.36859e-05
6.32863e-05
9.1723e-05
0.000133668
0.000194191
0.000277157
0.000387104
0.000523843
0.000679975
0.000845267
0.00100659
0.0011445
0.00125298
0.00132956
0.0013705
0.00138516
0.00138383
0.00137058
0.00134927
0.00132292
0.00128981
0.00125651
0.0012282
0.00119862
0.00116771
0.00114243
0.00112149
0.00110445
0.00109131
0.00108123
0.00107168
0.00106048
0.00104987
0.00104967
0.00106083
0.0010702
0.00106551
0.00105342
0.001064
0.0010958
0.00111258
0.00111022
2.72549e-07
7.96655e-07
1.28141e-06
1.88303e-06
2.80905e-06
4.32711e-06
6.80298e-06
1.07269e-05
1.67708e-05
2.57746e-05
3.92749e-05
5.99234e-05
9.07409e-05
0.00013415
0.000192786
0.000266076
0.000348792
0.000434268
0.000514891
0.000579766
0.000625969
0.000653427
0.00066293
0.000659456
0.000648832
0.000633565
0.000614807
0.000594723
0.000572643
0.000550467
0.000530705
0.000510871
0.000490998
0.000474471
0.000460534
0.000449008
0.000439919
0.000432913
0.000426818
0.000420299
0.000413706
0.000410665
0.000413106
0.000416517
0.000414837
0.000409675
0.000412662
0.000423248
0.000427301
0.000424785
9.37296e-08
2.70603e-07
4.22103e-07
5.91519e-07
8.48892e-07
1.31378e-06
2.17598e-06
3.71719e-06
6.32968e-06
1.04642e-05
1.69291e-05
2.71937e-05
4.3036e-05
6.59389e-05
9.74403e-05
0.000136801
0.000180421
0.000224133
0.000263515
0.000292641
0.000310768
0.000318577
0.000317825
0.000311296
0.000301556
0.000290101
0.000277313
0.000264223
0.000250727
0.000237453
0.000225418
0.000213749
0.000202336
0.000192815
0.00018481
0.000178122
0.000172737
0.00016844
0.000164868
0.000161491
0.000158167
0.000155866
0.000155769
0.000156854
0.000156273
0.000154116
0.000154831
0.00015816
0.000158919
0.000157623
3.1796e-08
9.20169e-08
1.42683e-07
1.94359e-07
2.65903e-07
4.00116e-07
6.81182e-07
1.25552e-06
2.35329e-06
4.23891e-06
7.35842e-06
1.25136e-05
2.07424e-05
3.29173e-05
4.9946e-05
7.1085e-05
9.39795e-05
0.000116011
0.000134545
0.000146725
0.000152935
0.000153873
0.000150961
0.000145681
0.000139015
0.000131698
0.000123955
0.000116248
0.000108552
0.000101138
9.43642e-05
8.79386e-05
8.1836e-05
7.67751e-05
7.25804e-05
6.90934e-05
6.62398e-05
6.39181e-05
6.20033e-05
6.03686e-05
5.88431e-05
5.75686e-05
5.7141e-05
5.73709e-05
5.70823e-05
5.6194e-05
5.62875e-05
5.72492e-05
5.72939e-05
5.67774e-05
1.06977e-08
3.11683e-08
4.86238e-08
6.55254e-08
8.65662e-08
1.25215e-07
2.14178e-07
4.2157e-07
8.70553e-07
1.72313e-06
3.23472e-06
5.84508e-06
1.01647e-05
1.6685e-05
2.59649e-05
3.73071e-05
4.91975e-05
6.00591e-05
6.82497e-05
7.28311e-05
7.44107e-05
7.35094e-05
7.09668e-05
6.74753e-05
6.3402e-05
5.90915e-05
5.47139e-05
5.04778e-05
4.63446e-05
4.24257e-05
3.8856e-05
3.55135e-05
3.24258e-05
2.99014e-05
2.78327e-05
2.61346e-05
2.4733e-05
2.35855e-05
2.26481e-05
2.18997e-05
2.12418e-05
2.06421e-05
2.03656e-05
2.04069e-05
2.02829e-05
1.99227e-05
1.98916e-05
2.01386e-05
2.00795e-05
1.99024e-05
3.64742e-09
1.05904e-08
1.65113e-08
2.22838e-08
2.89884e-08
4.05896e-08
6.91256e-08
1.43739e-07
3.2066e-07
6.9528e-07
1.41925e-06
2.73236e-06
4.98591e-06
8.49682e-06
1.34931e-05
1.95456e-05
2.57118e-05
3.09089e-05
3.43727e-05
3.58581e-05
3.58264e-05
3.47725e-05
3.30642e-05
3.0922e-05
2.85764e-05
2.6216e-05
2.3842e-05
2.15972e-05
1.95006e-05
1.75374e-05
1.57618e-05
1.41359e-05
1.2664e-05
1.14626e-05
1.04879e-05
9.708e-06
9.05804e-06
8.52462e-06
8.10262e-06
7.77084e-06
7.48766e-06
7.23009e-06
7.08868e-06
7.07417e-06
7.01279e-06
6.87026e-06
6.84268e-06
6.91126e-06
6.87334e-06
6.81069e-06
1.2281e-09
3.59624e-09
5.655e-09
7.62898e-09
9.77755e-09
1.32008e-08
2.18565e-08
4.69658e-08
1.15664e-07
2.77219e-07
6.18522e-07
1.2838e-06
2.46772e-06
4.35243e-06
7.0493e-06
1.0272e-05
1.34114e-05
1.58099e-05
1.71738e-05
1.74752e-05
1.71015e-05
1.63133e-05
1.52485e-05
1.40207e-05
1.27281e-05
1.14591e-05
1.02308e-05
9.09229e-06
8.04813e-06
7.09953e-06
6.25894e-06
5.49982e-06
4.82622e-06
4.2842e-06
3.84841e-06
3.50262e-06
3.22225e-06
2.99433e-06
2.81288e-06
2.67338e-06
2.55985e-06
2.45631e-06
2.3897e-06
2.3748e-06
2.35292e-06
2.30367e-06
2.2865e-06
2.30012e-06
2.28472e-06
2.26663e-06
4.15968e-10
1.22405e-09
1.94259e-09
2.62978e-09
3.34871e-09
4.40734e-09
7.1211e-09
1.57916e-08
4.25637e-08
1.12691e-07
2.74929e-07
6.14023e-07
1.24371e-06
2.25176e-06
3.71837e-06
5.41924e-06
6.95643e-06
8.01763e-06
8.46712e-06
8.40614e-06
8.07491e-06
7.57161e-06
6.95924e-06
6.28624e-06
5.59064e-06
4.92487e-06
4.3053e-06
3.74437e-06
3.24272e-06
2.80274e-06
2.42152e-06
2.08149e-06
1.78647e-06
1.55371e-06
1.36898e-06
1.2239e-06
1.1089e-06
1.01682e-06
9.43507e-07
8.88136e-07
8.45304e-07
8.07064e-07
7.79555e-07
7.70693e-07
7.63071e-07
7.46834e-07
7.39635e-07
7.41403e-07
7.35554e-07
7.30673e-07
1.41022e-10
4.16965e-10
6.70899e-10
9.11876e-10
1.15585e-09
1.48924e-09
2.34707e-09
5.40177e-09
1.59229e-08
4.66896e-08
1.24374e-07
2.98047e-07
6.34557e-07
1.18347e-06
1.97975e-06
2.85813e-06
3.58856e-06
4.01876e-06
4.12098e-06
4.00321e-06
3.77582e-06
3.4783e-06
3.13727e-06
2.77814e-06
2.4152e-06
2.07379e-06
1.77057e-06
1.50282e-06
1.26986e-06
1.07347e-06
9.0733e-07
7.62236e-07
6.38646e-07
5.44269e-07
4.70648e-07
4.12957e-07
3.68311e-07
3.33298e-07
3.0559e-07
2.84845e-07
2.69404e-07
2.5627e-07
2.45948e-07
2.41772e-07
2.39225e-07
2.33844e-07
2.3159e-07
2.32057e-07
2.29935e-07
2.28709e-07
4.86914e-11
1.43717e-10
2.31055e-10
3.15573e-10
4.00638e-10
5.09947e-10
7.89176e-10
1.86843e-09
6.00601e-09
1.92533e-08
5.57827e-08
1.43971e-07
3.22648e-07
6.20863e-07
1.05066e-06
1.50072e-06
1.83198e-06
1.9855e-06
1.98659e-06
1.89062e-06
1.74864e-06
1.58185e-06
1.39946e-06
1.2109e-06
1.02658e-06
8.59888e-07
7.15427e-07
5.91068e-07
4.87292e-07
4.02839e-07
3.32644e-07
2.7313e-07
2.23902e-07
1.86494e-07
1.57885e-07
1.36219e-07
1.19679e-07
1.06868e-07
9.69334e-08
8.95904e-08
8.41379e-08
7.96764e-08
7.61322e-08
7.46443e-08
7.39424e-08
7.22798e-08
7.13739e-08
7.13113e-08
7.0668e-08
7.03111e-08
1.66116e-11
4.92662e-11
8.00872e-11
1.0993e-10
1.39701e-10
1.75281e-10
2.62732e-10
6.37733e-10
2.26022e-09
7.99266e-09
2.51955e-08
6.99108e-08
1.64815e-07
3.24883e-07
5.55146e-07
7.79124e-07
9.22121e-07
9.72423e-07
9.4915e-07
8.84895e-07
8.03349e-07
7.1174e-07
6.15658e-07
5.20468e-07
4.29483e-07
3.49172e-07
2.82167e-07
2.26883e-07
1.81958e-07
1.46535e-07
1.18239e-07
9.48201e-08
7.58338e-08
6.17921e-08
5.12985e-08
4.34673e-08
3.76219e-08
3.32009e-08
2.98089e-08
2.73319e-08
2.55267e-08
2.41232e-08
2.29662e-08
2.24405e-08
2.22935e-08
2.18258e-08
2.15652e-08
2.15325e-08
2.13459e-08
2.12614e-08
5.74315e-12
1.70447e-11
2.77582e-11
3.82668e-11
4.87057e-11
6.06763e-11
8.87993e-11
2.20379e-10
8.52409e-10
3.31957e-09
1.13698e-08
3.37628e-08
8.37527e-08
1.70352e-07
2.91543e-07
4.00369e-07
4.58649e-07
4.69741e-07
4.4885e-07
4.1089e-07
3.65522e-07
3.16907e-07
2.67767e-07
2.2025e-07
1.76503e-07
1.39383e-07
1.09175e-07
8.51054e-08
6.64544e-08
5.21601e-08
4.10165e-08
3.21258e-08
2.51105e-08
2.00031e-08
1.62853e-08
1.35866e-08
1.15934e-08
1.01169e-08
9.01795e-09
8.22157e-09
7.64528e-09
7.21739e-09
6.86463e-09
6.69849e-09
6.67175e-09
6.54187e-09
6.47015e-09
6.4671e-09
6.41627e-09
6.39539e-09
1.96978e-12
5.87142e-12
9.65065e-12
1.33653e-11
1.70874e-11
2.1136e-11
2.98688e-11
7.42093e-11
3.2013e-10
1.38067e-09
5.13663e-09
1.64147e-08
4.27059e-08
8.88352e-08
1.52019e-07
2.03135e-07
2.25158e-07
2.24884e-07
2.10479e-07
1.88977e-07
1.64733e-07
1.39366e-07
1.14572e-07
9.16475e-08
7.11657e-08
5.42851e-08
4.11363e-08
3.10786e-08
2.35094e-08
1.7938e-08
1.3759e-08
1.05082e-08
8.01326e-09
6.25213e-09
4.99905e-09
4.10663e-09
3.46547e-09
3.00192e-09
2.66167e-09
2.4194e-09
2.2467e-09
2.12393e-09
2.02516e-09
1.97667e-09
1.97673e-09
1.94914e-09
1.93113e-09
1.93102e-09
1.91968e-09
1.9161e-09
6.82926e-13
2.0385e-12
3.35652e-12
4.66709e-12
5.97824e-12
7.37766e-12
1.0176e-11
2.54433e-11
1.19602e-10
5.72058e-10
2.31843e-09
7.90127e-09
2.16147e-08
4.62882e-08
7.84669e-08
1.0166e-07
1.09198e-07
1.06478e-07
9.78756e-08
8.63041e-08
7.35281e-08
6.05939e-08
4.84002e-08
3.74761e-08
2.81305e-08
2.07591e-08
1.51797e-08
1.10749e-08
8.13448e-09
6.03403e-09
4.50574e-09
3.36222e-09
2.50739e-09
1.9165e-09
1.50801e-09
1.2251e-09
1.02398e-09
8.81899e-10
7.8126e-10
7.10255e-10
6.60076e-10
6.25806e-10
5.98569e-10
5.86686e-10
5.90749e-10
5.84783e-10
5.81377e-10
5.83316e-10
5.80937e-10
5.80492e-10
2.35315e-13
7.04261e-13
1.16801e-12
1.63091e-12
2.10224e-12
2.59165e-12
3.46909e-12
8.41865e-12
4.41478e-11
2.36011e-10
1.04075e-09
3.82367e-09
1.09407e-08
2.3933e-08
4.00607e-08
5.02516e-08
5.24135e-08
5.00341e-08
4.51341e-08
3.90046e-08
3.24814e-08
2.59968e-08
2.00704e-08
1.50247e-08
1.08766e-08
7.7159e-09
5.44039e-09
3.83493e-09
2.71876e-09
1.95686e-09
1.42433e-09
1.03668e-09
7.55787e-10
5.68418e-10
4.41835e-10
3.55859e-10
2.96598e-10
2.55713e-10
2.2708e-10
2.0737e-10
1.93737e-10
1.84793e-10
1.77969e-10
1.7481e-10
1.7673e-10
1.76466e-10
1.76005e-10
1.76896e-10
1.76741e-10
1.76926e-10
8.1775e-14
2.45197e-13
4.06896e-13
5.69784e-13
7.36883e-13
9.09275e-13
1.19545e-12
2.85887e-12
1.61975e-11
9.62578e-11
4.63907e-10
1.81825e-09
5.46702e-09
1.22288e-08
2.01554e-08
2.44745e-08
2.49096e-08
2.3321e-08
2.06767e-08
1.74983e-08
1.42033e-08
1.10202e-08
8.209e-09
5.91272e-09
4.11726e-09
2.81318e-09
1.90747e-09
1.29505e-09
8.89282e-10
6.21439e-10
4.40558e-10
3.13958e-10
2.24745e-10
1.66649e-10
1.28504e-10
1.03301e-10
8.61242e-11
7.45219e-11
6.66724e-11
6.13294e-11
5.76694e-11
5.53972e-11
5.37077e-11
5.31902e-11
5.42135e-11
5.43702e-11
5.44317e-11
5.48882e-11
5.49684e-11
5.50944e-11
2.83502e-14
8.50424e-14
1.41713e-13
1.98993e-13
2.58792e-13
3.20748e-13
4.13555e-13
9.40037e-13
5.83783e-12
3.90202e-11
2.05219e-10
8.66623e-10
2.71982e-09
6.20105e-09
1.00072e-08
1.17885e-08
1.17328e-08
1.07944e-08
9.38768e-09
7.76409e-09
6.13308e-09
4.59747e-09
3.29031e-09
2.27542e-09
1.52031e-09
9.94568e-10
6.48211e-10
4.2405e-10
2.80395e-10
1.89996e-10
1.31585e-10
9.18707e-11
6.47041e-11
4.76735e-11
3.67433e-11
2.96425e-11
2.49388e-11
2.18235e-11
1.97362e-11
1.83541e-11
1.74396e-11
1.69117e-11
1.65264e-11
1.63838e-11
1.67385e-11
1.69249e-11
1.701e-11
1.71978e-11
1.72799e-11
1.73504e-11
9.8957e-15
2.97109e-14
4.94728e-14
6.94955e-14
9.06993e-14
1.12815e-13
1.44203e-13
3.18855e-13
2.11349e-12
1.55965e-11
8.94319e-11
4.03661e-10
1.32881e-09
3.07007e-09
4.88342e-09
5.60605e-09
5.48443e-09
4.96279e-09
4.23273e-09
3.41075e-09
2.61297e-09
1.88838e-09
1.2977e-09
8.59703e-10
5.49766e-10
3.44997e-10
2.15688e-10
1.35677e-10
8.67292e-11
5.71e-11
3.86671e-11
2.65956e-11
1.85723e-11
1.36606e-11
1.05872e-11
8.63592e-12
7.35843e-12
6.5243e-12
5.98129e-12
5.62815e-12
5.39766e-12
5.27816e-12
5.19724e-12
5.18606e-12
5.32386e-12
5.4067e-12
5.4466e-12
5.51569e-12
5.55332e-12
5.58219e-12
3.45297e-15
1.03593e-14
1.72762e-14
2.42939e-14
3.17383e-14
3.97829e-14
5.04783e-14
1.06149e-13
7.48844e-13
6.22401e-12
3.9086e-11
1.88449e-10
6.45431e-10
1.5143e-09
2.35369e-09
2.64031e-09
2.54382e-09
2.26693e-09
1.89041e-09
1.47997e-09
1.09506e-09
7.60148e-10
4.99796e-10
3.16671e-10
1.93515e-10
1.15892e-10
6.94995e-11
4.2047e-11
2.58782e-11
1.65455e-11
1.10239e-11
7.51288e-12
5.22593e-12
3.88031e-12
3.05422e-12
2.53373e-12
2.19964e-12
1.98427e-12
1.84397e-12
1.75419e-12
1.69796e-12
1.67169e-12
1.65518e-12
1.66141e-12
1.71591e-12
1.75014e-12
1.76698e-12
1.79353e-12
1.80988e-12
1.82141e-12
1.21057e-15
3.63308e-15
6.05088e-15
8.49492e-15
1.11046e-14
1.39755e-14
1.77509e-14
3.64602e-14
2.72531e-13
2.45594e-12
1.66584e-11
8.64078e-11
3.0885e-10
7.2665e-10
1.11498e-09
1.23472e-09
1.17379e-09
1.02968e-09
8.37946e-10
6.34282e-10
4.51791e-10
3.00058e-10
1.888e-10
1.1442e-10
6.66992e-11
3.82269e-11
2.19701e-11
1.27765e-11
7.60984e-12
4.75425e-12
3.12403e-12
2.12462e-12
1.48979e-12
1.12305e-12
9.01206e-13
7.63407e-13
6.75469e-13
6.18853e-13
5.82533e-13
5.59703e-13
5.45667e-13
5.41038e-13
5.39349e-13
5.41563e-13
5.59372e-13
5.73892e-13
5.80842e-13
5.90106e-13
5.96633e-13
6.01191e-13
4.25197e-16
1.27586e-15
2.12366e-15
2.98073e-15
3.89951e-15
4.9159e-15
6.20376e-15
1.2415e-14
9.57266e-14
9.49281e-13
7.04563e-12
3.85874e-11
1.45144e-10
3.48161e-10
5.23651e-10
5.71395e-10
5.37422e-10
4.62525e-10
3.676e-10
2.69464e-10
1.8417e-10
1.17303e-10
7.06432e-11
4.06979e-11
2.26825e-11
1.25012e-11
6.87754e-12
3.85015e-12
2.23917e-12
1.3715e-12
8.93582e-13
6.12865e-13
4.36124e-13
3.35099e-13
2.74931e-13
2.37795e-13
2.13647e-13
1.9831e-13
1.88633e-13
1.8233e-13
1.78323e-13
1.7725e-13
1.77195e-13
1.80229e-13
1.88226e-13
1.92872e-13
1.95038e-13
1.98226e-13
2.00573e-13
2.02174e-13
1.49362e-16
4.47972e-16
7.459e-16
1.04528e-15
1.36312e-15
1.7265e-15
2.1935e-15
4.2308e-15
3.42727e-14
3.71081e-13
2.9602e-12
1.75201e-11
6.83063e-11
1.65795e-10
2.44002e-10
2.62827e-10
2.44512e-10
2.0642e-10
1.59473e-10
1.12722e-10
7.38361e-11
4.48372e-11
2.56558e-11
1.41011e-11
7.50098e-12
3.93463e-12
2.08093e-12
1.12823e-12
6.37795e-13
3.86128e-13
2.52514e-13
1.75609e-13
1.27593e-13
1.00904e-13
8.51178e-14
7.51482e-14
6.86551e-14
6.45211e-14
6.17924e-14
6.00485e-14
5.90424e-14
5.88611e-14
5.91277e-14
5.97974e-14
6.22539e-14
6.42953e-14
6.51958e-14
6.63651e-14
6.72873e-14
6.79208e-14
5.2595e-17
1.57717e-16
2.62504e-16
3.67602e-16
4.78215e-16
6.05721e-16
7.75277e-16
1.47475e-15
1.23913e-14
1.44826e-13
1.2425e-12
7.7923e-12
3.16758e-11
7.62708e-11
1.12437e-10
1.20395e-10
1.10776e-10
9.16337e-11
6.85214e-11
4.64219e-11
2.91211e-11
1.68246e-11
9.14829e-12
4.79992e-12
2.43413e-12
1.22054e-12
6.19702e-13
3.26166e-13
1.81285e-13
1.09377e-13
7.22805e-14
5.14129e-14
3.84073e-14
3.1208e-14
2.69808e-14
2.42659e-14
2.24495e-14
2.12754e-14
2.04898e-14
1.99868e-14
1.97031e-14
1.96811e-14
1.98302e-14
2.01011e-14
2.09147e-14
2.164e-14
2.1957e-14
2.23644e-14
2.27057e-14
2.29399e-14
1.85339e-17
5.55566e-17
9.24877e-17
1.29462e-16
1.67697e-16
2.1163e-16
2.72729e-16
5.15386e-16
4.50166e-15
5.71726e-14
5.27995e-13
3.48254e-12
1.46253e-11
3.54203e-11
5.17396e-11
5.49825e-11
4.99805e-11
4.03825e-11
2.90693e-11
1.88253e-11
1.12382e-11
6.16055e-12
3.17304e-12
1.58557e-12
7.65777e-13
3.65565e-13
1.79324e-13
9.21722e-14
5.06185e-14
3.0763e-14
2.08083e-14
1.52344e-14
1.17258e-14
9.80881e-15
8.67828e-15
7.93674e-15
7.42722e-15
7.08077e-15
6.83654e-15
6.68616e-15
6.61177e-15
6.59542e-15
6.65868e-15
6.74997e-15
7.01396e-15
7.27792e-15
7.3857e-15
7.53018e-15
7.65596e-15
7.74327e-15
6.53992e-18
1.96062e-17
3.26324e-17
4.56484e-17
5.9044e-17
7.42499e-17
9.59876e-17
1.81385e-16
1.68048e-15
2.25117e-14
2.18853e-13
1.54021e-12
6.70817e-12
1.62259e-11
2.3747e-11
2.51579e-11
2.24499e-11
1.76639e-11
1.21896e-11
7.51494e-12
4.26298e-12
2.21587e-12
1.08462e-12
5.15707e-13
2.37063e-13
1.08462e-13
5.15295e-14
2.60422e-14
1.43159e-14
8.86098e-15
6.15538e-15
4.64372e-15
3.68873e-15
3.16156e-15
2.8424e-15
2.63556e-15
2.48517e-15
2.37439e-15
2.29875e-15
2.25557e-15
2.23655e-15
2.23634e-15
2.26373e-15
2.27014e-15
2.33863e-15
2.44241e-15
2.4858e-15
2.53784e-15
2.58391e-15
2.61647e-15
2.30971e-18
6.92404e-18
1.15246e-17
1.61207e-17
2.08315e-17
2.61326e-17
3.3716e-17
6.35878e-17
6.0681e-16
8.72488e-15
9.04504e-14
6.65688e-13
3.03134e-12
7.34449e-12
1.08003e-11
1.1404e-11
1.00097e-11
7.65672e-12
5.07462e-12
2.97279e-12
1.60145e-12
7.90272e-13
3.6752e-13
1.65794e-13
7.2816e-14
3.21479e-14
1.48436e-14
7.45093e-15
4.15725e-15
2.63173e-15
1.88076e-15
1.46569e-15
1.19649e-15
1.04659e-15
9.51724e-16
8.92386e-16
8.46199e-16
8.08792e-16
7.84593e-16
7.71788e-16
7.67405e-16
7.69239e-16
7.81942e-16
7.77863e-16
7.9263e-16
8.28806e-16
8.42903e-16
8.60547e-16
8.77137e-16
8.88888e-16
8.16384e-19
2.44713e-18
4.07383e-18
5.69915e-18
7.35167e-18
9.1655e-18
1.17721e-17
2.24892e-17
2.28223e-16
3.48661e-15
3.81325e-14
2.92427e-13
1.36987e-12
3.37298e-12
4.9314e-12
5.16126e-12
4.43625e-12
3.28008e-12
2.07673e-12
1.15583e-12
5.89477e-13
2.75146e-13
1.21022e-13
5.18306e-14
2.17056e-14
9.21725e-15
4.19789e-15
2.11984e-15
1.20792e-15
7.89417e-16
5.83053e-16
4.6797e-16
3.91062e-16
3.49861e-16
3.21733e-16
3.03752e-16
2.8992e-16
2.77795e-16
2.69769e-16
2.6568e-16
2.6489e-16
2.64984e-16
2.69067e-16
2.67621e-16
2.71495e-16
2.83523e-16
2.87668e-16
2.93385e-16
2.98947e-16
3.03076e-16
2.88813e-19
8.65886e-19
1.44147e-18
2.01597e-18
2.5995e-18
3.23121e-18
4.13693e-18
7.92131e-18
8.66439e-17
1.38174e-15
1.57526e-14
1.27601e-13
6.17838e-13
1.53078e-12
2.26125e-12
2.34037e-12
1.94925e-12
1.38776e-12
8.35065e-13
4.4064e-13
2.13401e-13
9.43638e-14
3.93571e-14
1.60295e-14
6.40485e-15
2.64021e-15
1.19473e-15
6.1313e-16
3.60006e-16
2.43464e-16
1.84899e-16
1.51717e-16
1.29225e-16
1.17456e-16
1.09288e-16
1.03544e-16
9.92105e-17
9.54524e-17
9.28521e-17
9.144e-17
9.10978e-17
9.09512e-17
9.19506e-17
9.1602e-17
9.31683e-17
9.73499e-17
9.87775e-17
1.00697e-16
1.02602e-16
1.04061e-16
1.0226e-19
3.06566e-19
5.10402e-19
7.1389e-19
9.2008e-19
1.14127e-18
1.4546e-18
2.79197e-18
3.18306e-17
5.39622e-16
6.4956e-15
5.4704e-14
2.75813e-13
6.90462e-13
1.02808e-12
1.05215e-12
8.49967e-13
5.81371e-13
3.33146e-13
1.66146e-13
7.63526e-14
3.20884e-14
1.27084e-14
4.91503e-15
1.88621e-15
7.63108e-16
3.45618e-16
1.82062e-16
1.10952e-16
7.73502e-17
6.012e-17
5.02455e-17
4.33617e-17
3.97326e-17
3.73321e-17
3.54889e-17
3.40608e-17
3.29367e-17
3.21057e-17
3.1592e-17
3.14478e-17
3.13592e-17
3.16209e-17
3.14463e-17
3.20658e-17
3.35506e-17
3.40061e-17
3.46566e-17
3.53415e-17
3.58659e-17
3.62355e-20
1.08624e-19
1.80871e-19
2.53102e-19
3.26138e-19
4.02878e-19
5.06336e-19
9.88937e-19
1.22815e-17
2.20093e-16
2.76782e-15
2.40046e-14
1.23767e-13
3.17953e-13
4.69715e-13
4.71185e-13
3.68512e-13
2.39658e-13
1.30039e-13
6.13907e-14
2.66738e-14
1.06211e-14
3.98242e-15
1.46831e-15
5.41364e-16
2.15466e-16
9.98343e-17
5.45903e-17
3.45035e-17
2.47824e-17
1.96801e-17
1.66859e-17
1.45648e-17
1.34382e-17
1.27137e-17
1.21248e-17
1.16701e-17
1.13387e-17
1.10719e-17
1.08812e-17
1.08275e-17
1.0782e-17
1.08417e-17
1.07854e-17
1.10291e-17
1.1536e-17
1.16721e-17
1.18871e-17
1.21176e-17
1.23039e-17
1.28486e-20
3.85238e-20
6.41476e-20
8.97467e-20
1.15681e-19
1.42795e-19
1.78173e-19
3.48469e-19
4.79653e-18
8.90825e-17
1.15398e-15
1.05084e-14
5.58222e-14
1.45601e-13
2.15724e-13
2.10471e-13
1.57758e-13
9.73929e-14
4.98367e-14
2.22702e-14
9.16939e-15
3.46347e-15
1.23369e-15
4.3557e-16
1.55481e-16
6.17102e-17
2.9438e-17
1.67615e-17
1.09454e-17
8.04251e-18
6.48801e-18
5.55608e-18
4.90443e-18
4.55867e-18
4.3339e-18
4.14608e-18
3.9978e-18
3.88344e-18
3.79673e-18
3.7299e-18
3.70319e-18
3.68028e-18
3.69557e-18
3.68279e-18
3.78104e-18
3.96121e-18
4.01205e-18
4.08648e-18
4.16595e-18
4.23246e-18
4.55925e-21
1.36696e-20
2.27645e-20
3.18478e-20
4.10455e-20
5.06472e-20
6.31634e-20
1.23034e-19
1.81465e-18
3.55297e-17
4.79838e-16
4.54362e-15
2.50606e-14
6.56991e-14
9.81165e-14
9.32462e-14
6.66634e-14
3.93387e-14
1.89985e-14
7.99824e-15
3.12622e-15
1.12088e-15
3.7948e-16
1.28766e-16
4.50884e-17
1.80721e-17
8.90277e-18
5.29112e-18
3.5539e-18
2.64636e-18
2.15839e-18
1.8667e-18
1.66331e-18
1.55834e-18
1.49036e-18
1.43061e-18
1.38127e-18
1.34015e-18
1.31045e-18
1.28505e-18
1.27238e-18
1.2633e-18
1.268e-18
1.26208e-18
1.30003e-18
1.36441e-18
1.38142e-18
1.40709e-18
1.43544e-18
1.45913e-18
1.61905e-21
4.8539e-21
8.08466e-21
1.13185e-20
1.459e-20
1.79618e-20
2.21127e-20
4.36228e-20
7.15345e-19
1.50006e-17
2.10605e-16
2.02409e-15
1.13639e-14
3.05695e-14
4.47045e-14
4.10035e-14
2.80005e-14
1.56072e-14
7.09723e-15
2.82029e-15
1.04075e-15
3.52031e-16
1.1293e-16
3.6972e-17
1.28273e-17
5.24902e-18
2.72597e-18
1.68967e-18
1.15793e-18
8.72455e-19
7.21035e-19
6.26544e-19
5.57355e-19
5.29949e-19
5.11646e-19
4.94739e-19
4.80313e-19
4.64705e-19
4.5398e-19
4.43943e-19
4.37556e-19
4.3385e-19
4.35541e-19
4.33056e-19
4.46542e-19
4.68022e-19
4.72589e-19
4.8069e-19
4.90005e-19
4.98246e-19
5.75258e-22
1.72493e-21
2.87298e-21
4.022e-21
5.18766e-21
6.39072e-21
7.81577e-21
1.55813e-20
2.88782e-19
6.27372e-18
8.98942e-17
8.97726e-16
5.16822e-15
1.43216e-14
2.04246e-14
1.78921e-14
1.15984e-14
6.07994e-15
2.61184e-15
9.8167e-16
3.42037e-16
1.09382e-16
3.34395e-17
1.06012e-17
3.68297e-18
1.56431e-18
8.53463e-19
5.47745e-19
3.81185e-19
2.90651e-19
2.42333e-19
2.12033e-19
1.88403e-19
1.80682e-19
1.7547e-19
1.70516e-19
1.66513e-19
1.61234e-19
1.57278e-19
1.53354e-19
1.50434e-19
1.4856e-19
1.48724e-19
1.48452e-19
1.53592e-19
1.60816e-19
1.62348e-19
1.65004e-19
1.68075e-19
1.70949e-19
2.0452e-22
6.13281e-22
1.02158e-21
1.42982e-21
1.84464e-21
2.27398e-21
2.78503e-21
5.57068e-21
1.1423e-19
2.58823e-18
3.80701e-17
3.94322e-16
2.3411e-15
6.49346e-15
9.24251e-15
7.73135e-15
4.71408e-15
2.35012e-15
9.55057e-16
3.38242e-16
1.11722e-16
3.38619e-17
9.90144e-18
3.07849e-18
1.08289e-18
4.80223e-19
2.7264e-19
1.80421e-19
1.27361e-19
9.80082e-20
8.27265e-20
7.26258e-20
6.44171e-20
6.23091e-20
6.07439e-20
5.9188e-20
5.79129e-20
5.62189e-20
5.47569e-20
5.32067e-20
5.19129e-20
5.11099e-20
5.09776e-20
5.09123e-20
5.29609e-20
5.54998e-20
5.60156e-20
5.68938e-20
5.7938e-20
5.89383e-20
7.27603e-23
2.18168e-22
3.63465e-22
5.08813e-22
6.56204e-22
8.0879e-22
9.88797e-22
2.00097e-21
4.44067e-20
1.06559e-18
1.6245e-17
1.72225e-16
1.0568e-15
2.9617e-15
4.14531e-15
3.31854e-15
1.90009e-15
8.98957e-16
3.46702e-16
1.15817e-16
3.6099e-17
1.04209e-17
2.93828e-18
8.9902e-19
3.24697e-19
1.51304e-19
8.89483e-20
6.03958e-20
4.32076e-20
3.34734e-20
2.85514e-20
2.52103e-20
2.22623e-20
2.16789e-20
2.1173e-20
2.06451e-20
2.02456e-20
1.97243e-20
1.91737e-20
1.85669e-20
1.80336e-20
1.77266e-20
1.76162e-20
1.75834e-20
1.83564e-20
1.92418e-20
1.93821e-20
1.96692e-20
2.00395e-20
2.03889e-20
2.58999e-23
7.76618e-23
1.29393e-22
1.81263e-22
2.33921e-22
2.88221e-22
3.50747e-22
7.17553e-22
1.79749e-20
4.62618e-19
7.18974e-18
7.67645e-17
4.76564e-16
1.38116e-15
1.84878e-15
1.40367e-15
7.57927e-16
3.36789e-16
1.2281e-16
3.88091e-17
1.13807e-17
3.105e-18
8.45653e-19
2.59447e-19
9.70603e-20
4.76798e-20
2.92186e-20
2.02685e-20
1.46769e-20
1.14925e-20
9.84888e-21
8.71798e-21
7.6548e-21
7.53249e-21
7.38407e-21
7.20971e-21
7.08696e-21
6.9283e-21
6.71366e-21
6.48102e-21
6.27903e-21
6.16485e-21
6.10573e-21
6.11447e-21
6.35577e-21
6.59503e-21
6.6381e-21
6.73136e-21
6.84388e-21
6.95987e-21
9.22399e-24
2.76621e-23
4.6091e-23
6.456e-23
8.33863e-23
1.02892e-22
1.25073e-22
2.62116e-22
7.39622e-21
1.96333e-19
3.07609e-18
3.36453e-17
2.1205e-16
6.27399e-16
8.12068e-16
5.7903e-16
2.9467e-16
1.2319e-16
4.24956e-17
1.27052e-17
3.51987e-18
9.09229e-19
2.40763e-19
7.51536e-20
2.93473e-20
1.51641e-20
9.60996e-21
6.77078e-21
4.96678e-21
3.93626e-21
3.36835e-21
2.98063e-21
2.61992e-21
2.59854e-21
2.56577e-21
2.51413e-21
2.47126e-21
2.41358e-21
2.33371e-21
2.24813e-21
2.17279e-21
2.12669e-21
2.10261e-21
2.10596e-21
2.18271e-21
2.25134e-21
2.26377e-21
2.29101e-21
2.32594e-21
2.36556e-21
3.28687e-24
9.85734e-24
1.64267e-23
2.30055e-23
2.97203e-23
3.67015e-23
4.46803e-23
9.34577e-23
2.92015e-21
8.11716e-20
1.27995e-18
1.41536e-17
8.937e-17
2.59718e-16
3.33022e-16
2.23418e-16
1.06688e-16
4.23239e-17
1.37829e-17
3.88745e-18
1.01881e-18
2.50065e-19
6.49508e-20
2.09536e-20
8.59734e-21
4.66197e-21
3.02866e-21
2.16573e-21
1.61342e-21
1.287e-21
1.09951e-21
9.7494e-22
8.68121e-22
8.7062e-22
8.67594e-22
8.52136e-22
8.37216e-22
8.14414e-22
7.83063e-22
7.50134e-22
7.22557e-22
7.05055e-22
6.94011e-22
6.93524e-22
7.18103e-22
7.37514e-22
7.39352e-22
7.46228e-22
7.56786e-22
7.69795e-22
1.17337e-24
3.51982e-24
5.86789e-24
8.2206e-24
1.06017e-23
1.30371e-23
1.5917e-23
5.96061e-23
1.97907e-21
3.82165e-20
4.92341e-19
4.84834e-18
2.63599e-17
7.11396e-17
8.91065e-17
5.61488e-17
2.49102e-17
9.30066e-18
2.82672e-18
7.49601e-19
1.78392e-19
4.18714e-20
1.09176e-20
3.70087e-21
1.61538e-21
9.42045e-22
6.21898e-22
4.52643e-22
3.44547e-22
2.75761e-22
2.38801e-22
2.16185e-22
2.01925e-22
2.09891e-22
2.09124e-22
2.03611e-22
1.9814e-22
1.89228e-22
1.77571e-22
1.67164e-22
1.59942e-22
1.55539e-22
1.51461e-22
1.51179e-22
1.58854e-22
1.61638e-22
1.59258e-22
1.59677e-22
1.6217e-22
1.65848e-22
