0.0549268
0.152326
0.23172
0.300812
0.363898
0.423823
0.482591
0.54156
0.60164
0.663668
0.728041
0.794995
0.864745
0.937105
1.01187
1.08879
1.16736
1.24707
1.32738
1.40762
1.48736
1.56607
1.64278
1.71765
1.79104
1.86157
1.92707
1.9885
2.04824
2.10499
2.15995
2.21301
2.26283
2.31029
2.35672
2.40341
2.451
2.49789
2.54214
2.58284
2.61894
2.64798
2.66712
2.67518
2.69659
2.74264
2.79567
2.84918
2.90135
2.94998
0.0249453
0.0703106
0.107833
0.140843
0.171139
0.199901
0.228088
0.256298
0.284984
0.314666
0.345676
0.378181
0.412427
0.448659
0.486794
0.526719
0.568493
0.611795
0.656116
0.701119
0.746405
0.791366
0.835699
0.879126
0.921238
0.961814
1.0013
1.03748
1.07041
1.10108
1.13007
1.15967
1.18731
1.21316
1.23948
1.26709
1.29417
1.32021
1.34591
1.36856
1.38996
1.4084
1.42036
1.4236
1.42877
1.451
1.48399
1.51956
1.55613
1.59259
0.0125221
0.0354031
0.0544923
0.0714677
0.0872649
0.102521
0.117716
0.133166
0.149094
0.165789
0.183405
0.202042
0.221859
0.242936
0.265265
0.288827
0.313545
0.339249
0.365653
0.39237
0.419138
0.445557
0.47089
0.495232
0.518682
0.540823
0.5619
0.582276
0.601097
0.618118
0.634131
0.650082
0.665148
0.678963
0.692478
0.705848
0.720069
0.734713
0.749234
0.762896
0.774608
0.785143
0.792956
0.795566
0.794229
0.800934
0.818725
0.839038
0.860139
0.879704
0.00637329
0.0181208
0.0280439
0.0369791
0.0454535
0.0538375
0.0623604
0.0712118
0.0805722
0.090579
0.10132
0.112916
0.125433
0.138843
0.153197
0.168492
0.184528
0.201165
0.218222
0.235327
0.252274
0.268792
0.284373
0.298721
0.31198
0.324185
0.335753
0.347023
0.35763
0.367135
0.375786
0.384382
0.392469
0.39964
0.406498
0.413187
0.419537
0.426499
0.434578
0.442817
0.450236
0.456566
0.460944
0.462967
0.462682
0.465496
0.474892
0.486769
0.499066
0.509447
0.003307
0.0094436
0.0146645
0.0194181
0.0240048
0.0286424
0.0334735
0.0386169
0.044193
0.0503102
0.0570313
0.0644443
0.0725993
0.0814662
0.0910778
0.101395
0.112241
0.123484
0.134919
0.146196
0.157147
0.167599
0.177351
0.186284
0.194231
0.20122
0.20752
0.213568
0.219345
0.22492
0.230216
0.235296
0.239928
0.244012
0.24787
0.25135
0.254593
0.257847
0.261413
0.265519
0.269929
0.273934
0.276771
0.278077
0.27746
0.278238
0.283327
0.290563
0.297914
0.303522
0.00173268
0.00493898
0.00766095
0.0101985
0.0126869
0.0152289
0.0179553
0.0209391
0.0242441
0.0279725
0.0321984
0.0369548
0.04228
0.0482221
0.054744
0.0617721
0.0692588
0.0770391
0.084859
0.0925024
0.0998122
0.106632
0.112891
0.118427
0.1232
0.12751
0.130993
0.134057
0.137303
0.140271
0.143085
0.145955
0.148661
0.151034
0.153239
0.155289
0.157017
0.158593
0.160456
0.162815
0.165261
0.16744
0.169162
0.170109
0.169612
0.169595
0.172365
0.176795
0.181258
0.18436
0.0009188
0.00263006
0.0040825
0.00543416
0.00676962
0.00815798
0.00967061
0.0113655
0.0133036
0.0155613
0.0181888
0.0212343
0.0247387
0.0287054
0.0331332
0.0379889
0.0431596
0.048518
0.0539042
0.0590405
0.0638204
0.0681852
0.0720392
0.0755316
0.07857
0.0810832
0.0832229
0.0849766
0.0866411
0.0883919
0.090067
0.091567
0.0929594
0.0942792
0.0954985
0.0966392
0.097574
0.0983214
0.0990385
0.100018
0.101428
0.102921
0.104102
0.104789
0.104477
0.104195
0.105692
0.10839
0.110891
0.112371
0.000477706
0.00139296
0.0021878
0.00291195
0.00363984
0.00442287
0.00527296
0.00623854
0.00738084
0.00874098
0.0103704
0.0123282
0.0146379
0.0172907
0.020306
0.0236569
0.0272381
0.0309373
0.034606
0.0380563
0.0411639
0.0438512
0.0461352
0.0481245
0.0498599
0.0512557
0.0523608
0.0532906
0.0541041
0.0549884
0.0559376
0.056737
0.0574263
0.0581462
0.0588285
0.0594629
0.0600931
0.0605798
0.0609338
0.0612716
0.0618054
0.0626277
0.0634103
0.0639139
0.063774
0.0634959
0.0642591
0.0658303
0.0671217
0.0677045
0.000227634
0.00066693
0.00105912
0.00144519
0.00185289
0.0022984
0.00279854
0.00337703
0.00406594
0.00490146
0.00592484
0.00718256
0.00870244
0.0104843
0.0125381
0.0148296
0.0172716
0.0197908
0.0222576
0.0245089
0.0265046
0.0281854
0.0295185
0.03062
0.0315483
0.0322982
0.0328571
0.0332621
0.0336012
0.0339894
0.034448
0.0348251
0.0351208
0.0354334
0.0357391
0.0360325
0.0363356
0.0366081
0.0367999
0.0369632
0.0372394
0.0377111
0.0382252
0.0385672
0.0385245
0.0383659
0.038799
0.0397235
0.0403919
0.0406016
8.96917e-05
0.000269633
0.000444692
0.000637509
0.000859704
0.00111501
0.0014126
0.00176495
0.00218954
0.002709
0.00335491
0.00416636
0.00516866
0.00636428
0.00776002
0.00932437
0.0109832
0.0126704
0.014296
0.0157335
0.0169728
0.0179905
0.0187403
0.0193083
0.0197539
0.0200992
0.0203662
0.0205457
0.0206564
0.0207857
0.0209661
0.0211086
0.0212009
0.0213072
0.0214172
0.0215277
0.0216476
0.0217621
0.0218415
0.0218843
0.0219637
0.0221844
0.0224858
0.022709
0.0227072
0.0226096
0.0228495
0.0233727
0.0236937
0.0237367
2.72824e-05
8.68586e-05
0.00015518
0.000243687
0.000358958
0.000502112
0.000677335
0.000891907
0.00115538
0.00147975
0.00188791
0.00241174
0.0030724
0.00387437
0.00482121
0.00588489
0.00700346
0.00812088
0.00917455
0.0100756
0.0108151
0.0113928
0.0117865
0.0120485
0.0122347
0.0123566
0.0124349
0.0124858
0.0124948
0.0125044
0.0125485
0.0125725
0.0125687
0.0125784
0.012596
0.0126216
0.0126589
0.0127038
0.0127349
0.0127355
0.0127314
0.012812
0.0129765
0.0131095
0.0131131
0.0130514
0.0131763
0.0134549
0.0135932
0.0135775
6.08729e-06
2.15372e-05
4.42564e-05
8.02759e-05
0.00013491
0.000210445
0.000309811
0.000437927
0.000600627
0.00080326
0.00106103
0.00139853
0.00183308
0.00237017
0.00301114
0.00373077
0.00447757
0.00520829
0.00588032
0.00643132
0.00685535
0.00715902
0.00734277
0.00744005
0.00749177
0.00750847
0.00749848
0.0074785
0.00743992
0.00739858
0.00737833
0.0073486
0.0073035
0.00727123
0.00724691
0.00723157
0.00722934
0.00723878
0.00724571
0.00723427
0.00721302
0.00723342
0.00731621
0.00739963
0.0074102
0.00737383
0.00743597
0.00757762
0.00763084
0.00760521
1.051e-06
4.32659e-06
1.0796e-05
2.35852e-05
4.67021e-05
8.33246e-05
0.000136619
0.000210392
0.000309352
0.000435717
0.000598832
0.000816171
0.00110136
0.00146015
0.00189311
0.00237716
0.00287074
0.00334207
0.00376186
0.00408702
0.00431828
0.00446434
0.00453551
0.00455476
0.00454532
0.00451675
0.00447263
0.00442379
0.00436768
0.00431025
0.00426583
0.00421918
0.00416411
0.00411988
0.00408348
0.00405418
0.00403488
0.00402464
0.00401777
0.00400486
0.00398542
0.00398179
0.00401626
0.0040655
0.00407652
0.00405509
0.00408486
0.00415426
0.00417232
0.00415313
1.68193e-07
8.02557e-07
2.46023e-06
6.54856e-06
1.54312e-05
3.18337e-05
5.87303e-05
9.9656e-05
0.000158539
0.000237015
0.000340762
0.00048118
0.000668485
0.000907598
0.00119934
0.00152268
0.00184597
0.0021453
0.00239942
0.00258203
0.00270009
0.00276142
0.00277808
0.00276554
0.00273526
0.00269363
0.00264323
0.00259062
0.00253493
0.00247921
0.00243105
0.00238343
0.00233281
0.00229095
0.00225651
0.00222778
0.00220542
0.00218923
0.00217717
0.00216603
0.00215204
0.00214184
0.00215367
0.00217946
0.00218579
0.00217299
0.00218602
0.00221806
0.00222273
0.00221179
3.10816e-08
1.5963e-07
5.79392e-07
1.84605e-06
5.11035e-06
1.21502e-05
2.52288e-05
4.72691e-05
8.15074e-05
0.000129866
0.000196031
0.000287051
0.000410513
0.000569722
0.00076649
0.000981133
0.00119014
0.00137641
0.00152275
0.00161903
0.00167379
0.00169331
0.00168715
0.00166447
0.00163084
0.00159027
0.00154529
0.00149989
0.00145319
0.00140684
0.001365
0.00132417
0.00128332
0.00124936
0.00122126
0.00119783
0.00117826
0.00116279
0.00115094
0.00114229
0.00113317
0.00112381
0.00112699
0.00114092
0.00114469
0.00113691
0.00114191
0.00115566
0.00115564
0.00115038
8.00835e-09
4.08774e-08
1.60257e-07
5.82497e-07
1.8267e-06
4.79813e-06
1.10477e-05
2.26811e-05
4.18026e-05
7.08434e-05
0.000112786
0.000171656
0.000252599
0.000358913
0.000489859
0.000631428
0.00076633
0.000879487
0.000961484
0.00100911
0.00102946
0.0010303
0.00101699
0.000993015
0.000962871
0.000929682
0.000893387
0.000857425
0.000822197
0.000787476
0.000755689
0.000725246
0.00069552
0.000670309
0.000649257
0.00063215
0.000617326
0.000605113
0.000596034
0.00058949
0.000583175
0.00057651
0.000576445
0.000582865
0.000584349
0.000579638
0.000581586
0.00058797
0.000587143
0.000584468
1.90429e-09
8.79493e-09
3.66937e-08
1.58079e-07
5.94461e-07
1.81399e-06
4.66343e-06
1.05072e-05
2.12076e-05
3.84673e-05
6.47429e-05
0.000103141
0.000156469
0.000227156
0.000314192
0.000407243
0.000492967
0.000559832
0.000603984
0.000624568
0.000629218
0.000623082
0.000608439
0.000587808
0.000563663
0.000537893
0.000510883
0.000484298
0.000458585
0.000433953
0.000411474
0.000390068
0.000369571
0.000352218
0.000337628
0.000325644
0.000315538
0.000307131
0.000300569
0.000295874
0.000291923
0.000287565
0.000286152
0.000288862
0.000289803
0.000287483
0.000287868
0.000290333
0.000289747
0.000288698
5.52812e-10
2.22876e-09
9.07868e-09
4.48135e-08
1.98477e-07
6.99837e-07
2.01506e-06
4.98431e-06
1.09233e-05
2.11898e-05
3.7727e-05
6.28218e-05
9.8275e-05
0.000144863
0.000202973
0.000263601
0.000316335
0.000354741
0.000376393
0.000383455
0.000381936
0.000374221
0.000361619
0.000345471
0.000327022
0.000307855
0.000288488
0.000269638
0.000251767
0.000235146
0.000220063
0.00020573
0.000192277
0.000180971
0.000171456
0.000163593
0.000157068
0.00015165
0.000147266
0.000144111
0.000141734
0.000139181
0.000137765
0.000138611
0.000139064
0.000137927
0.000137896
0.000138746
0.00013836
0.000137983
1.72186e-10
6.14452e-10
2.29756e-09
1.26768e-08
6.53736e-08
2.70793e-07
8.85763e-07
2.41247e-06
5.70262e-06
1.18442e-05
2.22693e-05
3.86885e-05
6.22895e-05
9.3427e-05
0.000132096
0.000170837
0.000202576
0.000223402
0.000232857
0.000234107
0.000230561
0.000223406
0.000213369
0.000201304
0.000187815
0.00017397
0.000160579
0.000147722
0.000135742
0.000124945
0.000115234
0.000106126
9.7683e-05
9.07454e-05
8.4929e-05
8.00535e-05
7.60783e-05
7.28077e-05
7.01106e-05
6.81201e-05
6.6688e-05
6.52926e-05
6.42507e-05
6.43237e-05
6.44764e-05
6.38596e-05
6.38251e-05
6.41852e-05
6.39393e-05
6.3814e-05
5.78777e-11
1.92167e-10
6.44245e-10
3.85786e-09
2.35293e-08
1.09539e-07
3.95798e-07
1.17641e-06
2.99978e-06
6.59342e-06
1.30675e-05
2.3768e-05
3.94301e-05
6.02656e-05
8.59083e-05
0.000110579
0.00012902
0.000139506
0.000143299
0.000142249
0.000138387
0.000132595
0.000125114
0.000116323
0.000106817
9.73881e-05
8.83907e-05
7.98713e-05
7.21844e-05
6.5434e-05
5.93885e-05
5.38427e-05
4.88204e-05
4.46532e-05
4.11904e-05
3.83627e-05
3.60606e-05
3.41668e-05
3.2621e-05
3.14655e-05
3.06155e-05
2.98451e-05
2.92301e-05
2.91779e-05
2.92463e-05
2.89388e-05
2.88332e-05
2.89166e-05
2.87952e-05
2.87349e-05
1.903e-11
5.9072e-11
1.62162e-10
9.85712e-10
7.2577e-09
4.0936e-08
1.71219e-07
5.67202e-07
1.57201e-06
3.68897e-06
7.70891e-06
1.46645e-05
2.50702e-05
3.88262e-05
5.57509e-05
7.11265e-05
8.15409e-05
8.67505e-05
8.77666e-05
8.6018e-05
8.27206e-05
7.8245e-05
7.28161e-05
6.67237e-05
6.02325e-05
5.3879e-05
4.79886e-05
4.25885e-05
3.77684e-05
3.36136e-05
3.00083e-05
2.67517e-05
2.38369e-05
2.14548e-05
1.94974e-05
1.79005e-05
1.66159e-05
1.55745e-05
1.47215e-05
1.40755e-05
1.35989e-05
1.32028e-05
1.28564e-05
1.27644e-05
1.27934e-05
1.26499e-05
1.25893e-05
1.26062e-05
1.25467e-05
1.2524e-05
6.50577e-12
1.96833e-11
4.76993e-11
2.85852e-10
2.41325e-09
1.56174e-08
7.44872e-08
2.75044e-07
8.24138e-07
2.06311e-06
4.54745e-06
9.02564e-06
1.59007e-05
2.50815e-05
3.60937e-05
4.55193e-05
5.12105e-05
5.35268e-05
5.34494e-05
5.17938e-05
4.91837e-05
4.59107e-05
4.2116e-05
3.79354e-05
3.36138e-05
2.95108e-05
2.57526e-05
2.23812e-05
1.94776e-05
1.70141e-05
1.49021e-05
1.30487e-05
1.1423e-05
1.00984e-05
9.02706e-06
8.16919e-06
7.47791e-06
6.92381e-06
6.48038e-06
6.1403e-06
5.88471e-06
5.68379e-06
5.50694e-06
5.43974e-06
5.44389e-06
5.3743e-06
5.34036e-06
5.34314e-06
5.3148e-06
5.30386e-06
2.1765e-12
6.5078e-12
1.34047e-11
7.06123e-11
7.10875e-10
5.62481e-09
3.12787e-08
1.3011e-07
4.3152e-07
1.15605e-06
2.68574e-06
5.58419e-06
1.01213e-05
1.61634e-05
2.32896e-05
2.89373e-05
3.19385e-05
3.28821e-05
3.24144e-05
3.10309e-05
2.91002e-05
2.67623e-05
2.41465e-05
2.13798e-05
1.85733e-05
1.59485e-05
1.36184e-05
1.15855e-05
9.85758e-06
8.4311e-06
7.24168e-06
6.21445e-06
5.33207e-06
4.62693e-06
4.06328e-06
3.61508e-06
3.26024e-06
2.98015e-06
2.7567e-06
2.58554e-06
2.45581e-06
2.35789e-06
2.27472e-06
2.23384e-06
2.23127e-06
2.20388e-06
2.186e-06
2.18297e-06
2.17119e-06
2.16687e-06
7.47218e-13
2.22892e-12
4.27658e-12
2.04166e-11
2.31338e-10
2.08046e-09
1.32676e-08
6.203e-08
2.23636e-07
6.45116e-07
1.58644e-06
3.43699e-06
6.41979e-06
1.04253e-05
1.49556e-05
1.82636e-05
1.97906e-05
2.0079e-05
1.95717e-05
1.85286e-05
1.71316e-05
1.5505e-05
1.37474e-05
1.19293e-05
1.01427e-05
8.52492e-06
7.10883e-06
5.90286e-06
4.91461e-06
4.11238e-06
3.45567e-06
2.90541e-06
2.44191e-06
2.07521e-06
1.78767e-06
1.56361e-06
1.38643e-06
1.24834e-06
1.14114e-06
1.05877e-06
9.95675e-07
9.49021e-07
9.10455e-07
8.90309e-07
8.8842e-07
8.7605e-07
8.68007e-07
8.66813e-07
8.61672e-07
8.59669e-07
2.51383e-13
7.52548e-13
1.33931e-12
4.78207e-12
6.11416e-11
6.96123e-10
5.27521e-09
2.82645e-08
1.15347e-07
3.59283e-07
9.33931e-07
2.12443e-06
4.07679e-06
6.70185e-06
9.55231e-06
1.14562e-05
1.21989e-05
1.22162e-05
1.1768e-05
1.10033e-05
1.0034e-05
8.9224e-06
7.74865e-06
6.5859e-06
5.47362e-06
4.48454e-06
3.64958e-06
2.95782e-06
2.39849e-06
1.95854e-06
1.60848e-06
1.32061e-06
1.08442e-06
9.02372e-07
7.61553e-07
6.53002e-07
5.69238e-07
5.04888e-07
4.55007e-07
4.1726e-07
3.88539e-07
3.6742e-07
3.50781e-07
3.40563e-07
3.38407e-07
3.34155e-07
3.30557e-07
3.29587e-07
3.27775e-07
3.27072e-07
8.63897e-14
2.59676e-13
4.50404e-13
1.3923e-12
1.8937e-11
2.46435e-10
2.15287e-09
1.31434e-08
5.87083e-08
1.98211e-07
5.47845e-07
1.30017e-06
2.57156e-06
4.28102e-06
6.05397e-06
7.12786e-06
7.48015e-06
7.40113e-06
7.05365e-06
6.51205e-06
5.84639e-06
5.10141e-06
4.33379e-06
3.5955e-06
2.91472e-06
2.32968e-06
1.84592e-06
1.45596e-06
1.15146e-06
9.16785e-07
7.34141e-07
5.88597e-07
4.71943e-07
3.83462e-07
3.16525e-07
2.66109e-07
2.27474e-07
1.98193e-07
1.76078e-07
1.59412e-07
1.46742e-07
1.37557e-07
1.30526e-07
1.26276e-07
1.25292e-07
1.23466e-07
1.21979e-07
1.21591e-07
1.20896e-07
1.20605e-07
2.93898e-14
8.84624e-14
1.50787e-13
3.53441e-13
4.72168e-12
7.82579e-11
8.23666e-10
5.7938e-09
2.95826e-08
1.09011e-07
3.19801e-07
7.97469e-07
1.61907e-06
2.7264e-06
3.81117e-06
4.40988e-06
4.56493e-06
4.46801e-06
4.2079e-06
3.83182e-06
3.38437e-06
2.89239e-06
2.39723e-06
1.93832e-06
1.53022e-06
1.18824e-06
9.15872e-07
7.02654e-07
5.39053e-07
4.17192e-07
3.25441e-07
2.53924e-07
1.98158e-07
1.57173e-07
1.26746e-07
1.04167e-07
8.73387e-08
7.47783e-08
6.53356e-08
5.8359e-08
5.31644e-08
4.94012e-08
4.65904e-08
4.47053e-08
4.41127e-08
4.35199e-08
4.29683e-08
4.28158e-08
4.26108e-08
4.2526e-08
1.01791e-14
3.07072e-14
5.18601e-14
1.09402e-13
1.47577e-12
2.80004e-11
3.34755e-10
2.65052e-09
1.48682e-08
5.93234e-08
1.85247e-07
4.82915e-07
1.00952e-06
1.71173e-06
2.37595e-06
2.7088e-06
2.77475e-06
2.68787e-06
2.50142e-06
2.24255e-06
1.94423e-06
1.62488e-06
1.31308e-06
1.03273e-06
7.91962e-07
5.97707e-07
4.47073e-07
3.32668e-07
2.47809e-07
1.86282e-07
1.41189e-07
1.07168e-07
8.13872e-08
6.28196e-08
4.93884e-08
3.96782e-08
3.2553e-08
2.73139e-08
2.3467e-08
2.06591e-08
1.85864e-08
1.71079e-08
1.60357e-08
1.53188e-08
1.50706e-08
1.48539e-08
1.46448e-08
1.45809e-08
1.45142e-08
1.44861e-08
3.51309e-15
1.05761e-14
1.78106e-14
3.16726e-14
3.56334e-13
8.63903e-12
1.26333e-10
1.15683e-09
7.34616e-09
3.22861e-08
1.07539e-07
2.9312e-07
6.27864e-07
1.07421e-06
1.4719e-06
1.65537e-06
1.67954e-06
1.61168e-06
1.47937e-06
1.30342e-06
1.10634e-06
9.02244e-07
7.09318e-07
5.41951e-07
4.03188e-07
2.94526e-07
2.13505e-07
1.53858e-07
1.10662e-07
8.04318e-08
5.9193e-08
4.36035e-08
3.20693e-08
2.40747e-08
1.84379e-08
1.44352e-08
1.15822e-08
9.52615e-09
8.03031e-09
6.95732e-09
6.18534e-09
5.6359e-09
5.24423e-09
4.99293e-09
4.90875e-09
4.83825e-09
4.7685e-09
4.75155e-09
4.73551e-09
4.72899e-09
1.22728e-15
3.69765e-15
6.1918e-15
1.0406e-14
1.15699e-13
3.23888e-12
5.29457e-11
5.34495e-10
3.72091e-09
1.74557e-08
6.15934e-08
1.76421e-07
3.87676e-07
6.63109e-07
9.02738e-07
1.00812e-06
1.01405e-06
9.63569e-07
8.71351e-07
7.52008e-07
6.23393e-07
4.94559e-07
3.7821e-07
2.8057e-07
2.01996e-07
1.42914e-07
1.00194e-07
6.97097e-08
4.84362e-08
3.40671e-08
2.42571e-08
1.73213e-08
1.2365e-08
9.00096e-09
6.69044e-09
5.10377e-09
3.99791e-09
3.21338e-09
2.65576e-09
2.26392e-09
1.98483e-09
1.7909e-09
1.65779e-09
1.56752e-09
1.53366e-09
1.51479e-09
1.49337e-09
1.48765e-09
1.48426e-09
1.48342e-09
4.30209e-16
1.29547e-15
2.1632e-15
3.48279e-15
3.534e-14
1.1035e-12
2.08349e-11
2.41912e-10
1.81062e-09
9.2541e-09
3.50156e-08
1.04267e-07
2.36841e-07
4.09883e-07
5.51292e-07
6.0991e-07
6.09299e-07
5.72096e-07
5.10011e-07
4.31696e-07
3.48797e-07
2.69455e-07
2.00299e-07
1.4363e-07
1.00103e-07
6.87072e-08
4.6452e-08
3.11519e-08
2.09638e-08
1.42274e-08
9.78103e-09
6.78229e-09
4.6923e-09
3.3037e-09
2.38413e-09
1.7713e-09
1.3484e-09
1.05685e-09
8.56245e-10
7.15944e-10
6.17489e-10
5.5064e-10
5.0532e-10
4.77884e-10
4.6943e-10
4.62281e-10
4.54657e-10
4.52742e-10
4.51881e-10
4.51685e-10
1.50546e-16
4.52726e-16
7.55784e-16
1.13764e-15
8.8946e-15
3.63026e-13
8.27321e-12
1.05451e-10
8.92664e-10
4.93722e-09
1.97874e-08
6.23529e-08
1.44955e-07
2.52826e-07
3.3539e-07
3.67858e-07
3.64864e-07
3.3851e-07
2.96674e-07
2.45649e-07
1.93292e-07
1.44843e-07
1.04092e-07
7.22615e-08
4.8677e-08
3.21224e-08
2.09477e-08
1.35442e-08
8.73818e-09
5.7046e-09
3.78432e-09
2.53032e-09
1.68672e-09
1.14858e-09
8.0218e-10
5.77561e-10
4.28904e-10
3.28761e-10
2.60351e-10
2.13887e-10
1.82103e-10
1.60674e-10
1.46665e-10
1.37604e-10
1.34521e-10
1.33196e-10
1.31296e-10
1.30974e-10
1.31023e-10
1.31183e-10
5.29649e-17
1.59191e-16
2.65371e-16
3.92393e-16
2.82646e-15
1.31104e-13
3.42945e-12
4.88757e-11
4.45441e-10
2.64e-09
1.12218e-08
3.68812e-08
8.81047e-08
1.52601e-07
2.02713e-07
2.21426e-07
2.18077e-07
1.99757e-07
1.71594e-07
1.38413e-07
1.05973e-07
7.68561e-08
5.33595e-08
3.58315e-08
2.32613e-08
1.47687e-08
9.24585e-09
5.74105e-09
3.55736e-09
2.22945e-09
1.42175e-09
9.1786e-10
5.90337e-10
3.87628e-10
2.61474e-10
1.82544e-10
1.31667e-10
9.82686e-11
7.61003e-11
6.13404e-11
5.14305e-11
4.49176e-11
4.07812e-11
3.81535e-11
3.72428e-11
3.6965e-11
3.64805e-11
3.64429e-11
3.6535e-11
3.66324e-11
1.86398e-17
5.5962e-17
9.33206e-17
1.34523e-16
6.97975e-16
3.9939e-14
1.34039e-12
2.20962e-11
2.2107e-10
1.41814e-09
6.40794e-09
2.1899e-08
5.34724e-08
9.29091e-08
1.22586e-07
1.3313e-07
1.30105e-07
1.17433e-07
9.85349e-08
7.72838e-08
5.7318e-08
4.01644e-08
2.68622e-08
1.73954e-08
1.08594e-08
6.59387e-09
3.95887e-09
2.35367e-09
1.39028e-09
8.3199e-10
5.09608e-10
3.1631e-10
1.94701e-10
1.23244e-10
8.02033e-11
5.40321e-11
3.78645e-11
2.75623e-11
2.08555e-11
1.65124e-11
1.36915e-11
1.18504e-11
1.07128e-11
1.00178e-11
9.78592e-12
9.76202e-12
9.65581e-12
9.67648e-12
9.73197e-12
9.78008e-12
6.57469e-18
1.97459e-17
3.29041e-17
4.71224e-17
2.40709e-16
1.55627e-14
5.78733e-13
1.04385e-11
1.13751e-10
7.64806e-10
3.60892e-09
1.29553e-08
3.23703e-08
5.61061e-08
7.40518e-08
8.02072e-08
7.74435e-08
6.87364e-08
5.61826e-08
4.27224e-08
3.06367e-08
2.07139e-08
1.33643e-08
8.32549e-09
4.98006e-09
2.89508e-09
1.66113e-09
9.42208e-10
5.31154e-10
3.0412e-10
1.78041e-10
1.05995e-10
6.2794e-11
3.81763e-11
2.385e-11
1.55202e-11
1.05465e-11
7.45716e-12
5.50878e-12
4.28605e-12
3.50682e-12
3.01361e-12
2.72306e-12
2.5276e-12
2.45468e-12
2.472e-12
2.45819e-12
2.4722e-12
2.49454e-12
2.51306e-12
2.32106e-18
6.97001e-18
1.16153e-17
1.65624e-17
7.78319e-17
5.50514e-15
2.37141e-13
4.87514e-12
5.64345e-11
4.05909e-10
2.02513e-09
7.53061e-09
1.94196e-08
3.36402e-08
4.44566e-08
4.80086e-08
4.58843e-08
4.00162e-08
3.19004e-08
2.34856e-08
1.6276e-08
1.06128e-08
6.59311e-09
3.93755e-09
2.25647e-09
1.2558e-09
6.85431e-10
3.70618e-10
1.99857e-10
1.0904e-10
6.09085e-11
3.48766e-11
1.98351e-11
1.15504e-11
6.93794e-12
4.35849e-12
2.8602e-12
1.96235e-12
1.41664e-12
1.08134e-12
8.73721e-13
7.47583e-13
6.76484e-13
6.24853e-13
6.02571e-13
6.10174e-13
6.07875e-13
6.12854e-13
6.20408e-13
6.26389e-13
8.20036e-19
2.46187e-18
4.10465e-18
5.81496e-18
2.12855e-17
1.70738e-15
9.30024e-14
2.23996e-12
2.8653e-11
2.19001e-10
1.14819e-09
4.4244e-09
1.16568e-08
2.03904e-08
2.67813e-08
2.87211e-08
2.70887e-08
2.31269e-08
1.79227e-08
1.27735e-08
8.53707e-09
5.35472e-09
3.18833e-09
1.82158e-09
9.95671e-10
5.25467e-10
2.7283e-10
1.40191e-10
7.15098e-11
3.69979e-11
1.97246e-11
1.0793e-11
5.83667e-12
3.25847e-12
1.87743e-12
1.13055e-12
7.18249e-13
4.80065e-13
3.39016e-13
2.55413e-13
2.05636e-13
1.75839e-13
1.59616e-13
1.48236e-13
1.43125e-13
1.4581e-13
1.45621e-13
1.47261e-13
1.4949e-13
1.5131e-13
2.90024e-19
8.71182e-19
1.45247e-18
2.05353e-18
7.57208e-18
6.75444e-16
4.01726e-14
1.06205e-12
1.48942e-11
1.18445e-10
6.44764e-10
2.59681e-09
6.99634e-09
1.22572e-08
1.61776e-08
1.72102e-08
1.59041e-08
1.32542e-08
9.94763e-09
6.85119e-09
4.42153e-09
2.66708e-09
1.52303e-09
8.31395e-10
4.31572e-10
2.16106e-10
1.06354e-10
5.17606e-11
2.50024e-11
1.22804e-11
6.2139e-12
3.24272e-12
1.67916e-12
8.95812e-13
4.9301e-13
2.85309e-13
1.75091e-13
1.13642e-13
7.85443e-14
5.84557e-14
4.67812e-14
3.99927e-14
3.63884e-14
3.40147e-14
3.31156e-14
3.40362e-14
3.41729e-14
3.46825e-14
3.53147e-14
3.58335e-14
1.02675e-19
3.08363e-19
5.14271e-19
7.26476e-19
2.56078e-18
2.43672e-16
1.65418e-14
5.01075e-13
7.47611e-12
6.30756e-11
3.60805e-10
1.50158e-09
4.17048e-09
7.3358e-09
9.70799e-09
1.02488e-08
9.29209e-09
7.54818e-09
5.49115e-09
3.6441e-09
2.26884e-09
1.31719e-09
7.20533e-10
3.74564e-10
1.84751e-10
8.78107e-11
4.07509e-11
1.87576e-11
8.6002e-12
3.99281e-12
1.91371e-12
9.56067e-13
4.73022e-13
2.40486e-13
1.26647e-13
7.04846e-14
4.16389e-14
2.62507e-14
1.78204e-14
1.3113e-14
1.04614e-14
8.97921e-15
8.20956e-15
7.71049e-15
7.58512e-15
7.87108e-15
7.93005e-15
8.076e-15
8.25403e-15
8.39592e-15
3.63803e-20
1.09242e-19
1.82253e-19
2.57258e-19
7.70798e-19
7.67437e-17
6.33043e-15
2.3072e-13
3.85043e-12
3.43685e-11
2.05478e-10
8.80504e-10
2.49316e-09
4.45224e-09
5.84557e-09
6.08857e-09
5.41056e-09
4.25388e-09
2.9879e-09
1.91174e-09
1.14461e-09
6.37908e-10
3.32823e-10
1.6453e-10
7.66777e-11
3.42077e-11
1.4981e-11
6.49417e-12
2.78988e-12
1.21735e-12
5.52766e-13
2.62317e-13
1.22499e-13
5.95108e-14
2.99518e-14
1.59139e-14
9.10123e-15
5.62167e-15
3.77903e-15
2.78902e-15
2.25516e-15
1.96369e-15
1.81827e-15
1.7298e-15
1.72572e-15
1.80774e-15
1.82813e-15
1.86821e-15
1.91418e-15
1.95195e-15
1.2898e-20
3.87514e-20
6.46547e-20
9.1187e-20
2.8591e-19
3.20373e-17
2.79894e-15
1.09849e-13
2.03449e-12
1.87934e-11
1.15724e-10
5.17159e-10
1.49566e-09
2.68799e-09
3.52999e-09
3.61089e-09
3.12354e-09
2.3741e-09
1.60437e-09
9.88982e-10
5.69328e-10
3.04248e-10
1.51498e-10
7.11363e-11
3.12465e-11
1.31156e-11
5.39924e-12
2.19902e-12
8.87193e-13
3.64464e-13
1.55599e-13
6.98897e-14
3.10893e-14
1.43753e-14
6.88865e-15
3.51989e-15
1.95581e-15
1.18742e-15
7.96743e-16
5.94778e-16
4.89041e-16
4.33204e-16
4.07544e-16
3.93093e-16
3.97929e-16
4.21024e-16
4.28281e-16
4.39124e-16
4.50921e-16
4.60756e-16
4.57641e-21
1.37484e-20
2.29466e-20
3.23573e-20
1.03681e-19
1.2547e-17
1.19742e-15
5.22048e-14
1.04101e-12
1.01204e-11
6.4834e-11
2.9999e-10
8.93928e-10
1.60451e-09
2.11509e-09
2.12866e-09
1.7875e-09
1.32022e-09
8.57987e-10
5.0731e-10
2.8091e-10
1.43696e-10
6.81008e-11
3.03115e-11
1.25635e-11
4.9617e-12
1.90803e-12
7.30169e-13
2.77445e-13
1.06952e-13
4.28778e-14
1.82984e-14
7.73682e-15
3.39896e-15
1.55663e-15
7.68506e-16
4.16586e-16
2.51533e-16
1.71122e-16
1.30676e-16
1.10197e-16
9.98922e-17
9.56474e-17
9.32149e-17
9.56147e-17
1.01927e-16
1.03957e-16
1.06806e-16
1.09889e-16
1.12423e-16
1.62528e-21
4.88167e-21
8.15159e-21
1.15095e-20
3.33656e-20
4.04633e-18
4.5123e-16
2.408e-14
5.39466e-13
5.61548e-12
3.74893e-11
1.76859e-10
5.36902e-10
9.78204e-10
1.26869e-09
1.24857e-09
1.01888e-09
7.25413e-10
4.52695e-10
2.56863e-10
1.36154e-10
6.62973e-11
2.97185e-11
1.24856e-11
4.8515e-12
1.78216e-12
6.42303e-13
2.29335e-13
8.0943e-14
2.90562e-14
1.09362e-14
4.40452e-15
1.75055e-15
7.33989e-16
3.22614e-16
1.54008e-16
8.32415e-17
5.15309e-17
3.66814e-17
2.94432e-17
2.58936e-17
2.41952e-17
2.36695e-17
2.33406e-17
2.41662e-17
2.58099e-17
2.62956e-17
2.70001e-17
2.77657e-17
2.84192e-17
5.77409e-22
1.73522e-21
2.89734e-21
4.09095e-21
1.29546e-20
1.82932e-18
2.11454e-16
1.17099e-14
2.89591e-13
3.1267e-12
2.13623e-11
1.04356e-10
3.22741e-10
5.98138e-10
7.61842e-10
7.28203e-10
5.74872e-10
3.92969e-10
2.35923e-10
1.28564e-10
6.51017e-11
3.01476e-11
1.27921e-11
5.05561e-12
1.83801e-12
6.31719e-13
2.12779e-13
7.08105e-14
2.33153e-14
7.82042e-15
2.74335e-15
1.03769e-15
3.92974e-16
1.56812e-16
6.6292e-17
3.13195e-17
1.73067e-17
1.12715e-17
8.54539e-18
7.23955e-18
6.59954e-18
6.29877e-18
6.23571e-18
6.22296e-18
6.49377e-18
6.92612e-18
7.05532e-18
7.23483e-18
7.42885e-18
7.60203e-18
2.05259e-22
6.16907e-22
1.03043e-21
1.45453e-21
5.05002e-21
7.93035e-19
9.60045e-17
5.69626e-15
1.5265e-13
1.7178e-12
1.20522e-11
6.09172e-11
1.93162e-10
3.56352e-10
4.5338e-10
4.21226e-10
3.19677e-10
2.11411e-10
1.22102e-10
6.36723e-11
3.08575e-11
1.35779e-11
5.44211e-12
2.02635e-12
6.89576e-13
2.21687e-13
6.94391e-14
2.15857e-14
6.65177e-15
2.08452e-15
6.80685e-16
2.42426e-16
8.75475e-17
3.34011e-17
1.37832e-17
6.6036e-18
3.8473e-18
2.70464e-18
2.19975e-18
1.95266e-18
1.8251e-18
1.766e-18
1.75594e-18
1.75949e-18
1.8499e-18
1.97097e-18
2.00536e-18
2.05262e-18
2.10468e-18
2.15214e-18
7.30225e-23
2.19428e-22
3.66661e-22
5.18065e-22
1.91384e-21
3.24689e-19
4.24168e-17
2.76718e-15
7.86701e-14
9.35958e-13
6.80854e-12
3.5201e-11
1.14884e-10
2.12449e-10
2.67129e-10
2.41766e-10
1.7621e-10
1.12516e-10
6.25791e-11
3.12161e-11
1.44174e-11
6.0326e-12
2.28284e-12
7.95251e-13
2.53668e-13
7.63543e-14
2.21652e-14
6.41614e-15
1.85569e-15
5.41855e-16
1.64822e-16
5.55642e-17
1.9183e-17
7.03981e-18
2.90279e-18
1.46173e-18
9.27585e-19
7.13773e-19
6.18591e-19
5.68073e-19
5.39164e-19
5.26043e-19
5.23198e-19
5.24672e-19
5.53728e-19
5.88754e-19
5.97106e-19
6.09952e-19
6.25053e-19
6.38704e-19
2.59917e-23
7.81107e-23
1.30552e-22
1.84896e-22
7.21326e-22
1.31016e-19
1.81487e-17
1.29441e-15
4.10556e-14
5.24787e-13
3.91277e-12
2.04735e-11
6.76645e-11
1.27515e-10
1.55367e-10
1.36213e-10
9.56493e-11
5.85229e-11
3.12629e-11
1.49373e-11
6.54792e-12
2.58408e-12
9.15876e-13
2.98009e-13
8.81579e-14
2.44108e-14
6.58945e-15
1.76528e-15
4.69873e-16
1.27125e-16
3.61714e-17
1.148e-17
3.75932e-18
1.36385e-18
5.87201e-19
3.28141e-19
2.37669e-19
2.01817e-19
1.84002e-19
1.73064e-19
1.65964e-19
1.62666e-19
1.6158e-19
1.62736e-19
1.70872e-19
1.7936e-19
1.81637e-19
1.85247e-19
1.89264e-19
1.93178e-19
9.25499e-24
2.78241e-23
4.65135e-23
6.59202e-23
3.02999e-22
6.18579e-20
8.72553e-18
6.4149e-16
2.19823e-14
2.91284e-13
2.18833e-12
1.16591e-11
3.8688e-11
7.3248e-11
8.72339e-11
7.36378e-11
4.97932e-11
2.91926e-11
1.4975e-11
6.85166e-12
2.84873e-12
1.05678e-12
3.50392e-13
1.06329e-13
2.91069e-14
7.44635e-15
1.85996e-15
4.61047e-16
1.13459e-16
2.85216e-17
7.56932e-18
2.27324e-18
7.23369e-19
2.67905e-19
1.27446e-19
8.27124e-20
6.74353e-20
6.09529e-20
5.70648e-20
5.4231e-20
5.21507e-20
5.10571e-20
5.06602e-20
5.10355e-20
5.33859e-20
5.55961e-20
5.62142e-20
5.71792e-20
5.82989e-20
5.94847e-20
3.29738e-24
9.91394e-24
1.65798e-23
2.3401e-23
8.48344e-23
2.0613e-20
3.54881e-18
3.00895e-16
1.14817e-14
1.56456e-13
1.15954e-12
6.15275e-12
2.00893e-11
3.67932e-11
4.37622e-11
3.56463e-11
2.31111e-11
1.3057e-11
6.41397e-12
2.80305e-12
1.10071e-12
3.8258e-13
1.18395e-13
3.34824e-14
8.43856e-15
1.9888e-15
4.54913e-16
1.04231e-16
2.377e-17
5.55522e-18
1.39159e-18
4.0694e-19
1.29815e-19
5.24759e-20
2.95879e-20
2.24345e-20
1.98931e-20
1.85707e-20
1.75409e-20
1.66758e-20
1.60274e-20
1.56657e-20
1.54865e-20
1.55698e-20
1.62641e-20
1.6852e-20
1.69881e-20
1.72304e-20
1.75445e-20
1.78987e-20
1.17996e-24
3.55038e-24
5.94542e-24
9.04846e-24
2.89477e-22
5.97667e-20
6.60776e-18
4.01492e-16
9.0703e-15
8.08268e-14
4.87051e-13
2.32301e-12
6.58541e-12
1.11967e-11
1.32173e-11
1.03714e-11
6.38352e-12
3.44832e-12
1.60618e-12
6.6927e-13
2.36904e-13
7.66728e-14
2.19798e-14
5.63966e-15
1.26878e-15
2.71836e-16
5.44288e-17
1.14023e-17
2.39546e-18
5.17311e-19
1.29159e-19
4.10223e-20
1.43255e-20
7.33693e-21
5.28352e-21
4.58548e-21
4.27546e-21
4.01614e-21
3.74665e-21
3.52431e-21
3.38052e-21
3.30384e-21
3.23805e-21
3.25458e-21
3.44766e-21
3.53809e-21
3.50629e-21
3.53242e-21
3.60057e-21
3.69102e-21
