0.0554638
0.153783
0.233869
0.303496
0.367002
0.427255
0.486275
0.545435
0.605652
0.667769
0.732192
0.79916
0.868892
0.941207
1.01591
1.09273
1.1712
1.25078
1.33096
1.41106
1.49067
1.56923
1.6458
1.72053
1.79379
1.86419
1.92958
1.99089
2.05052
2.10716
2.16201
2.21497
2.2647
2.31208
2.35842
2.40503
2.45253
2.49933
2.54349
2.58412
2.62014
2.64912
2.66823
2.67628
2.69764
2.74356
2.79645
2.84982
2.90184
2.95034
0.0257879
0.0726379
0.111326
0.145289
0.176384
0.205823
0.234588
0.26329
0.292399
0.322441
0.353754
0.386509
0.420958
0.457347
0.495598
0.535601
0.577419
0.620734
0.665042
0.710009
0.755242
0.800137
0.844394
0.887739
0.929766
0.970255
1.00965
1.04575
1.07861
1.10921
1.13813
1.16765
1.19522
1.221
1.24725
1.27477
1.30177
1.32772
1.35334
1.3759
1.39723
1.4156
1.42753
1.43076
1.43592
1.45804
1.49088
1.52628
1.56268
1.59898
0.0134283
0.0379186
0.058287
0.0763275
0.0930375
0.10909
0.12499
0.141072
0.157569
0.174775
0.192849
0.211898
0.232079
0.253477
0.276086
0.299886
0.324806
0.350677
0.377217
0.404042
0.430895
0.45738
0.482765
0.507149
0.530633
0.552803
0.573905
0.594302
0.613144
0.630185
0.646213
0.662172
0.677242
0.691058
0.704568
0.717927
0.732128
0.746743
0.76123
0.774856
0.786537
0.797041
0.804832
0.807444
0.806127
0.812806
0.830505
0.850709
0.871695
0.891161
0.00718216
0.0203788
0.0314689
0.0413888
0.0507252
0.0598841
0.0691156
0.0786235
0.0885989
0.0991835
0.110467
0.122574
0.135569
0.149423
0.164188
0.17986
0.196238
0.213184
0.230518
0.247868
0.265034
0.281747
0.2975
0.312003
0.325403
0.337738
0.349429
0.360815
0.371532
0.381141
0.38989
0.398574
0.406738
0.413977
0.420892
0.42763
0.434024
0.441023
0.449132
0.457392
0.464827
0.47117
0.475558
0.477595
0.477328
0.480148
0.489524
0.501364
0.513617
0.52396
0.00395894
0.0112715
0.0174455
0.0230119
0.0283229
0.0336277
0.0390866
0.0448312
0.0509915
0.0576805
0.0649612
0.0729226
0.0816128
0.0909968
0.101106
0.111898
0.12319
0.13485
0.146671
0.158299
0.169571
0.180315
0.190333
0.199506
0.20767
0.214858
0.221342
0.227567
0.233516
0.239257
0.244709
0.249934
0.254696
0.258893
0.262851
0.266419
0.26974
0.273066
0.276703
0.280878
0.285351
0.28941
0.292288
0.293621
0.293019
0.293818
0.298946
0.306219
0.313596
0.319219
0.00222524
0.00631688
0.00975344
0.0129136
0.015965
0.0190317
0.022268
0.0257565
0.0295665
0.0338089
0.0385596
0.0438481
0.0497093
0.0561908
0.0632471
0.0707963
0.0787882
0.0870505
0.0953197
0.103378
0.111068
0.118236
0.124811
0.13063
0.135658
0.140203
0.143893
0.147152
0.150596
0.153751
0.156744
0.159787
0.162651
0.165162
0.16749
0.169649
0.171471
0.173132
0.175082
0.177537
0.180074
0.182331
0.184114
0.185102
0.184611
0.184611
0.187455
0.191979
0.196525
0.199678
0.00128191
0.00364883
0.00562718
0.007433
0.0091792
0.0109534
0.0128458
0.0149264
0.0172653
0.0199474
0.0230247
0.0265446
0.0305455
0.0350248
0.0399747
0.0453546
0.0510398
0.0568945
0.0627498
0.068315
0.0734856
0.0782056
0.0823779
0.0861647
0.0894695
0.0922178
0.0945704
0.0965158
0.0983679
0.10031
0.102168
0.103835
0.10538
0.106839
0.108183
0.109436
0.110465
0.111291
0.112081
0.113144
0.114655
0.116247
0.117507
0.118244
0.117932
0.117653
0.119234
0.12206
0.124667
0.126207
0.000732184
0.00211844
0.00329622
0.00433883
0.00535586
0.00641952
0.00754364
0.00879107
0.0102375
0.0119287
0.0139218
0.0162799
0.0190224
0.022132
0.0256248
0.0294657
0.0335341
0.0377061
0.0418216
0.0456802
0.0491526
0.0521606
0.0547278
0.0569743
0.058945
0.0605467
0.0618324
0.0629277
0.0638974
0.0649448
0.0660596
0.0670058
0.067826
0.0686706
0.0694667
0.0702043
0.0709309
0.0714956
0.0719117
0.0723073
0.0729142
0.0738302
0.0746974
0.075258
0.0751195
0.0748318
0.0756704
0.0773729
0.0787634
0.0793892
0.000388123
0.00112472
0.0017612
0.00236356
0.00297531
0.003621
0.00432366
0.00511519
0.00603613
0.00713011
0.00844467
0.0100308
0.0119149
0.0140902
0.0165624
0.0192865
0.02216
0.0251013
0.0279656
0.0305736
0.032887
0.0348436
0.0364094
0.0377171
0.0388324
0.0397476
0.0404479
0.0409751
0.0414289
0.0419389
0.0425271
0.0430187
0.043413
0.0438194
0.0442115
0.0445843
0.044963
0.0453022
0.0455458
0.0457542
0.0460893
0.0466433
0.0472409
0.0476397
0.0476021
0.0474336
0.0479324
0.0489773
0.0497271
0.0499616
0.000174385
0.000515189
0.000830319
0.00115896
0.00151936
0.00191659
0.00236372
0.0028774
0.0034801
0.00420026
0.00507601
0.00615244
0.00745481
0.00898015
0.0107308
0.0126645
0.014691
0.016735
0.0186939
0.020424
0.0219202
0.0231586
0.0240855
0.0248032
0.0253807
0.025842
0.0262124
0.0264801
0.0266674
0.0268775
0.0271472
0.0273689
0.0275271
0.027696
0.0278641
0.0280284
0.0281997
0.0283609
0.0284768
0.0285462
0.0286579
0.0289364
0.0293078
0.0295828
0.0295889
0.0294811
0.029773
0.0303949
0.0307731
0.0308238
6.19308e-05
0.000191657
0.000329725
0.000496497
0.000701205
0.000942985
0.00122753
0.00156345
0.00196281
0.00244083
0.00302668
0.00375958
0.00466172
0.00573332
0.00697336
0.00834284
0.00976402
0.0111712
0.0124917
0.0136217
0.014555
0.0152942
0.0158116
0.0161714
0.0164414
0.0166336
0.0167732
0.0168797
0.0169349
0.0169911
0.01709
0.0171618
0.0171957
0.0172416
0.0172933
0.0173512
0.0174207
0.017497
0.0175529
0.017568
0.0175757
0.0176896
0.0179068
0.0180818
0.0180927
0.0180213
0.0181834
0.018534
0.0187067
0.0186876
1.63884e-05
5.55188e-05
0.000107789
0.000184121
0.000292073
0.000432455
0.000607758
0.000824038
0.00108809
0.00140589
0.00179773
0.00229592
0.00291981
0.00367203
0.00454924
0.00551519
0.00650305
0.00746095
0.00833853
0.00906035
0.00962219
0.010034
0.0102955
0.0104487
0.0105459
0.0105986
0.0106176
0.0106245
0.0106073
0.0105866
0.0105934
0.0105863
0.0105564
0.0105396
0.0105299
0.0105292
0.0105435
0.0105711
0.0105933
0.0105889
0.01057
0.0106065
0.0107252
0.0108428
0.0108617
0.0108175
0.0109043
0.0110942
0.0111653
0.0111321
3.29823e-06
1.29001e-05
3.00021e-05
6.08008e-05
0.000112001
0.00018723
0.000289756
0.000424407
0.00059649
0.000807281
0.00106952
0.00140748
0.00183743
0.00236378
0.00298282
0.00366027
0.00434038
0.00498419
0.00555641
0.0060027
0.00632601
0.00653859
0.00665302
0.00669944
0.00670867
0.00669241
0.00665548
0.00661249
0.00655963
0.0065047
0.00646763
0.00642636
0.00637135
0.00632852
0.00629397
0.00626707
0.00625236
0.00624889
0.00624868
0.00623832
0.00621749
0.00621879
0.00627388
0.00634865
0.00636779
0.00634037
0.0063854
0.00648509
0.00651127
0.0064848
5.69617e-07
2.66541e-06
7.69293e-06
1.88893e-05
4.09621e-05
7.82655e-05
0.000134876
0.000215425
0.000325013
0.000464049
0.00064012
0.000869638
0.00116554
0.00153238
0.00196774
0.00243935
0.00290345
0.00332982
0.00369201
0.00395557
0.00413098
0.00422926
0.00426622
0.00426303
0.00423559
0.00419218
0.00413635
0.00407738
0.00401388
0.00394989
0.00389668
0.00384341
0.00378413
0.00373555
0.00369597
0.00366311
0.00363832
0.00362167
0.00361019
0.00359903
0.00358256
0.00357142
0.00359364
0.00363628
0.00364833
0.00363092
0.00365257
0.00370212
0.00370975
0.0036937
1.00357e-07
5.58337e-07
1.99888e-06
5.90853e-06
1.49499e-05
3.25888e-05
6.25717e-05
0.000109324
0.000177418
0.000268258
0.000386578
0.000542607
0.000746556
0.00100149
0.00130757
0.00163362
0.0019462
0.00222308
0.00244166
0.00258848
0.00267612
0.00271349
0.00271386
0.00269028
0.0026509
0.00260115
0.00254464
0.00248731
0.00242774
0.00236818
0.00231519
0.00226307
0.00220973
0.00216544
0.00212894
0.00209852
0.00207315
0.0020535
0.00203896
0.0020289
0.00201734
0.00200497
0.00201298
0.00203805
0.00204585
0.00203449
0.00204387
0.00206689
0.0020673
0.00205911
2.39741e-08
1.46715e-07
5.97567e-07
2.0343e-06
5.8109e-06
1.39193e-05
2.94388e-05
5.59852e-05
9.65389e-05
0.000154344
0.00023337
0.000339181
0.000478864
0.000656331
0.000868519
0.00109246
0.00130269
0.00147839
0.00160699
0.00168426
0.0017208
0.00172807
0.00171391
0.00168344
0.0016435
0.0015986
0.0015486
0.00149883
0.00144979
0.0014011
0.00135684
0.00131416
0.00127174
0.0012356
0.00120536
0.00118084
0.00115945
0.00114192
0.00112927
0.00112056
0.00111172
0.00110192
0.00110366
0.00111648
0.00112016
0.00111276
0.00111696
0.00112857
0.00112743
0.001123
4.27573e-09
2.92958e-08
1.46659e-07
6.09464e-07
2.07835e-06
5.72432e-06
1.33953e-05
2.77441e-05
5.19722e-05
8.8408e-05
0.00014057
0.000212872
0.000308866
0.000431763
0.000578518
0.000731721
0.000870977
0.000979544
0.00105248
0.0010886
0.00109977
0.00109395
0.00107451
0.00104539
0.00101051
0.000972716
0.000932539
0.000892694
0.000853935
0.000816569
0.000782534
0.000749881
0.000718128
0.000691063
0.000668188
0.000649345
0.000633375
0.000620085
0.000609857
0.000602783
0.000596786
0.000589743
0.000588207
0.000594315
0.000596788
0.000592937
0.000594145
0.000599078
0.000598169
0.000596341
9.42874e-10
6.4232e-09
3.7622e-08
1.88117e-07
7.56372e-07
2.38901e-06
6.21294e-06
1.40284e-05
2.83387e-05
5.12612e-05
8.57907e-05
0.000135221
0.000201706
0.000285916
0.000387763
0.000491616
0.000580961
0.000646261
0.000684181
0.000698257
0.000698219
0.000687907
0.000669329
0.000644658
0.000615952
0.000585748
0.000554832
0.00052444
0.000495456
0.000468322
0.000443639
0.000419969
0.000397434
0.000378332
0.000362129
0.000348654
0.00033741
0.000328045
0.000320488
0.00031518
0.000311247
0.000306764
0.000304535
0.000306845
0.000308187
0.00030618
0.000306394
0.000308295
0.000307631
0.000306948
2.35178e-10
1.4378e-09
9.57352e-09
5.76846e-08
2.71294e-07
9.98912e-07
2.92467e-06
7.21395e-06
1.56306e-05
3.01011e-05
5.29529e-05
8.6737e-05
0.000132779
0.000191223
0.000261615
0.000330648
0.000386769
0.000423946
0.000441734
0.00044548
0.000440921
0.000430046
0.000414027
0.000394274
0.000371818
0.000348475
0.000325622
0.00030342
0.000282576
0.000263652
0.000246528
0.000230309
0.000215058
0.000202403
0.000191684
0.000182613
0.000175175
0.000169023
0.000163929
0.000160221
0.000157609
0.000154953
0.000153021
0.000153507
0.00015408
0.000152894
0.000152973
0.00015386
0.000153389
0.000153159
7.11443e-11
3.88737e-10
2.66709e-09
1.88212e-08
1.05235e-07
4.33307e-07
1.39415e-06
3.73441e-06
8.6742e-06
1.76e-05
3.24926e-05
5.54979e-05
8.72915e-05
0.000127905
0.000176383
0.000222127
0.000256189
0.000275923
0.000283759
0.000282885
0.000276885
0.000267318
0.000254545
0.000239199
0.000222352
0.000205422
0.000189042
0.000173318
0.000159002
0.000146321
0.000134867
0.000124247
0.000114488
0.00010629
9.93975e-05
9.37111e-05
8.9046e-05
8.5179e-05
8.20046e-05
7.96495e-05
7.79423e-05
7.63482e-05
7.5084e-05
7.51452e-05
7.54426e-05
7.48053e-05
7.46373e-05
7.48886e-05
7.4638e-05
7.45191e-05
2.1022e-11
9.1502e-11
5.98751e-10
5.12715e-09
3.53484e-08
1.75055e-07
6.45327e-07
1.90943e-06
4.79544e-06
1.03354e-05
2.00325e-05
3.56462e-05
5.76152e-05
8.54352e-05
0.000118666
0.000148351
0.000168488
0.000178866
0.000181439
0.000178791
0.000173165
0.000165238
0.000155382
0.000144101
0.000131885
0.000119752
0.000108333
9.77062e-05
8.8106e-05
7.97399e-05
7.24111e-05
6.57121e-05
5.96211e-05
5.45725e-05
5.03671e-05
4.68924e-05
4.40711e-05
4.17642e-05
3.98579e-05
3.84159e-05
3.73627e-05
3.64742e-05
3.56854e-05
3.55452e-05
3.56914e-05
3.53706e-05
3.52568e-05
3.53286e-05
3.51952e-05
3.51492e-05
6.95951e-12
2.68882e-11
1.60941e-10
1.56408e-09
1.26424e-08
7.16506e-08
2.99436e-07
9.80817e-07
2.64982e-06
6.06363e-06
1.23456e-05
2.28409e-05
3.79377e-05
5.7206e-05
7.96622e-05
9.86221e-05
0.000110162
0.000115104
0.00011538
0.000112526
0.000107738
0.000101577
9.42815e-05
8.60815e-05
7.74592e-05
6.91419e-05
6.1392e-05
5.43201e-05
4.81439e-05
4.28349e-05
3.82296e-05
3.41361e-05
3.04853e-05
2.74618e-05
2.49791e-05
2.29631e-05
2.13196e-05
1.99893e-05
1.89145e-05
1.80874e-05
1.74686e-05
1.69781e-05
1.65372e-05
1.63993e-05
1.6448e-05
1.62783e-05
1.62048e-05
1.62268e-05
1.61577e-05
1.61334e-05
2.26181e-12
7.58343e-12
3.53771e-11
3.96893e-10
4.01969e-09
2.77945e-08
1.34521e-07
4.92247e-07
1.4629e-06
3.56404e-06
7.61605e-06
1.4704e-05
2.50615e-05
3.82174e-05
5.33131e-05
6.51607e-05
7.15616e-05
7.37602e-05
7.30742e-05
7.04783e-05
6.67136e-05
6.20554e-05
5.67394e-05
5.10037e-05
4.50757e-05
3.94295e-05
3.43215e-05
2.9779e-05
2.58526e-05
2.25613e-05
1.97794e-05
1.7342e-05
1.52111e-05
1.3477e-05
1.2067e-05
1.09271e-05
1.00125e-05
9.28266e-06
8.69365e-06
8.23911e-06
7.89431e-06
7.6335e-06
7.40734e-06
7.30703e-06
7.31726e-06
7.24597e-06
7.20161e-06
7.19909e-06
7.1681e-06
7.1579e-06
7.70655e-13
2.46676e-12
9.67125e-12
1.17363e-10
1.39312e-09
1.09567e-08
6.04673e-08
2.48534e-07
7.99074e-07
2.08575e-06
4.69809e-06
9.42063e-06
1.65019e-05
2.55518e-05
3.55251e-05
4.27689e-05
4.62061e-05
4.69977e-05
4.60832e-05
4.39962e-05
4.1113e-05
3.76905e-05
3.39205e-05
2.99376e-05
2.59433e-05
2.22535e-05
1.89541e-05
1.60833e-05
1.36857e-05
1.17049e-05
1.00576e-05
8.65521e-06
7.45126e-06
6.47909e-06
5.7023e-06
5.08612e-06
4.59106e-06
4.20035e-06
3.89325e-06
3.65483e-06
3.4712e-06
3.33515e-06
3.22036e-06
3.16514e-06
3.16753e-06
3.13209e-06
3.11007e-06
3.10924e-06
3.09443e-06
3.08914e-06
2.56655e-13
7.868e-13
2.19874e-12
2.57179e-11
3.93613e-10
3.93149e-09
2.5737e-08
1.20435e-07
4.34949e-07
1.2187e-06
2.88893e-06
6.05831e-06
1.08768e-05
1.70326e-05
2.35562e-05
2.79134e-05
2.96869e-05
2.98392e-05
2.89448e-05
2.7323e-05
2.52142e-05
2.27488e-05
2.00921e-05
1.74022e-05
1.47712e-05
1.23782e-05
1.03102e-05
8.55568e-06
7.10555e-06
5.94168e-06
4.99869e-06
4.20928e-06
3.5485e-06
3.02775e-06
2.61631e-06
2.29263e-06
2.03838e-06
1.84023e-06
1.68438e-06
1.56493e-06
1.47322e-06
1.40564e-06
1.35146e-06
1.31946e-06
1.31539e-06
1.3024e-06
1.29131e-06
1.2891e-06
1.28347e-06
1.28149e-06
8.78677e-14
2.67744e-13
6.47192e-13
7.23551e-12
1.29894e-10
1.48716e-09
1.11881e-08
5.93523e-08
2.33505e-07
7.05587e-07
1.77057e-06
3.86116e-06
7.12562e-06
1.12882e-05
1.55099e-05
1.80812e-05
1.89789e-05
1.88679e-05
1.81243e-05
1.6913e-05
1.53884e-05
1.36481e-05
1.18155e-05
1.0011e-05
8.30641e-06
6.8049e-06
5.53084e-06
4.47644e-06
3.63279e-06
2.96762e-06
2.4391e-06
2.00949e-06
1.65768e-06
1.38425e-06
1.1725e-06
1.00948e-06
8.82017e-07
7.83782e-07
7.08399e-07
6.50728e-07
6.0635e-07
5.74039e-07
5.48904e-07
5.34264e-07
5.3197e-07
5.25722e-07
5.20615e-07
5.19611e-07
5.17236e-07
5.16312e-07
2.97148e-14
8.98526e-14
1.79181e-13
1.5115e-12
3.43981e-11
5.07948e-10
4.58255e-09
2.78459e-08
1.24333e-07
4.07484e-07
1.08027e-06
2.46553e-06
4.65989e-06
7.46118e-06
1.01498e-05
1.16508e-05
1.20782e-05
1.18893e-05
1.12979e-05
1.04129e-05
9.33541e-06
8.12566e-06
6.87885e-06
5.69341e-06
4.6114e-06
3.67954e-06
2.91604e-06
2.30088e-06
1.8157e-06
1.44491e-06
1.1591e-06
9.31349e-07
7.49642e-07
6.12532e-07
5.08068e-07
4.28623e-07
3.68083e-07
3.22028e-07
2.86759e-07
2.6026e-07
2.40245e-07
2.25648e-07
2.14562e-07
2.07204e-07
2.0523e-07
2.03021e-07
2.00909e-07
2.00439e-07
1.99686e-07
1.99401e-07
1.02671e-14
3.10729e-14
5.82309e-14
4.25172e-13
1.13789e-11
1.93616e-10
1.98024e-09
1.34988e-08
6.59505e-08
2.32975e-07
6.54588e-07
1.55638e-06
3.02089e-06
4.86772e-06
6.58286e-06
7.45711e-06
7.65711e-06
7.46648e-06
7.01893e-06
6.37856e-06
5.62339e-06
4.79675e-06
3.96859e-06
3.2029e-06
2.52639e-06
1.96411e-06
1.51436e-06
1.16185e-06
8.92338e-07
6.91265e-07
5.39933e-07
4.22911e-07
3.32026e-07
2.64672e-07
2.14557e-07
1.77348e-07
1.49365e-07
1.2834e-07
1.12586e-07
1.00867e-07
9.20702e-08
8.57367e-08
8.10687e-08
7.79677e-08
7.70067e-08
7.60991e-08
7.51966e-08
7.49563e-08
7.46841e-08
7.45774e-08
3.53155e-15
1.06477e-14
1.87019e-14
9.11951e-14
2.86539e-12
6.39894e-11
7.98366e-10
6.26528e-09
3.44617e-08
1.33275e-07
3.97456e-07
9.8458e-07
1.95385e-06
3.17472e-06
4.24485e-06
4.74989e-06
4.83485e-06
4.67426e-06
4.33966e-06
3.88242e-06
3.35789e-06
2.80166e-06
2.26094e-06
1.77729e-06
1.36375e-06
1.0292e-06
7.71154e-07
5.74546e-07
4.27302e-07
3.20905e-07
2.43915e-07
1.85828e-07
1.41689e-07
1.10137e-07
8.71946e-08
7.0416e-08
5.81303e-08
4.90595e-08
4.2305e-08
3.73559e-08
3.37279e-08
3.11129e-08
2.92171e-08
2.80047e-08
2.76345e-08
2.73009e-08
2.69615e-08
2.68908e-08
2.68196e-08
2.67933e-08
1.2324e-15
3.71827e-15
6.39854e-15
2.6728e-14
9.81587e-13
2.54984e-11
3.55175e-10
3.0666e-09
1.84277e-08
7.57757e-08
2.38469e-07
6.18287e-07
1.25566e-06
2.03967e-06
2.71203e-06
3.01566e-06
3.04536e-06
2.91805e-06
2.67287e-06
2.34698e-06
1.98694e-06
1.61692e-06
1.27264e-06
9.73906e-07
7.25269e-07
5.31641e-07
3.86378e-07
2.78757e-07
2.00858e-07
1.46355e-07
1.07898e-07
7.98677e-08
5.92483e-08
4.47781e-08
3.45022e-08
2.72167e-08
2.19875e-08
1.81763e-08
1.53977e-08
1.33989e-08
1.1945e-08
1.092e-08
1.02037e-08
9.71428e-09
9.53886e-09
9.43842e-09
9.32041e-09
9.29132e-09
9.27456e-09
9.27142e-09
4.3174e-16
1.3016e-15
2.21206e-15
7.94278e-15
3.1389e-13
9.23574e-12
1.48443e-10
1.4696e-09
9.46889e-09
4.22677e-08
1.42025e-07
3.81776e-07
7.99166e-07
1.31227e-06
1.72593e-06
1.90272e-06
1.9094e-06
1.80988e-06
1.63667e-06
1.41222e-06
1.16816e-06
9.27991e-07
7.11842e-07
5.28202e-07
3.81869e-07
2.72279e-07
1.91441e-07
1.33551e-07
9.34474e-08
6.58882e-08
4.70238e-08
3.38695e-08
2.44078e-08
1.78912e-08
1.34172e-08
1.03322e-08
8.13423e-09
6.57336e-09
5.46915e-09
4.67657e-09
4.10702e-09
3.7136e-09
3.44197e-09
3.27765e-09
3.22964e-09
3.18539e-09
3.13744e-09
3.12569e-09
3.12054e-09
3.11949e-09
1.50906e-16
4.54184e-16
7.63511e-16
1.95126e-15
8.02259e-14
3.22719e-12
6.25268e-11
6.78462e-10
4.92904e-09
2.37193e-08
8.41175e-08
2.38282e-07
5.09461e-07
8.42719e-07
1.09452e-06
1.19703e-06
1.19338e-06
1.11902e-06
9.9655e-07
8.43032e-07
6.80857e-07
5.26154e-07
3.91414e-07
2.82024e-07
1.97689e-07
1.36005e-07
9.2544e-08
6.245e-08
4.20451e-08
2.86077e-08
1.97536e-08
1.37549e-08
9.57961e-09
6.81035e-09
4.95767e-09
3.71037e-09
2.85574e-09
2.26129e-09
1.84249e-09
1.5499e-09
1.34464e-09
1.20333e-09
1.10909e-09
1.04725e-09
1.02629e-09
1.01666e-09
1.00294e-09
1.00048e-09
1.00072e-09
1.00179e-09
5.3077e-17
1.5964e-16
2.67365e-16
6.20577e-16
2.65418e-14
1.23491e-12
2.74431e-11
3.32407e-10
2.59475e-09
1.33415e-08
5.00092e-08
1.4729e-07
3.22822e-07
5.30525e-07
6.89927e-07
7.51661e-07
7.44577e-07
6.90172e-07
6.03633e-07
4.98737e-07
3.92945e-07
2.94776e-07
2.12522e-07
1.48575e-07
1.00702e-07
6.68866e-08
4.38545e-08
2.85229e-08
1.8508e-08
1.21298e-08
8.0755e-09
5.44241e-09
3.66698e-09
2.52075e-09
1.77749e-09
1.29333e-09
9.69259e-10
7.48985e-10
5.97825e-10
4.94046e-10
4.22406e-10
3.74182e-10
3.42862e-10
3.22563e-10
3.15361e-10
3.1281e-10
3.08705e-10
3.08201e-10
3.08788e-10
3.09472e-10
1.86719e-17
5.60849e-17
9.37339e-17
1.77722e-16
6.40214e-15
3.98575e-13
1.1356e-11
1.58806e-10
1.35806e-09
7.53514e-09
2.99166e-08
9.13755e-08
2.04304e-07
3.36725e-07
4.35126e-07
4.71498e-07
4.63798e-07
4.24237e-07
3.63274e-07
2.92649e-07
2.24023e-07
1.62905e-07
1.1353e-07
7.67942e-08
5.02351e-08
3.20427e-08
2.02259e-08
1.26463e-08
7.85622e-09
4.93556e-09
3.16575e-09
2.05684e-09
1.33106e-09
8.84554e-10
6.03518e-10
4.25057e-10
3.10198e-10
2.34189e-10
1.82878e-10
1.48529e-10
1.25537e-10
1.101e-10
1.00313e-10
9.41675e-11
9.19893e-11
9.15563e-11
9.04653e-11
9.05324e-11
9.09414e-11
9.13157e-11
6.5852e-18
1.97881e-17
3.30297e-17
6.02626e-17
2.31776e-15
1.64119e-13
5.17957e-12
7.92192e-11
7.3665e-10
4.27451e-09
1.76796e-08
5.65222e-08
1.29021e-07
2.12126e-07
2.74149e-07
2.9632e-07
2.88303e-07
2.59746e-07
2.17229e-07
1.70173e-07
1.26345e-07
8.89434e-08
5.99953e-08
3.91732e-08
2.46473e-08
1.51118e-08
9.15407e-09
5.48316e-09
3.26433e-09
1.96965e-09
1.21181e-09
7.57374e-10
4.73074e-10
3.0284e-10
1.98948e-10
1.35709e-10
9.62453e-11
7.07015e-11
5.39599e-11
4.30724e-11
3.59002e-11
3.12133e-11
2.83629e-11
2.63819e-11
2.55862e-11
2.56538e-11
2.54502e-11
2.55366e-11
2.57195e-11
2.58783e-11
2.32449e-18
6.98391e-18
1.16541e-17
2.04747e-17
7.70716e-16
6.14348e-14
2.24417e-12
3.90641e-11
3.85331e-10
2.387e-09
1.04095e-08
3.43919e-08
8.08123e-08
1.32765e-07
1.7173e-07
1.85098e-07
1.78456e-07
1.58263e-07
1.29418e-07
9.84664e-08
7.08766e-08
4.82766e-08
3.14608e-08
1.97663e-08
1.19598e-08
7.04684e-09
4.07872e-09
2.33889e-09
1.33711e-09
7.71901e-10
4.54793e-10
2.74113e-10
1.64825e-10
1.0137e-10
6.41883e-11
4.23672e-11
2.90815e-11
2.07567e-11
1.54868e-11
1.21233e-11
9.9637e-12
8.60322e-12
7.80501e-12
7.20847e-12
6.93331e-12
6.97641e-12
6.92532e-12
6.95974e-12
7.0278e-12
7.0839e-12
8.21138e-19
2.46632e-18
4.11605e-18
6.6685e-18
2.00233e-16
2.00921e-14
9.2804e-13
1.89071e-11
2.05791e-10
1.35275e-09
6.18584e-09
2.11335e-08
5.06452e-08
8.39353e-08
1.07921e-07
1.15575e-07
1.10106e-07
9.57954e-08
7.63738e-08
5.64346e-08
3.93115e-08
2.58504e-08
1.62068e-08
9.77792e-09
5.66741e-09
3.18189e-09
1.75984e-09
9.63501e-10
5.23623e-10
2.87936e-10
1.62494e-10
9.38687e-11
5.38674e-11
3.18554e-11
1.93997e-11
1.23046e-11
8.18739e-12
5.69329e-12
4.15027e-12
3.19717e-12
2.60673e-12
2.23859e-12
2.0277e-12
1.87599e-12
1.80271e-12
1.82115e-12
1.81022e-12
1.82334e-12
1.84534e-12
1.86412e-12
2.9039e-19
8.72782e-19
1.45641e-18
2.33383e-18
7.5118e-17
8.37844e-15
4.2249e-13
9.44941e-12
1.12676e-10
7.69421e-10
3.6462e-09
1.29815e-08
3.17426e-08
5.26566e-08
6.79886e-08
7.22767e-08
6.75957e-08
5.75431e-08
4.45713e-08
3.19351e-08
2.15529e-08
1.36785e-08
8.2552e-09
4.77687e-09
2.64085e-09
1.41331e-09
7.44451e-10
3.87837e-10
2.00539e-10
1.05159e-10
5.65542e-11
3.12538e-11
1.72222e-11
9.7586e-12
5.69071e-12
3.47367e-12
2.23362e-12
1.50673e-12
1.07172e-12
8.11404e-13
6.53373e-13
5.57323e-13
5.03252e-13
4.66638e-13
4.5072e-13
4.58437e-13
4.57576e-13
4.62246e-13
4.69062e-13
4.74905e-13
1.028e-19
3.08906e-19
5.15625e-19
8.17745e-19
2.61697e-17
3.19186e-15
1.83618e-13
4.7011e-12
5.95901e-11
4.31013e-10
2.14157e-09
7.86244e-09
1.97709e-08
3.28997e-08
4.25677e-08
4.49407e-08
4.13172e-08
3.43699e-08
2.58845e-08
1.79344e-08
1.17175e-08
7.18201e-09
4.1675e-09
2.30596e-09
1.21639e-09
6.20565e-10
3.09762e-10
1.53351e-10
7.55919e-11
3.7641e-11
1.9255e-11
1.02149e-11
5.39187e-12
2.91842e-12
1.63116e-12
9.57818e-13
5.92299e-13
3.86821e-13
2.68565e-13
1.99354e-13
1.58479e-13
1.3452e-13
1.21209e-13
1.12398e-13
1.09307e-13
1.12051e-13
1.12123e-13
1.13604e-13
1.1569e-13
1.17414e-13
3.6424e-20
1.09429e-19
1.82715e-19
2.81088e-19
7.48112e-18
1.05656e-15
7.3912e-14
2.27509e-12
3.22243e-11
2.46363e-10
1.27759e-09
4.8231e-09
1.23464e-08
2.08218e-08
2.6737e-08
2.78847e-08
2.518e-08
2.0336e-08
1.48384e-08
9.94747e-09
6.27336e-09
3.70552e-09
2.05935e-09
1.08819e-09
5.45009e-10
2.62375e-10
1.24189e-10
5.82019e-11
2.70311e-11
1.27141e-11
6.1865e-12
3.12679e-12
1.56327e-12
8.09935e-13
4.32998e-13
2.42497e-13
1.44494e-13
9.16372e-14
6.21667e-14
4.55367e-14
3.60938e-14
3.06757e-14
2.77385e-14
2.59162e-14
2.54787e-14
2.63518e-14
2.64659e-14
2.69169e-14
2.74919e-14
2.79807e-14
1.29129e-20
3.88201e-20
6.48222e-20
9.96261e-20
2.98894e-18
4.63426e-16
3.43381e-14
1.13888e-12
1.79032e-11
1.41526e-10
7.5498e-10
2.9649e-09
7.73555e-09
1.31115e-08
1.68372e-08
1.72761e-08
1.52267e-08
1.19272e-08
8.40396e-09
5.44735e-09
3.31495e-09
1.88475e-09
1.00384e-09
5.06004e-10
2.39987e-10
1.0923e-10
4.88428e-11
2.16103e-11
9.47254e-12
4.21504e-12
1.93724e-12
9.29728e-13
4.4386e-13
2.19162e-13
1.11482e-13
5.97844e-14
3.42839e-14
2.10263e-14
1.39217e-14
1.00623e-14
7.92866e-15
6.7439e-15
6.13549e-15
5.78189e-15
5.75471e-15
6.02103e-15
6.08887e-15
6.22046e-15
6.37452e-15
6.50646e-15
4.58159e-21
1.37722e-20
2.30065e-20
3.54614e-20
1.15437e-18
1.91151e-16
1.54682e-14
5.6965e-13
9.63952e-12
8.00979e-11
4.43774e-10
1.80087e-09
4.83019e-09
8.16953e-09
1.0526e-08
1.06448e-08
9.13521e-09
6.97405e-09
4.74282e-09
2.96017e-09
1.73891e-09
9.49993e-10
4.83609e-10
2.32113e-10
1.04346e-10
4.48828e-11
1.88422e-11
7.87013e-12
3.26336e-12
1.369e-12
5.93502e-13
2.71391e-13
1.23374e-13
5.78955e-14
2.80571e-14
1.4405e-14
7.91867e-15
4.69697e-15
3.04264e-15
2.17084e-15
1.7045e-15
1.45723e-15
1.33715e-15
1.26901e-15
1.28009e-15
1.35501e-15
1.37694e-15
1.41266e-15
1.45326e-15
1.48716e-15
1.62716e-21
4.89006e-21
8.17331e-21
1.24749e-20
3.62021e-19
6.45731e-17
6.1142e-15
2.75479e-13
5.23515e-12
4.65309e-11
2.6835e-10
1.10974e-09
3.02893e-09
5.19056e-09
6.58717e-09
6.52905e-09
5.46129e-09
4.03377e-09
2.64447e-09
1.58991e-09
8.97605e-10
4.68864e-10
2.26841e-10
1.03259e-10
4.37538e-11
1.76033e-11
6.95827e-12
2.72641e-12
1.05606e-12
4.1467e-13
1.69467e-13
7.33243e-14
3.13794e-14
1.4025e-14
6.47094e-15
3.14929e-15
1.66391e-15
9.61186e-16
6.14998e-16
4.40063e-16
3.50315e-16
3.04674e-16
2.84846e-16
2.74246e-16
2.80599e-16
2.99858e-16
3.05593e-16
3.14421e-16
3.2421e-16
3.32593e-16
5.78058e-22
1.73832e-21
2.90523e-21
4.4567e-21
1.5542e-19
3.05585e-17
2.99996e-15
1.40399e-13
2.94714e-12
2.71706e-11
1.60247e-10
6.84842e-10
1.90048e-09
3.30548e-09
4.12563e-09
3.98326e-09
3.23404e-09
2.30239e-09
1.4576e-09
8.44791e-10
4.57421e-10
2.28224e-10
1.05011e-10
4.51834e-11
1.80037e-11
6.81056e-12
2.52826e-12
9.27609e-13
3.3676e-13
1.2414e-13
4.74964e-14
1.93569e-14
7.89101e-15
3.34034e-15
1.45891e-15
6.78326e-16
3.45065e-16
1.94487e-16
1.23573e-16
8.92139e-17
7.21355e-17
6.38212e-17
6.06409e-17
5.94244e-17
6.17344e-17
6.64752e-17
6.80488e-17
7.01859e-17
7.24794e-17
7.44994e-17
2.05483e-22
6.18002e-22
1.0333e-21
1.60287e-21
6.69571e-20
1.38985e-17
1.42935e-15
7.16767e-14
1.63094e-12
1.5663e-11
9.47394e-11
4.18136e-10
1.18713e-09
2.05328e-09
2.56069e-09
2.41048e-09
1.88881e-09
1.30531e-09
7.97913e-10
4.44291e-10
2.3111e-10
1.10035e-10
4.80507e-11
1.95689e-11
7.3326e-12
2.60621e-12
9.03979e-13
3.111e-13
1.06121e-13
3.67028e-14
1.31276e-14
5.04922e-15
1.95905e-15
7.85259e-16
3.2559e-16
1.44954e-16
7.11983e-17
3.94638e-17
2.51833e-17
1.84986e-17
1.52664e-17
1.3781e-17
1.32704e-17
1.31553e-17
1.3893e-17
1.50615e-17
1.54586e-17
1.5964e-17
1.65023e-17
1.69783e-17
7.31016e-23
2.19809e-22
3.67705e-22
5.78077e-22
2.75003e-20
5.97413e-18
6.62985e-16
3.65586e-14
8.82322e-13
8.94716e-12
5.60207e-11
2.52535e-10
7.36322e-10
1.27452e-09
1.57249e-09
1.4464e-09
1.0929e-09
7.3181e-10
4.32294e-10
2.31165e-10
1.15068e-10
5.23116e-11
2.16645e-11
8.29636e-12
2.92638e-12
9.7765e-13
3.15686e-13
1.01577e-13
3.26264e-14
1.05531e-14
3.5285e-15
1.28594e-15
4.74641e-16
1.79734e-16
7.1047e-17
3.04838e-17
1.45471e-17
8.04324e-18
5.26001e-18
3.98709e-18
3.38826e-18
3.13307e-18
3.05401e-18
3.05442e-18
3.26306e-18
3.54735e-18
3.63705e-18
3.75535e-18
3.88517e-18
3.998e-18
2.60195e-23
7.82464e-23
1.30932e-22
2.08315e-22
1.10615e-20
2.51465e-18
2.96309e-16
1.78729e-14
4.81114e-13
5.23771e-12
3.35856e-11
1.53086e-10
4.51265e-10
7.9359e-10
9.51068e-10
8.50526e-10
6.21608e-10
4.00452e-10
2.28079e-10
1.1728e-10
5.56466e-11
2.39772e-11
9.34881e-12
3.36039e-12
1.10532e-12
3.41555e-13
1.02977e-13
3.08035e-14
9.14954e-15
2.75262e-15
8.62868e-16
2.95672e-16
1.02341e-16
3.68413e-17
1.38916e-17
5.73329e-18
2.74214e-18
1.58114e-18
1.10226e-18
8.90508e-19
7.93373e-19
7.55312e-19
7.46044e-19
7.56014e-19
8.0734e-19
8.66601e-19
8.8812e-19
9.15935e-19
9.44736e-19
9.71121e-19
9.26434e-24
2.78731e-23
4.66538e-23
7.62152e-23
5.17957e-21
1.23822e-18
1.48609e-16
9.24724e-15
2.69197e-13
3.03873e-12
1.95897e-11
9.06295e-11
2.67345e-10
4.70921e-10
5.52745e-10
4.77963e-10
3.37706e-10
2.09263e-10
1.14889e-10
5.6803e-11
2.56578e-11
1.04408e-11
3.82802e-12
1.2894e-12
3.94249e-13
1.13057e-13
3.16674e-14
8.79509e-15
2.42339e-15
6.79491e-16
1.98997e-16
6.42291e-17
2.11208e-17
7.23977e-18
2.61996e-18
1.07133e-18
5.33047e-19
3.33034e-19
2.53049e-19
2.18141e-19
2.01734e-19
1.9545e-19
1.94598e-19
1.98024e-19
2.10724e-19
2.23681e-19
2.28665e-19
2.34912e-19
2.41532e-19
2.48014e-19
3.30055e-24
9.93104e-24
1.66257e-23
2.51589e-23
1.34005e-21
4.31301e-19
6.36038e-17
4.56983e-15
1.47548e-13
1.70059e-12
1.07476e-11
4.93245e-11
1.42653e-10
2.42551e-10
2.84798e-10
2.38623e-10
1.62293e-10
9.72341e-11
5.13142e-11
2.43374e-11
1.04153e-11
3.98845e-12
1.37217e-12
4.32751e-13
1.22267e-13
3.24232e-14
8.34646e-15
2.14943e-15
5.50312e-16
1.4375e-16
3.97006e-17
1.23212e-17
3.87738e-18
1.28309e-18
4.56689e-19
1.93448e-19
1.06099e-19
7.49566e-20
6.2501e-20
5.67137e-20
5.37835e-20
5.26284e-20
5.24169e-20
5.32531e-20
5.64461e-20
5.93795e-20
6.04192e-20
6.17887e-20
6.33497e-20
6.49578e-20
1.18195e-24
3.55965e-24
5.99729e-24
2.8618e-23
7.22521e-21
1.30423e-18
1.21107e-16
6.16533e-15
1.16604e-13
8.77097e-13
4.52305e-12
1.87551e-11
4.72821e-11
7.47288e-11
8.73465e-11
7.08021e-11
4.59013e-11
2.63894e-11
1.32622e-11
6.02736e-12
2.33412e-12
8.36661e-13
2.68255e-13
7.71569e-14
1.95355e-14
4.73241e-15
1.07187e-15
2.53514e-16
5.99995e-17
1.44957e-17
3.94412e-18
1.273e-18
3.87344e-19
1.26889e-19
4.68031e-20
2.30132e-20
1.56561e-20
1.30533e-20
1.17681e-20
1.10075e-20
1.05993e-20
1.04384e-20
1.03257e-20
1.04784e-20
1.1225e-20
1.16609e-20
1.16516e-20
1.18206e-20
1.21141e-20
1.24638e-20
