0.053765
0.14917
0.227064
0.29499
0.357157
0.416361
0.474572
0.533116
0.592884
0.654704
0.718954
0.785861
0.855638
0.928084
1.00299
1.0801
1.1589
1.23886
1.31945
1.39998
1.48003
1.55904
1.63606
1.71122
1.7849
1.85572
1.92147
1.98313
2.04312
2.10011
2.1553
2.20859
2.2586
2.30624
2.35285
2.39973
2.44753
2.49462
2.53906
2.57995
2.61621
2.64537
2.6646
2.67268
2.69421
2.74053
2.79389
2.84773
2.90021
2.94912
0.0232049
0.0654967
0.100598
0.131618
0.160239
0.187573
0.214529
0.241675
0.26944
0.298328
0.328659
0.36059
0.394362
0.430211
0.468049
0.507758
0.549391
0.592617
0.636921
0.681955
0.727312
0.772374
0.816832
0.860399
0.90266
0.943389
0.983033
1.01935
1.05242
1.08321
1.11233
1.14207
1.16985
1.19581
1.22227
1.25005
1.2773
1.30351
1.32939
1.35219
1.37376
1.39233
1.40438
1.40762
1.41283
1.43527
1.46859
1.50452
1.54144
1.5782
0.0107843
0.0305684
0.0471815
0.062079
0.0760784
0.089747
0.103517
0.11767
0.132413
0.148022
0.164642
0.182371
0.201364
0.221697
0.243361
0.266336
0.290543
0.315804
0.341831
0.368232
0.394734
0.42093
0.446076
0.470255
0.493563
0.515576
0.536534
0.556802
0.57552
0.592443
0.608367
0.624247
0.639254
0.653019
0.666502
0.679855
0.694079
0.708743
0.723298
0.737004
0.748755
0.759332
0.767174
0.769772
0.76839
0.775133
0.793082
0.813587
0.834889
0.854627
0.00496194
0.0141668
0.0220242
0.0291952
0.0361022
0.043052
0.050238
0.0578249
0.0659749
0.0748181
0.0844404
0.0949599
0.106445
0.118876
0.132303
0.146725
0.161952
0.177844
0.194217
0.210702
0.227088
0.243097
0.258221
0.272159
0.28504
0.296895
0.30813
0.319081
0.329382
0.338601
0.346985
0.355331
0.363192
0.370167
0.376852
0.383389
0.389603
0.396438
0.4044
0.412537
0.419874
0.426138
0.430463
0.432444
0.432122
0.434901
0.444277
0.456157
0.468473
0.478876
0.00228645
0.00656815
0.0102665
0.0136993
0.017085
0.0205894
0.0243263
0.0283939
0.0328968
0.0379352
0.043573
0.0498978
0.056965
0.064757
0.0733118
0.0825993
0.0924584
0.102765
0.113321
0.123787
0.13399
0.143756
0.152882
0.161247
0.168678
0.175199
0.181064
0.186688
0.192055
0.19723
0.202146
0.206868
0.211178
0.21498
0.218585
0.221843
0.224887
0.227951
0.231329
0.235243
0.239468
0.243315
0.246035
0.247268
0.246628
0.24735
0.252292
0.259361
0.266566
0.272075
0.00104864
0.00301299
0.0047152
0.0063439
0.00798804
0.00971909
0.0116315
0.0137837
0.0162306
0.0190594
0.0223399
0.0261124
0.0304211
0.0353163
0.0407783
0.0467523
0.053199
0.059972
0.0668408
0.0735994
0.0800907
0.0861619
0.091737
0.0966612
0.100889
0.104691
0.107736
0.110388
0.113207
0.115769
0.118196
0.120688
0.123043
0.12511
0.127039
0.12884
0.130357
0.131743
0.133401
0.135532
0.137754
0.13974
0.14131
0.142161
0.141663
0.141612
0.14418
0.148333
0.152544
0.155483
0.000477957
0.00138278
0.00217311
0.00293531
0.00371821
0.00456496
0.00552242
0.0066318
0.00793985
0.00950822
0.0113831
0.0136127
0.0162409
0.0192815
0.0227452
0.0266137
0.0307993
0.035194
0.0396588
0.0439474
0.0479535
0.0516144
0.0548392
0.0577506
0.0602655
0.0623209
0.0640487
0.0654354
0.0667398
0.0681183
0.0694356
0.0706093
0.0717006
0.0727446
0.0737142
0.0746284
0.0753742
0.0759645
0.0765345
0.0773398
0.0785298
0.0798038
0.0808126
0.0813911
0.0810896
0.0808119
0.082111
0.0844963
0.0867292
0.0880579
0.000210248
0.000621971
0.000994162
0.001351
0.00172878
0.0021555
0.00263974
0.00321179
0.00391269
0.00477489
0.00584004
0.00715825
0.00875807
0.0106432
0.0128381
0.0153302
0.0180432
0.0208887
0.023743
0.0264461
0.0288864
0.0309903
0.0327638
0.0342928
0.0356097
0.0366449
0.0374386
0.0380859
0.0386345
0.0392383
0.0398982
0.0404425
0.0409046
0.041404
0.0418835
0.0423329
0.0427878
0.0431339
0.0433776
0.0436123
0.0440093
0.0446482
0.0452629
0.045655
0.0455214
0.0452727
0.0458811
0.0471698
0.048243
0.0487306
8.37231e-05
0.000250127
0.000407361
0.000572717
0.000758912
0.00097448
0.00122886
0.00153635
0.00191753
0.00239728
0.00300607
0.00378084
0.00474893
0.00591855
0.00730538
0.00889192
0.0106186
0.0124293
0.0142235
0.0158705
0.0173299
0.0185497
0.0195004
0.0202686
0.020899
0.0213902
0.0217334
0.0219572
0.0221289
0.0223354
0.0225961
0.0227999
0.0229482
0.0231178
0.02329
0.0234594
0.0236426
0.0238088
0.0239195
0.0240125
0.0241914
0.0245196
0.0248856
0.0251271
0.0250818
0.0249485
0.0252619
0.0259563
0.0264663
0.0266275
2.68146e-05
8.30097e-05
0.000142338
0.000213491
0.000302008
0.000410761
0.000544651
0.000711415
0.000921911
0.00119056
0.0015386
0.00199397
0.00257889
0.00330168
0.00417373
0.0051798
0.00627216
0.00740271
0.00850484
0.00948309
0.0103227
0.0110025
0.0114881
0.0118396
0.0120995
0.0122861
0.0124158
0.0124825
0.0125
0.0125293
0.012594
0.0126354
0.0126464
0.0126733
0.0127081
0.0127482
0.0127988
0.0128497
0.0128807
0.0128897
0.0129252
0.0130577
0.0132486
0.0133899
0.0133798
0.0133044
0.0134599
0.0138155
0.0140374
0.0140673
6.51318e-06
2.1631e-05
4.0909e-05
6.85334e-05
0.000107866
0.000160739
0.000229905
0.000319849
0.000436528
0.000587465
0.000786594
0.00105427
0.00140728
0.00185345
0.00240047
0.00303538
0.00372067
0.0044178
0.00508232
0.00565106
0.00611285
0.00646483
0.00669244
0.00682993
0.00691447
0.00695583
0.00696769
0.00696094
0.00692686
0.00689256
0.00687996
0.00685658
0.00681856
0.00679343
0.00677712
0.00676909
0.0067712
0.00678051
0.00678395
0.00677113
0.00675669
0.00679445
0.00688531
0.00695939
0.00695572
0.00691233
0.00698387
0.00715344
0.00723898
0.00722886
1.20909e-06
4.44957e-06
9.72513e-06
1.90452e-05
3.47305e-05
5.86202e-05
9.28779e-05
0.000140255
0.000204571
0.000289552
0.000403738
0.000561204
0.000774282
0.00104968
0.00139243
0.00179132
0.00221699
0.00264115
0.00303477
0.00335633
0.00359912
0.00376569
0.00385706
0.00389392
0.00390142
0.00388736
0.00385677
0.00381972
0.00377163
0.00372187
0.00368424
0.00364236
0.00359374
0.00355541
0.00352423
0.0035004
0.00348574
0.00347916
0.0034729
0.00345819
0.00343916
0.00344312
0.00348196
0.00352269
0.00352472
0.00350139
0.00353234
0.00360893
0.00363793
0.00362322
2.10548e-07
8.2623e-07
2.06351e-06
4.77471e-06
1.03022e-05
2.01475e-05
3.60634e-05
6.02347e-05
9.52243e-05
0.000143141
0.000209019
0.000302014
0.000430852
0.000600926
0.000815706
0.00106525
0.00132718
0.00158166
0.00180966
0.00198447
0.00210496
0.00217543
0.00220255
0.00219964
0.00217989
0.00214947
0.00211036
0.00206853
0.00202282
0.00197666
0.00193742
0.00189781
0.00185526
0.00182028
0.00179106
0.00176699
0.00174918
0.00173688
0.00172727
0.00171573
0.00170177
0.00169579
0.00170861
0.00172948
0.00173257
0.00172014
0.00173284
0.00176594
0.00177439
0.00176454
4.64048e-08
1.71959e-07
4.42078e-07
1.15658e-06
2.92765e-06
6.67615e-06
1.36354e-05
2.54584e-05
4.41286e-05
7.11194e-05
0.00010947
0.000164816
0.000243125
0.000348308
0.000482949
0.00063829
0.000798168
0.000948486
0.00107623
0.00116622
0.00122149
0.00124604
0.00124679
0.00123211
0.00120798
0.00117816
0.00114401
0.00110884
0.00107231
0.00103612
0.00100373
0.000972151
0.000940122
0.000913471
0.000891364
0.000872878
0.000858076
0.00084667
0.000837667
0.000829672
0.000820976
0.00081418
0.000816992
0.000826281
0.000827679
0.000821024
0.000825643
0.000839021
0.000840746
0.000835697
1.3205e-08
4.42513e-08
1.06038e-07
2.92413e-07
8.41963e-07
2.22083e-06
5.16822e-06
1.07946e-05
2.05546e-05
3.56774e-05
5.81293e-05
9.13064e-05
0.000139263
0.000204501
0.000289226
0.000385516
0.000481927
0.000568901
0.000636805
0.000679946
0.000702388
0.000707282
0.000699632
0.000684036
0.00066318
0.000639213
0.000613393
0.000587561
0.000561366
0.000535664
0.000512166
0.000489493
0.00046744
0.000449124
0.000433949
0.000421317
0.000410769
0.000402258
0.000395509
0.000390339
0.00038533
0.000380435
0.000380371
0.000384639
0.00038533
0.00038174
0.000383103
0.000388075
0.00038787
0.000385677
4.29148e-09
1.35355e-08
2.99973e-08
8.39061e-08
2.64761e-07
7.7211e-07
2.01245e-06
4.6591e-06
9.56572e-06
1.78296e-05
3.08967e-05
5.07503e-05
8.00086e-05
0.000120678
0.000173356
0.0002327
0.000290761
0.000339839
0.000374853
0.000394021
0.000400642
0.000398347
0.000389741
0.000376474
0.000360558
0.000343499
0.000325297
0.000307432
0.000290114
0.000273255
0.000257756
0.000243075
0.000229085
0.000217322
0.00020755
0.00019961
0.000192801
0.000187169
0.000182841
0.000179576
0.000176588
0.000173619
0.000172904
0.00017449
0.000174579
0.000172662
0.000173025
0.000175019
0.000174621
0.00017362
1.39359e-09
4.16949e-09
8.15865e-09
2.15464e-08
7.52948e-08
2.5434e-07
7.49344e-07
1.92917e-06
4.39825e-06
8.86279e-06
1.63813e-05
2.83788e-05
4.63593e-05
7.16451e-05
0.000104429
0.000140923
0.000175341
0.000202242
0.000219507
0.000226697
0.000227126
0.000223044
0.000215513
0.000205614
0.000194376
0.000182645
0.000170611
0.000158927
0.000147755
0.000137179
0.000127548
0.000118493
0.000110018
0.000102929
9.70274e-05
9.22112e-05
8.81859e-05
8.48462e-05
8.21998e-05
8.02319e-05
7.85924e-05
7.69198e-05
7.61469e-05
7.66485e-05
7.67097e-05
7.58518e-05
7.58167e-05
7.64621e-05
7.62246e-05
7.58643e-05
4.64853e-10
1.36503e-09
2.46606e-09
5.99384e-09
2.2324e-08
8.63075e-08
2.87653e-07
8.22887e-07
2.06044e-06
4.48401e-06
8.8417e-06
1.61245e-05
2.72995e-05
4.29303e-05
6.34638e-05
8.57308e-05
0.000105471
0.000119773
0.000127432
0.000129315
0.000127852
0.000124019
0.000118387
0.000111496
0.000103829
9.6024e-05
8.83023e-05
8.09165e-05
7.39996e-05
6.76493e-05
6.19317e-05
5.65829e-05
5.16722e-05
4.76074e-05
4.42338e-05
4.14774e-05
3.92126e-05
3.73449e-05
3.58319e-05
3.47109e-05
3.38499e-05
3.29939e-05
3.24541e-05
3.25264e-05
3.25366e-05
3.21581e-05
3.20788e-05
3.22572e-05
3.21247e-05
3.20034e-05
1.55276e-10
4.5486e-10
7.84796e-10
1.72499e-09
6.58236e-09
2.94129e-08
1.1263e-07
3.59408e-07
9.81211e-07
2.30867e-06
4.84582e-06
9.28188e-06
1.62524e-05
2.60712e-05
3.89084e-05
5.22382e-05
6.3304e-05
7.04502e-05
7.3396e-05
7.33371e-05
7.15663e-05
6.85383e-05
6.45454e-05
5.99158e-05
5.48714e-05
4.98027e-05
4.50014e-05
4.04856e-05
3.63407e-05
3.26598e-05
2.93906e-05
2.63777e-05
2.36484e-05
2.14443e-05
1.96287e-05
1.81316e-05
1.69239e-05
1.59402e-05
1.51354e-05
1.45317e-05
1.40863e-05
1.3676e-05
1.33598e-05
1.33087e-05
1.32938e-05
1.31152e-05
1.30749e-05
1.31375e-05
1.3066e-05
1.30273e-05
5.34532e-11
1.5535e-10
2.59113e-10
5.32048e-10
2.12521e-09
1.05683e-08
4.50976e-08
1.58655e-07
4.71791e-07
1.18394e-06
2.63959e-06
5.32965e-06
9.66284e-06
1.58369e-05
2.38363e-05
3.17851e-05
3.77643e-05
4.10545e-05
4.20397e-05
4.13929e-05
3.98279e-05
3.76519e-05
3.49678e-05
3.19166e-05
2.86983e-05
2.55762e-05
2.26673e-05
1.99775e-05
1.75928e-05
1.5534e-05
1.37207e-05
1.20888e-05
1.06463e-05
9.47479e-06
8.52094e-06
7.75588e-06
7.1418e-06
6.64341e-06
6.24088e-06
5.93766e-06
5.71068e-06
5.51317e-06
5.3545e-06
5.31259e-06
5.30334e-06
5.22481e-06
5.18932e-06
5.197e-06
5.16589e-06
5.14946e-06
1.79826e-11
5.26667e-11
8.64306e-11
1.5744e-10
6.02361e-10
3.48364e-09
1.73748e-08
6.90531e-08
2.25874e-07
6.10734e-07
1.44659e-06
3.07538e-06
5.77399e-06
9.60991e-06
1.4571e-05
1.92048e-05
2.23335e-05
2.38159e-05
2.39599e-05
2.32466e-05
2.20723e-05
2.05588e-05
1.87898e-05
1.68655e-05
1.48692e-05
1.29639e-05
1.12428e-05
9.70583e-06
8.36412e-06
7.23131e-06
6.26645e-06
5.41332e-06
4.66966e-06
4.0767e-06
3.60083e-06
3.22109e-06
2.92073e-06
2.68101e-06
2.48767e-06
2.3414e-06
2.23224e-06
2.1435e-06
2.06768e-06
2.03816e-06
2.03344e-06
2.0012e-06
1.98461e-06
1.98373e-06
1.97042e-06
1.96465e-06
6.18745e-12
1.81376e-11
2.95054e-11
5.0399e-11
1.8533e-10
1.18401e-09
6.76641e-09
3.02665e-08
1.08316e-07
3.15084e-07
7.92923e-07
1.76964e-06
3.44072e-06
5.84912e-06
8.88179e-06
1.1536e-05
1.31144e-05
1.36972e-05
1.35728e-05
1.29984e-05
1.21638e-05
1.11574e-05
1.00291e-05
8.82551e-06
7.6161e-06
6.49906e-06
5.50564e-06
4.64062e-06
3.91435e-06
3.31295e-06
2.80872e-06
2.37643e-06
2.00785e-06
1.71595e-06
1.48605e-06
1.30641e-06
1.16467e-06
1.05306e-06
9.65245e-07
8.98446e-07
8.48054e-07
8.08969e-07
7.7565e-07
7.59803e-07
7.56362e-07
7.42854e-07
7.35263e-07
7.34113e-07
7.28619e-07
7.2624e-07
2.09168e-12
6.19187e-12
1.01315e-11
1.59442e-11
5.23502e-11
3.78976e-10
2.5384e-09
1.29785e-08
5.18164e-08
1.62822e-07
4.35171e-07
1.02437e-06
2.05852e-06
3.55012e-06
5.39316e-06
6.87647e-06
7.64037e-06
7.83974e-06
7.6542e-06
7.22881e-06
6.66765e-06
6.01113e-06
5.29983e-06
4.57188e-06
3.8562e-06
3.20753e-06
2.65031e-06
2.18003e-06
1.79219e-06
1.48087e-06
1.22781e-06
1.01492e-06
8.37534e-07
7.00238e-07
5.93735e-07
5.11456e-07
4.47885e-07
3.98699e-07
3.60259e-07
3.31236e-07
3.0933e-07
2.92886e-07
2.79356e-07
2.71793e-07
2.69881e-07
2.65159e-07
2.61896e-07
2.60905e-07
2.58908e-07
2.58075e-07
7.20957e-13
2.14086e-12
3.50554e-12
5.34758e-12
1.61482e-11
1.2605e-10
9.70769e-10
5.62574e-09
2.45568e-08
8.37985e-08
2.3885e-07
5.89284e-07
1.22639e-06
2.15654e-06
3.25592e-06
4.06465e-06
4.41868e-06
4.45743e-06
4.29604e-06
4.00552e-06
3.63459e-06
3.21624e-06
2.77852e-06
2.34143e-06
1.92641e-06
1.56335e-06
1.25705e-06
1.00578e-06
8.0673e-07
6.50246e-07
5.25842e-07
4.24594e-07
3.42087e-07
2.79111e-07
2.31358e-07
1.95305e-07
1.67597e-07
1.46501e-07
1.30488e-07
1.18421e-07
1.09281e-07
1.02564e-07
9.71837e-08
9.40644e-08
9.32624e-08
9.14495e-08
9.02048e-08
8.98556e-08
8.91095e-08
8.87872e-08
2.44825e-13
7.3181e-13
1.21226e-12
1.78013e-12
4.4856e-12
3.80211e-11
3.46713e-10
2.30978e-09
1.15509e-08
4.29983e-08
1.30572e-07
3.40625e-07
7.3152e-07
1.30459e-06
1.95311e-06
2.38534e-06
2.54028e-06
2.52415e-06
2.40003e-06
2.2058e-06
1.96953e-06
1.70723e-06
1.43959e-06
1.18412e-06
9.48795e-07
7.47544e-07
5.84424e-07
4.54777e-07
3.5396e-07
2.77503e-07
2.18666e-07
1.71829e-07
1.34738e-07
1.07256e-07
8.67847e-08
7.15641e-08
6.01901e-08
5.16832e-08
4.5262e-08
4.05145e-08
3.69638e-08
3.43717e-08
3.23843e-08
3.11025e-08
3.06944e-08
3.0145e-08
2.96863e-08
2.95227e-08
2.92936e-08
2.91946e-08
8.45076e-14
2.53604e-13
4.20473e-13
6.1146e-13
1.40331e-12
1.21449e-11
1.27205e-10
9.72963e-10
5.36664e-09
2.1838e-08
7.10653e-08
1.9458e-07
4.32826e-07
7.83309e-07
1.16087e-06
1.3867e-06
1.45176e-06
1.42265e-06
1.33607e-06
1.20988e-06
1.06076e-06
8.99389e-07
7.39139e-07
5.91095e-07
4.60122e-07
3.52288e-07
2.67049e-07
2.01433e-07
1.52373e-07
1.16083e-07
8.88922e-08
6.7994e-08
5.18744e-08
4.01684e-08
3.1675e-08
2.55242e-08
2.09795e-08
1.76404e-08
1.51914e-08
1.33952e-08
1.20604e-08
1.11033e-08
1.03895e-08
9.93813e-09
9.79193e-09
9.59739e-09
9.43972e-09
9.3863e-09
9.31223e-09
9.27874e-09
2.89672e-14
8.70529e-14
1.45504e-13
2.09218e-13
4.08906e-13
3.48916e-12
4.34389e-11
3.85829e-10
2.45994e-09
1.10421e-08
3.84543e-08
1.11419e-07
2.55506e-07
4.68496e-07
6.84488e-07
8.0086e-07
8.25224e-07
7.98623e-07
7.39735e-07
6.59138e-07
5.66895e-07
4.69047e-07
3.74489e-07
2.90627e-07
2.19336e-07
1.6238e-07
1.19213e-07
8.70939e-08
6.36245e-08
4.69343e-08
3.4895e-08
2.58812e-08
1.91366e-08
1.44091e-08
1.10586e-08
8.67938e-09
6.976e-09
5.74872e-09
4.85672e-09
4.21755e-09
3.75398e-09
3.42327e-09
3.18287e-09
3.02016e-09
2.95994e-09
2.90636e-09
2.85805e-09
2.84172e-09
2.82293e-09
2.8145e-09
1.0064e-14
3.03004e-14
5.05573e-14
7.24035e-14
1.33785e-13
1.13466e-12
1.59174e-11
1.59889e-10
1.12702e-09
5.51826e-09
2.06092e-08
6.28228e-08
1.4907e-07
2.75585e-07
3.99012e-07
4.58711e-07
4.6695e-07
4.46522e-07
4.07879e-07
3.56813e-07
3.00245e-07
2.4198e-07
1.87556e-07
1.40937e-07
1.02831e-07
7.36473e-08
5.22187e-08
3.68274e-08
2.601e-08
1.85608e-08
1.33587e-08
9.60587e-09
6.88574e-09
5.02533e-09
3.74599e-09
2.86436e-09
2.24555e-09
1.80831e-09
1.49898e-09
1.28082e-09
1.12464e-09
1.01546e-09
9.38383e-10
8.86771e-10
8.66964e-10
8.51103e-10
8.36252e-10
8.31149e-10
8.26169e-10
8.23937e-10
3.4888e-15
1.0488e-14
1.75525e-14
2.50431e-14
4.13501e-14
3.22067e-13
5.38471e-12
6.28865e-11
5.05847e-10
2.75499e-09
1.10689e-08
3.55067e-08
8.66928e-08
1.61949e-07
2.30851e-07
2.6117e-07
2.62946e-07
2.48698e-07
2.23537e-07
1.91583e-07
1.57239e-07
1.23111e-07
9.23812e-08
6.71073e-08
4.72567e-08
3.25797e-08
2.22729e-08
1.51343e-08
1.02656e-08
7.04943e-09
4.90781e-09
3.41227e-09
2.35798e-09
1.66702e-09
1.20602e-09
8.95521e-10
6.84724e-10
5.39381e-10
4.37997e-10
3.68012e-10
3.1934e-10
2.85581e-10
2.62198e-10
2.47273e-10
2.41971e-10
2.37875e-10
2.33885e-10
2.32842e-10
2.31878e-10
2.31469e-10
1.22053e-15
3.67156e-15
6.12596e-15
8.69482e-15
1.39601e-14
1.09724e-13
2.03847e-12
2.63201e-11
2.33281e-10
1.36471e-09
5.84706e-09
1.9852e-08
4.99595e-08
9.33506e-08
1.32004e-07
1.48087e-07
1.47626e-07
1.38038e-07
1.21912e-07
1.01977e-07
8.14056e-08
6.17042e-08
4.48179e-08
3.14529e-08
2.1319e-08
1.4159e-08
9.31004e-09
6.07406e-09
3.95896e-09
2.61825e-09
1.75606e-09
1.17918e-09
7.87968e-10
5.3805e-10
3.76369e-10
2.71502e-10
2.02177e-10
1.55339e-10
1.2354e-10
1.02116e-10
8.74212e-11
7.75144e-11
7.09236e-11
6.65434e-11
6.49225e-11
6.40884e-11
6.31227e-11
6.28868e-11
6.27472e-11
6.27198e-11
4.28187e-16
1.28757e-15
2.14531e-15
3.03957e-15
4.70866e-15
3.44131e-14
7.24702e-13
1.08025e-11
1.03353e-10
6.62322e-10
3.06483e-09
1.08721e-08
2.84319e-08
5.38545e-08
7.50863e-08
8.33373e-08
8.2425e-08
7.60035e-08
6.59988e-08
5.39514e-08
4.17874e-08
3.07012e-08
2.15686e-08
1.45473e-08
9.49516e-09
6.08698e-09
3.83686e-09
2.39885e-09
1.50695e-09
9.56776e-10
6.16793e-10
4.00905e-10
2.58737e-10
1.70232e-10
1.15276e-10
8.08127e-11
5.8345e-11
4.3659e-11
3.40414e-11
2.76163e-11
2.32914e-11
2.04569e-11
1.85988e-11
1.75021e-11
1.71989e-11
1.69607e-11
1.669e-11
1.66411e-11
1.66252e-11
1.66291e-11
1.5007e-16
4.50813e-16
7.51563e-16
1.05934e-15
1.54987e-15
1.05285e-14
2.60744e-13
4.2728e-12
4.64125e-11
3.23667e-10
1.59562e-09
6.03298e-09
1.62099e-08
3.09779e-08
4.25115e-08
4.67241e-08
4.58327e-08
4.16717e-08
3.54613e-08
2.82408e-08
2.12018e-08
1.50294e-08
1.01488e-08
6.58959e-09
4.13276e-09
2.5307e-09
1.52921e-09
9.16222e-10
5.48213e-10
3.32978e-10
2.06231e-10
1.28761e-10
7.97212e-11
5.0561e-11
3.30346e-11
2.23958e-11
1.57717e-11
1.15553e-11
8.82553e-12
7.06002e-12
5.90458e-12
5.15726e-12
4.68771e-12
4.39557e-12
4.31592e-12
4.29517e-12
4.24609e-12
4.24785e-12
4.25829e-12
4.26928e-12
5.28162e-17
1.58599e-16
2.64164e-16
3.7155e-16
5.31794e-16
3.49256e-15
9.80506e-14
1.80029e-12
2.11102e-11
1.58422e-10
8.32898e-10
3.30261e-09
9.15979e-09
1.73763e-08
2.38842e-08
2.61307e-08
2.54217e-08
2.27693e-08
1.89224e-08
1.46113e-08
1.0622e-08
7.24732e-09
4.70035e-09
2.93547e-09
1.76349e-09
1.03243e-09
5.94926e-10
3.40114e-10
1.94256e-10
1.12621e-10
6.67362e-11
4.0096e-11
2.38706e-11
1.45583e-11
9.16845e-12
6.024e-12
4.12497e-12
2.95136e-12
2.21527e-12
1.75002e-12
1.45216e-12
1.26544e-12
1.15254e-12
1.0847e-12
1.06885e-12
1.07044e-12
1.06231e-12
1.0662e-12
1.07248e-12
1.07762e-12
1.85973e-17
5.57992e-17
9.29781e-17
1.30562e-16
1.79476e-16
1.01112e-15
3.48389e-14
7.41202e-13
9.56273e-12
7.79806e-11
4.38234e-10
1.81513e-09
5.16466e-09
9.83612e-09
1.34206e-08
1.45896e-08
1.40656e-08
1.23813e-08
1.0008e-08
7.47637e-09
5.23605e-09
3.43107e-09
2.1301e-09
1.27515e-09
7.31775e-10
4.06704e-10
2.23219e-10
1.21325e-10
6.55736e-11
3.60718e-11
2.04369e-11
1.17656e-11
6.67584e-12
3.91786e-12
2.3793e-12
1.51062e-12
1.00978e-12
7.10186e-13
5.26352e-13
4.13643e-13
3.4406e-13
3.00902e-13
2.75954e-13
2.61848e-13
2.59843e-13
2.62712e-13
2.62013e-13
2.64262e-13
2.66958e-13
2.69015e-13
6.56073e-18
1.96898e-17
3.27931e-17
4.59745e-17
6.26735e-17
3.57616e-16
1.36839e-14
3.18784e-13
4.48853e-12
3.84832e-11
2.26705e-10
9.92203e-10
2.90144e-09
5.5143e-09
7.52996e-09
8.16228e-09
7.7592e-09
6.69648e-09
5.24794e-09
3.78002e-09
2.54534e-09
1.59954e-09
9.52147e-10
5.4496e-10
2.97649e-10
1.5727e-10
8.18948e-11
4.2169e-11
2.16023e-11
1.13002e-11
6.08766e-12
3.35044e-12
1.82544e-12
1.02813e-12
6.00395e-13
3.70112e-13
2.42126e-13
1.67663e-13
1.23454e-13
9.72501e-14
8.14435e-14
7.20081e-14
6.69654e-14
6.36284e-14
6.31609e-14
6.47565e-14
6.51007e-14
6.59904e-14
6.69369e-14
6.76485e-14
2.31651e-18
6.95156e-18
1.15784e-17
1.62287e-17
2.19033e-17
1.17209e-16
5.09626e-15
1.3558e-13
2.03139e-12
1.86822e-11
1.16847e-10
5.31859e-10
1.61258e-09
3.06515e-09
4.19471e-09
4.5323e-09
4.25651e-09
3.59787e-09
2.73725e-09
1.89785e-09
1.22784e-09
7.3976e-10
4.21452e-10
2.29731e-10
1.1942e-10
6.00118e-11
2.9504e-11
1.43806e-11
7.00367e-12
3.46955e-12
1.77461e-12
9.37169e-13
4.89627e-13
2.64382e-13
1.4923e-13
8.97432e-14
5.76202e-14
3.9586e-14
2.92714e-14
2.32976e-14
1.9816e-14
1.7846e-14
1.69082e-14
1.6134e-14
1.59861e-14
1.65269e-14
1.66751e-14
1.69582e-14
1.72611e-14
1.74835e-14
8.18571e-19
2.45596e-18
4.09218e-18
5.73619e-18
7.61759e-18
3.49786e-17
1.82774e-15
5.70235e-14
9.45265e-13
9.25031e-12
6.09756e-11
2.88532e-10
8.9653e-10
1.72421e-09
2.34499e-09
2.51425e-09
2.32462e-09
1.91613e-09
1.40969e-09
9.40578e-10
5.83156e-10
3.35764e-10
1.8212e-10
9.43415e-11
4.6428e-11
2.19451e-11
1.01872e-11
4.68311e-12
2.14087e-12
9.99422e-13
4.8594e-13
2.44845e-13
1.21602e-13
6.32588e-14
3.46467e-14
2.03896e-14
1.30709e-14
9.09339e-15
6.87117e-15
5.63028e-15
4.94295e-15
4.55763e-15
4.39933e-15
4.2539e-15
4.23568e-15
4.40333e-15
4.4515e-15
4.53605e-15
4.62474e-15
4.69218e-15
2.89538e-19
8.69058e-19
1.44803e-18
2.02837e-18
2.68687e-18
1.25553e-17
7.20799e-16
2.46861e-14
4.48829e-13
4.57865e-12
3.14205e-11
1.56133e-10
4.98072e-10
9.60755e-10
1.31488e-09
1.39688e-09
1.26112e-09
1.01043e-09
7.15751e-10
4.58653e-10
2.72929e-10
1.50162e-10
7.76023e-11
3.81587e-11
1.77045e-11
7.87962e-12
3.44049e-12
1.48733e-12
6.39437e-13
2.81704e-13
1.29469e-13
6.21749e-14
2.96627e-14
1.48928e-14
7.9525e-15
4.65276e-15
3.02028e-15
2.15885e-15
1.69096e-15
1.43739e-15
1.30132e-15
1.22662e-15
1.19953e-15
1.17381e-15
1.18085e-15
1.23411e-15
1.25145e-15
1.277e-15
1.30336e-15
1.32379e-15
1.02509e-19
3.07642e-19
5.12711e-19
7.18311e-19
9.4762e-19
4.20613e-18
2.705e-16
1.0628e-14
2.05731e-13
2.23091e-12
1.61368e-11
8.31253e-11
2.74484e-10
5.32605e-10
7.31789e-10
7.70512e-10
6.80096e-10
5.2874e-10
3.61009e-10
2.21469e-10
1.26351e-10
6.65003e-11
3.27104e-11
1.52103e-11
6.6601e-12
2.79431e-12
1.14174e-12
4.63566e-13
1.8806e-13
7.78822e-14
3.37925e-14
1.55602e-14
7.14325e-15
3.47691e-15
1.83692e-15
1.08803e-15
7.26865e-16
5.43044e-16
4.45684e-16
3.93308e-16
3.66312e-16
3.51875e-16
3.47631e-16
3.42108e-16
3.47029e-16
3.64104e-16
3.69374e-16
3.77127e-16
3.85404e-16
3.91762e-16
3.63222e-20
1.08994e-19
1.81696e-19
2.54815e-19
3.34301e-19
1.29014e-18
9.50456e-17
4.49683e-15
9.74156e-14
1.11802e-12
8.46523e-12
4.49765e-11
1.51756e-10
2.99941e-10
4.08744e-10
4.23695e-10
3.65168e-10
2.73256e-10
1.79015e-10
1.05207e-10
5.73359e-11
2.8772e-11
1.34025e-11
5.88468e-12
2.4152e-12
9.43169e-13
3.61065e-13
1.37038e-13
5.17141e-14
2.00309e-14
8.22701e-15
3.61803e-15
1.59039e-15
7.64246e-16
4.08973e-16
2.51482e-16
1.78649e-16
1.42589e-16
1.23513e-16
1.13192e-16
1.08224e-16
1.05496e-16
1.04944e-16
1.03892e-16
1.06091e-16
1.11416e-16
1.12919e-16
1.15249e-16
1.1774e-16
1.19746e-16
1.28782e-20
3.86601e-20
6.44505e-20
9.03462e-20
1.18608e-19
4.83287e-19
3.85546e-17
1.9633e-15
4.71619e-14
5.60547e-13
4.37774e-12
2.43469e-11
8.42111e-11
1.67955e-10
2.29047e-10
2.32458e-10
1.94094e-10
1.39599e-10
8.74108e-11
4.91769e-11
2.56065e-11
1.224e-11
5.40312e-12
2.23754e-12
8.59067e-13
3.13314e-13
1.11931e-13
3.96594e-14
1.39759e-14
5.07764e-15
1.96209e-15
8.24747e-16
3.54199e-16
1.70629e-16
9.47457e-17
6.23192e-17
4.7588e-17
4.02797e-17
3.64171e-17
3.42709e-17
3.32361e-17
3.2638e-17
3.25979e-17
3.24226e-17
3.33069e-17
3.50453e-17
3.55656e-17
3.63032e-17
3.70841e-17
3.77335e-17
4.56953e-21
1.37168e-20
2.28733e-20
3.20608e-20
4.20537e-20
1.72756e-19
1.50894e-17
8.5415e-16
2.20881e-14
2.76637e-13
2.25261e-12
1.30082e-11
4.65264e-11
9.28512e-11
1.27228e-10
1.26645e-10
1.02097e-10
7.09785e-11
4.24663e-11
2.27619e-11
1.13299e-11
5.15068e-12
2.14886e-12
8.37426e-13
3.01291e-13
1.02727e-13
3.40451e-14
1.12686e-14
3.72481e-15
1.26746e-15
4.6187e-16
1.87644e-16
7.98079e-17
3.94924e-17
2.34822e-17
1.67862e-17
1.37215e-17
1.21584e-17
1.13189e-17
1.08106e-17
1.05554e-17
1.04094e-17
1.04217e-17
1.03677e-17
1.06969e-17
1.12748e-17
1.14381e-17
1.16746e-17
1.19322e-17
1.21459e-17
1.62278e-21
4.87053e-21
8.12464e-21
1.14055e-20
1.49287e-20
5.44124e-20
5.24659e-18
3.63626e-16
1.05613e-14
1.41689e-13
1.20343e-12
7.08681e-12
2.58583e-11
5.25626e-11
7.07396e-11
6.85807e-11
5.34411e-11
3.55808e-11
2.03019e-11
1.03735e-11
4.90924e-12
2.10857e-12
8.25537e-13
3.01368e-13
1.00795e-13
3.17046e-14
9.78945e-15
3.00405e-15
9.17992e-16
2.9116e-16
1.00939e-16
4.00481e-17
1.72004e-17
9.18466e-18
6.07652e-18
4.77187e-18
4.16709e-18
3.81763e-18
3.62198e-18
3.48698e-18
3.40912e-18
3.36786e-18
3.37849e-18
3.36067e-18
3.47299e-18
3.65537e-18
3.69824e-18
3.76904e-18
3.84886e-18
3.91873e-18
5.76546e-22
1.73109e-21
2.88753e-21
4.05323e-21
5.31667e-21
2.16485e-20
2.26913e-18
1.63046e-16
5.21891e-15
7.25609e-14
6.31021e-13
3.85829e-12
1.43877e-11
2.98705e-11
3.93858e-11
3.68953e-11
2.76487e-11
1.75533e-11
9.57178e-12
4.66683e-12
2.09593e-12
8.50007e-13
3.12615e-13
1.06545e-13
3.30902e-14
9.67121e-15
2.7735e-15
7.89703e-16
2.247e-16
6.69135e-17
2.21107e-17
8.6995e-18
3.94257e-18
2.32916e-18
1.71164e-18
1.44776e-18
1.32048e-18
1.23442e-18
1.18123e-18
1.13978e-18
1.11202e-18
1.09564e-18
1.09687e-18
1.09597e-18
1.13688e-18
1.19522e-18
1.20896e-18
1.23107e-18
1.2561e-18
1.27921e-18
2.04963e-22
6.15452e-22
1.02687e-21
1.44069e-21
1.89217e-21
8.3687e-21
9.47724e-19
7.29588e-17
2.52797e-15
3.6637e-14
3.27639e-13
2.07781e-12
7.96964e-12
1.65017e-11
2.17247e-11
1.96739e-11
1.40756e-11
8.59425e-12
4.47964e-12
2.07591e-12
8.86668e-13
3.39326e-13
1.17e-13
3.72991e-14
1.07703e-14
2.92665e-15
7.76093e-16
2.05754e-16
5.48307e-17
1.54147e-17
4.92346e-18
1.97954e-18
9.76414e-19
6.4685e-19
5.1897e-19
4.60758e-19
4.30195e-19
4.07187e-19
3.90952e-19
3.76811e-19
3.66052e-19
3.59773e-19
3.58938e-19
3.58918e-19
3.74498e-19
3.9407e-19
3.98516e-19
4.05532e-19
4.13662e-19
4.21334e-19
7.29173e-23
2.18922e-22
3.65374e-22
5.12839e-22
6.73189e-22
3.10578e-21
3.85098e-19
3.25881e-17
1.19775e-15
1.8372e-14
1.70626e-13
1.1088e-12
4.39038e-12
9.13843e-12
1.18699e-11
1.04144e-11
7.10418e-12
4.16269e-12
2.07698e-12
9.14596e-13
3.69764e-13
1.33695e-13
4.32228e-14
1.27914e-14
3.44142e-15
8.71361e-16
2.13107e-16
5.25004e-17
1.31869e-17
3.5216e-18
1.1142e-18
4.77036e-19
2.62145e-19
1.93337e-19
1.65147e-19
1.50792e-19
1.42677e-19
1.36191e-19
1.30802e-19
1.25755e-19
1.21659e-19
1.19412e-19
1.18708e-19
1.18646e-19
1.24284e-19
1.30829e-19
1.32046e-19
1.34262e-19
1.37024e-19
1.39591e-19
2.59549e-23
7.79306e-23
1.30085e-22
1.82867e-22
2.4041e-22
1.15133e-21
1.5297e-19
1.41385e-17
5.79537e-16
9.54859e-15
9.08994e-14
5.98073e-13
2.40236e-12
5.12249e-12
6.42086e-12
5.42167e-12
3.53842e-12
1.97267e-12
9.3921e-13
3.93552e-13
1.49952e-13
5.07327e-14
1.52401e-14
4.18193e-15
1.0351e-15
2.39402e-16
5.42515e-17
1.23563e-17
2.88095e-18
7.4209e-19
2.45308e-19
1.17941e-19
7.35132e-20
6.00419e-20
5.37103e-20
4.99085e-20
4.7647e-20
4.57609e-20
4.38574e-20
4.20541e-20
4.05907e-20
3.98001e-20
3.94354e-20
3.95583e-20
4.12656e-20
4.29924e-20
4.33662e-20
4.40654e-20
4.48798e-20
4.57002e-20
9.24256e-24
2.77591e-23
4.63433e-23
6.51315e-23
8.5965e-23
4.81935e-22
6.82979e-20
6.50025e-18
2.87205e-16
4.89709e-15
4.70815e-14
3.16745e-13
1.28399e-12
2.76563e-12
3.37681e-12
2.72455e-12
1.70027e-12
9.0224e-13
4.09833e-13
1.63343e-13
5.86722e-14
1.85225e-14
5.16455e-15
1.31254e-15
2.98769e-16
6.35125e-17
1.32791e-17
2.80625e-18
6.16279e-19
1.57702e-19
5.7047e-20
3.16306e-20
2.20511e-20
1.92218e-20
1.76948e-20
1.66285e-20
1.59198e-20
1.52874e-20
1.4622e-20
1.39922e-20
1.34726e-20
1.31699e-20
1.30283e-20
1.30743e-20
1.36013e-20
1.40846e-20
1.41952e-20
1.43967e-20
1.46425e-20
1.49124e-20
3.29317e-24
9.89122e-24
1.65182e-23
2.32069e-23
3.0519e-23
1.55242e-22
2.56031e-20
2.79389e-18
1.37823e-16
2.43854e-15
2.33414e-14
1.57402e-13
6.31922e-13
1.32254e-12
1.60836e-12
1.24274e-12
7.38388e-13
3.75401e-13
1.62258e-13
6.13307e-14
2.07025e-14
6.08264e-15
1.57044e-15
3.69478e-16
7.7093e-17
1.50446e-17
2.87812e-18
5.66467e-19
1.1947e-19
3.18852e-20
1.35165e-20
8.74215e-21
6.6595e-21
6.06619e-21
5.69995e-21
5.39103e-21
5.16655e-21
4.94498e-21
4.70583e-21
4.4803e-21
4.30204e-21
4.19518e-21
4.13443e-21
4.14185e-21
4.30639e-21
4.44165e-21
4.46483e-21
4.51722e-21
4.59016e-21
4.67579e-21
1.17732e-24
3.5381e-24
5.91371e-24
8.31631e-24
1.19253e-23
3.21381e-22
4.46462e-20
3.57381e-18
1.06722e-16
1.24592e-15
9.67384e-15
5.82972e-14
2.02214e-13
3.92439e-13
4.71254e-13
3.48115e-13
1.94956e-13
9.41964e-14
3.83311e-14
1.37001e-14
4.14468e-15
1.12496e-15
2.66665e-16
5.65165e-17
1.04874e-17
1.85398e-18
3.10909e-19
5.71279e-20
1.21681e-20
3.87114e-21
2.20393e-21
1.69321e-21
1.41567e-21
1.36591e-21
1.29797e-21
1.22516e-21
1.16887e-21
1.10361e-21
1.02954e-21
9.6683e-22
9.25106e-22
9.01395e-22
8.80517e-22
8.82058e-22
9.30877e-22
9.51542e-22
9.40483e-22
9.45393e-22
9.62003e-22
9.85059e-22
