0.0397834
0.110818
0.169825
0.222415
0.271741
0.32
0.368737
0.418967
0.471407
0.526791
0.585386
0.647388
0.713016
0.782012
0.854177
0.929255
1.0067
1.08591
1.16627
1.24708
1.32779
1.40777
1.48596
1.56243
1.63761
1.70999
1.77713
1.84006
1.90152
1.96004
2.01681
2.07141
2.1224
2.17113
2.21924
2.26821
2.31879
2.3691
2.41694
2.46126
2.50073
2.53245
2.55312
2.56127
2.58492
2.63707
2.69705
2.75711
2.81275
2.84192
0.0114711
0.0326672
0.0506045
0.0668367
0.08222
0.0973595
0.112782
0.128837
0.145806
0.164062
0.183857
0.20535
0.228772
0.25434
0.282044
0.31184
0.343792
0.377636
0.41295
0.449397
0.486556
0.523831
0.560866
0.597305
0.632692
0.666772
0.699879
0.729898
0.756815
0.781693
0.805036
0.828966
0.851107
0.871861
0.89359
0.917091
0.940631
0.963634
0.986899
1.00762
1.02756
1.04494
1.05593
1.05804
1.06217
1.0841
1.11745
1.15346
1.1895
1.22041
0.00347636
0.00997066
0.0155621
0.020724
0.0257315
0.0307964
0.0360915
0.0417345
0.0478313
0.054538
0.0619518
0.0701634
0.0793002
0.0894396
0.100626
0.112896
0.126234
0.140542
0.155652
0.171292
0.18723
0.203153
0.218488
0.233188
0.247277
0.260399
0.272664
0.28434
0.294768
0.303819
0.312121
0.320433
0.328231
0.335361
0.342588
0.349989
0.358293
0.367195
0.376312
0.385133
0.392751
0.399756
0.404889
0.406029
0.404067
0.408494
0.422026
0.437906
0.454491
0.469248
0.00106302
0.00307536
0.00483773
0.00649207
0.00813375
0.00984062
0.0116673
0.0136648
0.0158908
0.0184034
0.0212507
0.0244988
0.028202
0.0323813
0.0370882
0.0423506
0.0481146
0.0543278
0.0609058
0.0676638
0.0744714
0.0811593
0.0874338
0.0930929
0.09816
0.102629
0.106687
0.11051
0.113896
0.116651
0.118941
0.121251
0.123405
0.12527
0.127156
0.129125
0.131041
0.133369
0.136394
0.139668
0.142682
0.145276
0.146977
0.147499
0.146835
0.147818
0.152502
0.158815
0.16559
0.171353
0.000341303
0.000993084
0.0015681
0.0021129
0.00266132
0.0032424
0.00387819
0.00458951
0.00540196
0.00634476
0.00744218
0.00872849
0.0102331
0.011968
0.013963
0.0162264
0.0187262
0.0214303
0.0242741
0.0271345
0.0299331
0.0325871
0.0350079
0.0371384
0.038892
0.0402757
0.0413831
0.0423528
0.0431756
0.0438924
0.0445047
0.0450724
0.0455585
0.0459637
0.0463885
0.0467861
0.0471785
0.0476219
0.0482059
0.0490178
0.0499999
0.0509301
0.0515452
0.0516978
0.0512472
0.0512468
0.0527241
0.0550712
0.0576085
0.0596126
0.000115105
0.000334094
0.000525733
0.000709901
0.00089632
0.00109395
0.00131474
0.00156746
0.00186153
0.00221207
0.00263366
0.00313928
0.00374379
0.00446277
0.00530368
0.00626704
0.00735014
0.00852628
0.00974784
0.0109577
0.0121051
0.0131462
0.0140545
0.0147901
0.0153334
0.0157545
0.0159806
0.0160893
0.0162155
0.0162715
0.0162979
0.0163548
0.0164116
0.0164524
0.0165049
0.0165718
0.0166144
0.0166548
0.0167651
0.0169852
0.0172487
0.0174944
0.017684
0.0177476
0.0175518
0.0174415
0.0178716
0.018686
0.0195811
0.0202362
4.16472e-05
0.000120889
0.000189047
0.000252836
0.000316268
0.000383532
0.000459247
0.000547429
0.000653073
0.000783466
0.000944433
0.00114349
0.00138885
0.00168513
0.00203859
0.00245194
0.00291703
0.00341946
0.003939
0.00443384
0.0048793
0.00526059
0.00556203
0.00580199
0.00596762
0.00605406
0.00608598
0.00606031
0.00601658
0.00598039
0.00593976
0.00589086
0.00584641
0.00581725
0.00579637
0.00578642
0.00577216
0.00575144
0.00573702
0.00575596
0.00582704
0.00591858
0.00599029
0.00601932
0.00594969
0.0058805
0.00599929
0.00626953
0.00654779
0.00672242
1.58237e-05
4.64506e-05
7.25064e-05
9.53566e-05
0.000117448
0.000140639
0.000166315
0.000196793
0.000234825
0.000283405
0.000345815
0.000426097
0.000527458
0.000651281
0.000801706
0.000979404
0.00117948
0.00139396
0.00160924
0.00180733
0.00197422
0.00209979
0.00218464
0.00223983
0.00226997
0.00226999
0.00224627
0.00220955
0.00216415
0.00212407
0.00209239
0.00205692
0.00202162
0.0019987
0.00198213
0.00196981
0.00196409
0.00195619
0.00194535
0.00193678
0.00194095
0.00196493
0.00199161
0.00200628
0.00198651
0.00195798
0.00198866
0.00207378
0.00215221
0.00218982
5.91733e-06
1.72478e-05
2.67307e-05
3.51466e-05
4.30893e-05
5.11614e-05
6.01447e-05
7.0896e-05
8.45667e-05
0.000102854
0.000127306
0.000159836
0.000202132
0.000254659
0.000319234
0.000395459
0.000480158
0.000569709
0.000656994
0.000732205
0.00079176
0.000831823
0.000851165
0.000856809
0.00085281
0.00084091
0.0008213
0.000796184
0.000769627
0.000746241
0.000727571
0.000708852
0.000690551
0.000677093
0.00066699
0.00065935
0.000654611
0.000651195
0.000647091
0.000643453
0.00064384
0.000651083
0.000661303
0.000667652
0.000662819
0.000654141
0.000663701
0.00069121
0.000713498
0.000721003
2.11233e-06
6.17335e-06
9.6064e-06
1.27025e-05
1.55753e-05
1.83956e-05
2.1484e-05
2.51822e-05
3.00112e-05
3.67918e-05
4.62712e-05
5.94802e-05
7.7262e-05
9.96635e-05
0.000127461
0.000160241
0.000196042
0.000232597
0.000266805
0.000294033
0.000313507
0.000324485
0.000326258
0.000322166
0.00031456
0.000305097
0.000294622
0.000282993
0.000270673
0.00025967
0.000250752
0.00024235
0.00023434
0.000228326
0.000223774
0.00022034
0.000217986
0.00021631
0.000214696
0.000212959
0.000212105
0.000213851
0.000217456
0.000220202
0.000219309
0.000216676
0.000219762
0.000228506
0.000234488
0.000235451
7.23725e-07
2.13214e-06
3.35904e-06
4.49939e-06
5.55783e-06
6.56286e-06
7.62207e-06
8.86677e-06
1.05286e-05
1.29838e-05
1.66019e-05
2.19478e-05
2.94545e-05
3.90707e-05
5.10756e-05
6.51511e-05
8.01593e-05
9.48265e-05
0.000107798
0.000117137
0.000122626
0.000124427
0.000122716
0.000118821
0.000113983
0.000108814
0.000103642
9.86801e-05
9.36718e-05
8.91285e-05
8.54419e-05
8.20441e-05
7.8867e-05
7.64998e-05
7.47345e-05
7.34513e-05
7.25941e-05
7.20582e-05
7.15991e-05
7.10063e-05
7.04536e-05
7.07528e-05
7.19871e-05
7.30641e-05
7.29413e-05
7.21395e-05
7.31173e-05
7.58148e-05
7.73118e-05
7.72218e-05
2.43626e-07
7.23031e-07
1.15422e-06
1.56631e-06
1.95507e-06
2.31914e-06
2.68699e-06
3.10183e-06
3.65843e-06
4.5241e-06
5.87744e-06
8.02199e-06
1.11961e-05
1.53478e-05
2.05516e-05
2.65777e-05
3.27849e-05
3.8537e-05
4.32645e-05
4.6184e-05
4.73164e-05
4.68954e-05
4.52874e-05
4.30253e-05
4.06072e-05
3.82671e-05
3.60238e-05
3.3984e-05
3.20439e-05
3.02889e-05
2.88659e-05
2.75778e-05
2.63826e-05
2.55064e-05
2.48591e-05
2.43978e-05
2.41095e-05
2.39623e-05
2.38619e-05
2.36979e-05
2.34974e-05
2.35337e-05
2.39465e-05
2.4405e-05
2.44638e-05
2.42346e-05
2.45466e-05
2.53692e-05
2.57231e-05
2.56015e-05
8.20211e-08
2.44463e-07
3.94332e-07
5.39815e-07
6.79696e-07
8.11595e-07
9.41496e-07
1.08071e-06
1.26331e-06
1.56009e-06
2.05499e-06
2.90468e-06
4.24428e-06
6.04181e-06
8.30513e-06
1.08729e-05
1.34014e-05
1.55956e-05
1.72141e-05
1.79637e-05
1.79598e-05
1.73661e-05
1.6428e-05
1.5355e-05
1.42914e-05
1.33197e-05
1.24196e-05
1.16213e-05
1.08899e-05
1.02377e-05
9.71039e-06
9.24637e-06
8.81529e-06
8.50474e-06
8.28067e-06
8.12103e-06
8.02331e-06
7.97623e-06
7.95524e-06
7.91986e-06
7.86271e-06
7.85737e-06
7.98352e-06
8.16997e-06
8.2282e-06
8.16501e-06
8.26789e-06
8.51988e-06
8.60152e-06
8.54687e-06
2.77622e-08
8.28972e-08
1.34717e-07
1.85361e-07
2.34672e-07
2.81878e-07
3.28075e-07
3.7567e-07
4.35271e-07
5.34265e-07
7.11316e-07
1.04382e-06
1.60744e-06
2.38558e-06
3.37098e-06
4.45684e-06
5.47129e-06
6.27857e-06
6.77168e-06
6.87122e-06
6.69083e-06
6.31713e-06
5.86708e-06
5.41413e-06
4.98712e-06
4.60801e-06
4.26587e-06
3.96768e-06
3.69934e-06
3.46283e-06
3.27067e-06
3.10482e-06
2.95229e-06
2.84475e-06
2.77038e-06
2.71851e-06
2.68613e-06
2.67044e-06
2.66547e-06
2.66149e-06
2.64915e-06
2.64258e-06
2.68123e-06
2.75131e-06
2.77961e-06
2.76236e-06
2.79588e-06
2.87223e-06
2.89038e-06
2.87214e-06
9.44262e-09
2.82229e-08
4.61291e-08
6.36377e-08
8.08122e-08
9.74877e-08
1.13819e-07
1.30295e-07
1.49858e-07
1.81983e-07
2.44094e-07
3.7221e-07
6.0892e-07
9.45766e-07
1.37601e-06
1.8314e-06
2.22859e-06
2.50842e-06
2.62199e-06
2.57679e-06
2.44244e-06
2.25812e-06
2.06668e-06
1.88874e-06
1.72646e-06
1.58437e-06
1.45903e-06
1.35189e-06
1.25653e-06
1.17246e-06
1.10366e-06
1.04443e-06
9.90765e-07
9.53972e-07
9.29293e-07
9.12903e-07
9.02043e-07
8.96405e-07
8.95001e-07
8.96438e-07
8.95449e-07
8.92406e-07
9.05207e-07
9.32743e-07
9.45776e-07
9.4087e-07
9.51569e-07
9.74305e-07
9.77738e-07
9.72723e-07
3.23954e-09
9.66755e-09
1.57993e-08
2.18602e-08
2.78131e-08
3.35946e-08
3.92829e-08
4.49615e-08
5.16e-08
6.22069e-08
8.38602e-08
1.32294e-07
2.28794e-07
3.73567e-07
5.57058e-07
7.47117e-07
9.02077e-07
9.90021e-07
1.00202e-06
9.53516e-07
8.78392e-07
7.97967e-07
7.22684e-07
6.54498e-07
5.94351e-07
5.43399e-07
4.97977e-07
4.59651e-07
4.26783e-07
3.97512e-07
3.73514e-07
3.53157e-07
3.34663e-07
3.21983e-07
3.13518e-07
3.08393e-07
3.04747e-07
3.02658e-07
3.02488e-07
3.03671e-07
3.04058e-07
3.03133e-07
3.07485e-07
3.17501e-07
3.22612e-07
3.21182e-07
3.24935e-07
3.3249e-07
3.33218e-07
3.31741e-07
1.10861e-09
3.31296e-09
5.43471e-09
7.52682e-09
9.5902e-09
1.16047e-08
1.36103e-08
1.56386e-08
1.79068e-08
2.14383e-08
2.88257e-08
4.68665e-08
8.59055e-08
1.47344e-07
2.25412e-07
3.03683e-07
3.61923e-07
3.85831e-07
3.77334e-07
3.4732e-07
3.12483e-07
2.79784e-07
2.50867e-07
2.257e-07
2.03874e-07
1.85538e-07
1.69517e-07
1.56054e-07
1.44565e-07
1.34474e-07
1.26306e-07
1.19374e-07
1.13054e-07
1.08806e-07
1.0598e-07
1.04267e-07
1.03128e-07
1.02464e-07
1.0239e-07
1.02937e-07
1.0344e-07
1.03182e-07
1.04378e-07
1.07943e-07
1.10184e-07
1.10026e-07
1.11193e-07
1.1348e-07
1.13728e-07
1.13464e-07
3.80874e-10
1.13855e-09
1.87327e-09
2.59789e-09
3.31365e-09
4.01549e-09
4.71844e-09
5.42701e-09
6.21214e-09
7.39956e-09
9.92389e-09
1.6666e-08
3.25972e-08
5.82929e-08
9.16844e-08
1.23279e-07
1.43146e-07
1.47779e-07
1.39001e-07
1.24144e-07
1.0982e-07
9.73119e-08
8.67279e-08
7.76895e-08
6.9781e-08
6.31726e-08
5.75548e-08
5.28403e-08
4.88571e-08
4.54676e-08
4.27445e-08
4.03913e-08
3.82509e-08
3.68413e-08
3.59032e-08
3.53271e-08
3.49648e-08
3.47594e-08
3.47076e-08
3.49127e-08
3.52143e-08
3.52003e-08
3.55016e-08
3.66799e-08
3.75748e-08
3.76256e-08
3.80171e-08
3.87038e-08
3.87827e-08
3.87702e-08
1.31118e-10
3.92024e-10
6.47497e-10
8.99042e-10
1.14732e-09
1.39233e-09
1.63605e-09
1.88468e-09
2.15996e-09
2.55762e-09
3.43117e-09
5.92883e-09
1.23577e-08
2.3321e-08
3.75183e-08
4.9783e-08
5.59549e-08
5.54433e-08
5.01983e-08
4.38269e-08
3.82931e-08
3.37046e-08
2.9893e-08
2.66758e-08
2.38305e-08
2.14314e-08
1.94798e-08
1.78344e-08
1.64591e-08
1.53469e-08
1.44475e-08
1.3668e-08
1.29503e-08
1.24989e-08
1.21982e-08
1.20049e-08
1.18962e-08
1.18408e-08
1.18186e-08
1.1885e-08
1.20138e-08
1.20452e-08
1.21065e-08
1.24651e-08
1.27963e-08
1.2825e-08
1.29798e-08
1.32188e-08
1.32392e-08
1.32579e-08
4.53908e-11
1.35649e-10
2.23948e-10
3.11329e-10
3.97857e-10
4.82805e-10
5.67952e-10
6.5482e-10
7.49342e-10
8.85036e-10
1.18329e-09
2.09943e-09
4.65642e-09
9.28625e-09
1.52521e-08
1.99431e-08
2.15425e-08
2.04089e-08
1.79373e-08
1.53923e-08
1.33093e-08
1.16658e-08
1.03167e-08
9.1602e-09
8.14003e-09
7.29245e-09
6.60658e-09
6.02754e-09
5.56002e-09
5.19766e-09
4.9008e-09
4.646e-09
4.41048e-09
4.26001e-09
4.16102e-09
4.10113e-09
4.06804e-09
4.05232e-09
4.04705e-09
4.07079e-09
4.11821e-09
4.13589e-09
4.15263e-09
4.27842e-09
4.4094e-09
4.42665e-09
4.46997e-09
4.54099e-09
4.5507e-09
4.55952e-09
1.56922e-11
4.69243e-11
7.76793e-11
1.0811e-10
1.38288e-10
1.68009e-10
1.97793e-10
2.28003e-10
2.61201e-10
3.0848e-10
4.12341e-10
7.51126e-10
1.76275e-09
3.67566e-09
6.15477e-09
7.85346e-09
8.11301e-09
7.42044e-09
6.35432e-09
5.37807e-09
4.62486e-09
4.03573e-09
3.55544e-09
3.14884e-09
2.78347e-09
2.47819e-09
2.23709e-09
2.04013e-09
1.88127e-09
1.75993e-09
1.66469e-09
1.58274e-09
1.50472e-09
1.45599e-09
1.42431e-09
1.4044e-09
1.39393e-09
1.39022e-09
1.38846e-09
1.39544e-09
1.41158e-09
1.4219e-09
1.42433e-09
1.46277e-09
1.51338e-09
1.52248e-09
1.53825e-09
1.56124e-09
1.56514e-09
1.56973e-09
5.44783e-12
1.62919e-11
2.69785e-11
3.75849e-11
4.81041e-11
5.84813e-11
6.88889e-11
7.94129e-11
9.1013e-11
1.07325e-10
1.43321e-10
2.67067e-10
6.62542e-10
1.4597e-09
2.46269e-09
3.04901e-09
3.00875e-09
2.65513e-09
2.234e-09
1.8779e-09
1.60786e-09
1.39905e-09
1.2289e-09
1.08275e-09
9.51812e-10
8.44228e-10
7.59334e-10
6.90947e-10
6.38179e-10
5.98311e-10
5.66939e-10
5.4064e-10
5.15157e-10
4.99029e-10
4.88779e-10
4.82601e-10
4.79124e-10
4.78235e-10
4.78276e-10
4.80657e-10
4.86049e-10
4.90511e-10
4.91102e-10
5.03416e-10
5.21923e-10
5.25588e-10
5.31174e-10
5.39281e-10
5.40829e-10
5.42612e-10
1.89041e-12
5.6574e-12
9.38782e-12
1.309e-11
1.67751e-11
2.04131e-11
2.40652e-11
2.77522e-11
3.17735e-11
3.74724e-11
5.00787e-11
9.58226e-11
2.50349e-10
5.75716e-10
9.75261e-10
1.16195e-09
1.0964e-09
9.41593e-10
7.82081e-10
6.54532e-10
5.5962e-10
4.85029e-10
4.23932e-10
3.72329e-10
3.25676e-10
2.8722e-10
2.57719e-10
2.34572e-10
2.16699e-10
2.03551e-10
1.93503e-10
1.84985e-10
1.76596e-10
1.71409e-10
1.68166e-10
1.6608e-10
1.64878e-10
1.64729e-10
1.6487e-10
1.65589e-10
1.67185e-10
1.69036e-10
1.69472e-10
1.73142e-10
1.79703e-10
1.81631e-10
1.83468e-10
1.86014e-10
1.86707e-10
1.87439e-10
6.58247e-13
1.97045e-12
3.27077e-12
4.56465e-12
5.85197e-12
7.12682e-12
8.40506e-12
9.6857e-12
1.11054e-11
1.30825e-11
1.74812e-11
3.4158e-11
9.39097e-11
2.27251e-10
3.81335e-10
4.35123e-10
3.94205e-10
3.31033e-10
2.73478e-10
2.28976e-10
1.9533e-10
1.6852e-10
1.46535e-10
1.2794e-10
1.11333e-10
9.7956e-11
8.77065e-11
7.97459e-11
7.38146e-11
6.95037e-11
6.62691e-11
6.35608e-11
6.07997e-11
5.90613e-11
5.7986e-11
5.73326e-11
5.6904e-11
5.68603e-11
5.69805e-11
5.72281e-11
5.77066e-11
5.83462e-11
5.84849e-11
5.97708e-11
6.22196e-11
6.29367e-11
6.36256e-11
6.45889e-11
6.48508e-11
6.51148e-11
2.29172e-13
6.86329e-13
1.14099e-12
1.5936e-12
2.04593e-12
2.49409e-12
2.94364e-12
3.39721e-12
3.88808e-12
4.57396e-12
6.11497e-12
1.22725e-11
3.53575e-11
8.89563e-11
1.46877e-10
1.60208e-10
1.40217e-10
1.16049e-10
9.56202e-11
8.01086e-11
6.83021e-11
5.85606e-11
5.04843e-11
4.38895e-11
3.80598e-11
3.33548e-11
2.98712e-11
2.72094e-11
2.51938e-11
2.37675e-11
2.27209e-11
2.18328e-11
2.09265e-11
2.03904e-11
2.00557e-11
1.98332e-11
1.96862e-11
1.9681e-11
1.9728e-11
1.98095e-11
1.99474e-11
2.01791e-11
2.02659e-11
2.06069e-11
2.1406e-11
2.17543e-11
2.19841e-11
2.22952e-11
2.24151e-11
2.25209e-11
8.00108e-14
2.3971e-13
3.98544e-13
5.56959e-13
7.15511e-13
8.729e-13
1.03081e-12
1.18842e-12
1.36198e-12
1.60094e-12
2.13556e-12
4.36639e-12
1.3162e-11
3.43569e-11
5.55654e-11
5.79888e-11
4.95072e-11
4.06433e-11
3.3573e-11
2.81603e-11
2.39478e-11
2.03851e-11
1.74091e-11
1.50304e-11
1.29922e-11
1.13791e-11
1.01943e-11
9.2969e-12
8.62696e-12
8.15696e-12
7.81968e-12
7.53083e-12
7.23104e-12
7.05653e-12
6.94581e-12
6.87714e-12
6.82527e-12
6.82048e-12
6.8406e-12
6.86783e-12
6.90561e-12
6.98034e-12
7.01186e-12
7.14523e-12
7.43833e-12
7.55909e-12
7.64103e-12
7.75429e-12
7.79979e-12
7.83743e-12
2.79496e-14
8.37403e-14
1.39347e-13
1.94838e-13
2.50577e-13
3.06157e-13
3.61835e-13
4.17956e-13
4.7851e-13
5.60716e-13
7.47343e-13
1.56307e-12
4.89929e-12
1.317e-11
2.06583e-11
2.07312e-11
1.73948e-11
1.42564e-11
1.18037e-11
9.89997e-12
8.39057e-12
7.0825e-12
5.98749e-12
5.13666e-12
4.43368e-12
3.88021e-12
3.48447e-12
3.18672e-12
2.95799e-12
2.8005e-12
2.69048e-12
2.59454e-12
2.49666e-12
2.44656e-12
2.41313e-12
2.38984e-12
2.37305e-12
2.37147e-12
2.37736e-12
2.38641e-12
2.39883e-12
2.42582e-12
2.43828e-12
2.46796e-12
2.55902e-12
2.61097e-12
2.64069e-12
2.68024e-12
2.7001e-12
2.71507e-12
9.7862e-15
2.93261e-14
4.87923e-14
6.82265e-14
8.7803e-14
1.07375e-13
1.27019e-13
1.46576e-13
1.67944e-13
1.96834e-13
2.60637e-13
5.52271e-13
1.79465e-12
4.90665e-12
7.52801e-12
7.32722e-12
6.10636e-12
5.0182e-12
4.16907e-12
3.48496e-12
2.93574e-12
2.456e-12
2.05912e-12
1.75714e-12
1.51391e-12
1.32737e-12
1.19423e-12
1.09433e-12
1.01746e-12
9.64841e-13
9.28915e-13
8.96419e-13
8.64226e-13
8.48945e-13
8.38852e-13
8.31685e-13
8.26206e-13
8.2534e-13
8.27525e-13
8.30668e-13
8.34307e-13
8.4324e-13
8.48308e-13
8.59263e-13
8.90659e-13
9.09365e-13
9.19323e-13
9.3273e-13
9.40208e-13
9.45649e-13
3.42949e-15
1.02754e-14
1.71015e-14
2.39188e-14
3.07848e-14
3.77153e-14
4.46816e-14
5.16609e-14
5.92146e-14
6.91003e-14
9.14207e-14
1.96596e-13
6.56558e-13
1.82532e-12
2.7052e-12
2.57306e-12
2.14353e-12
1.7732e-12
1.47399e-12
1.22489e-12
1.02188e-12
8.46773e-13
7.05829e-13
6.00623e-13
5.17737e-13
4.54848e-13
4.10425e-13
3.76691e-13
3.50008e-13
3.31974e-13
3.20791e-13
3.10036e-13
2.9924e-13
2.95163e-13
2.9229e-13
2.89903e-13
2.88169e-13
2.87805e-13
2.88158e-13
2.88865e-13
2.89854e-13
2.92534e-13
2.94127e-13
2.98109e-13
3.09447e-13
3.16297e-13
3.1972e-13
3.24563e-13
3.27506e-13
3.2954e-13
1.20403e-15
3.60777e-15
6.00292e-15
8.39325e-15
1.08033e-14
1.32453e-14
1.57186e-14
1.81624e-14
2.08205e-14
2.43081e-14
3.18816e-14
6.92695e-14
2.37551e-13
6.58501e-13
9.55395e-13
9.02502e-13
7.56013e-13
6.3027e-13
5.23136e-13
4.29779e-13
3.5424e-13
2.90079e-13
2.41083e-13
2.05424e-13
1.77303e-13
1.56302e-13
1.41239e-13
1.29732e-13
1.20611e-13
1.14437e-13
1.10805e-13
1.07323e-13
1.03705e-13
1.02598e-13
1.01834e-13
1.01088e-13
1.00541e-13
1.00388e-13
1.00483e-13
1.00684e-13
1.00958e-13
1.01959e-13
1.02708e-13
1.0372e-13
1.07316e-13
1.10063e-13
1.1133e-13
1.12977e-13
1.14115e-13
1.14902e-13
4.23231e-16
1.26813e-15
2.10978e-15
2.94976e-15
3.79741e-15
4.65797e-15
5.52766e-15
6.39124e-15
7.33558e-15
8.54541e-15
1.11431e-14
2.41435e-14
8.48637e-14
2.385e-13
3.36573e-13
3.15983e-13
2.67397e-13
2.23805e-13
1.85571e-13
1.51053e-13
1.22691e-13
9.96627e-14
8.28107e-14
7.05437e-14
6.10492e-14
5.41574e-14
4.89689e-14
4.49398e-14
4.18805e-14
3.97339e-14
3.85094e-14
3.74405e-14
3.6215e-14
3.58635e-14
3.56131e-14
3.53802e-14
3.51816e-14
3.51323e-14
3.51589e-14
3.5172e-14
3.51732e-14
3.54396e-14
3.56737e-14
3.63776e-14
3.79416e-14
3.87926e-14
3.91518e-14
3.9705e-14
4.01066e-14
4.03789e-14
1.48895e-16
4.46095e-16
7.4222e-16
1.03743e-15
1.33467e-15
1.63849e-15
1.94947e-15
2.25959e-15
2.59501e-15
3.01667e-15
3.92158e-15
8.55888e-15
3.06105e-14
8.62164e-14
1.18215e-13
1.10952e-13
9.50161e-14
7.98258e-14
6.5774e-14
5.28584e-14
4.23478e-14
3.4066e-14
2.8233e-14
2.42461e-14
2.11062e-14
1.87401e-14
1.70062e-14
1.56144e-14
1.45217e-14
1.37867e-14
1.33682e-14
1.30224e-14
1.26015e-14
1.25224e-14
1.24924e-14
1.24146e-14
1.23393e-14
1.23178e-14
1.23037e-14
1.22952e-14
1.23026e-14
1.23853e-14
1.24895e-14
1.2632e-14
1.31054e-14
1.34793e-14
1.36249e-14
1.38271e-14
1.39864e-14
1.40957e-14
5.24488e-17
1.57133e-16
2.6142e-16
3.65351e-16
4.6981e-16
5.76687e-16
6.87753e-16
7.97203e-16
9.1641e-16
1.0671e-15
1.37227e-15
3.00852e-15
1.09461e-14
3.00372e-14
4.13458e-14
3.92302e-14
3.40156e-14
2.86433e-14
2.33219e-14
1.83963e-14
1.45757e-14
1.1618e-14
9.60966e-15
8.34322e-15
7.30907e-15
6.49346e-15
5.89492e-15
5.42073e-15
5.04013e-15
4.78863e-15
4.64664e-15
4.53018e-15
4.39233e-15
4.36847e-15
4.3716e-15
4.35126e-15
4.32597e-15
4.3167e-15
4.30859e-15
4.30301e-15
4.30293e-15
4.32889e-15
4.36915e-15
4.42087e-15
4.57698e-15
4.71017e-15
4.75994e-15
4.83031e-15
4.89014e-15
4.93124e-15
1.84919e-17
5.5396e-17
9.21656e-17
1.28799e-16
1.65492e-16
2.0298e-16
2.4249e-16
2.82395e-16
3.25009e-16
3.77354e-16
4.86156e-16
1.06785e-15
3.92402e-15
1.06708e-14
1.45773e-14
1.39871e-14
1.2267e-14
1.03117e-14
8.25134e-15
6.38476e-15
4.98679e-15
3.95225e-15
3.27106e-15
2.86547e-15
2.52906e-15
2.2504e-15
2.05016e-15
1.88419e-15
1.74932e-15
1.66376e-15
1.61559e-15
1.57644e-15
1.53293e-15
1.52625e-15
1.53067e-15
1.52793e-15
1.52073e-15
1.51536e-15
1.50926e-15
1.50655e-15
1.50765e-15
1.51184e-15
1.5265e-15
1.54249e-15
1.59296e-15
1.64201e-15
1.65849e-15
1.68381e-15
1.70644e-15
1.72222e-15
6.52614e-18
1.95508e-17
3.25265e-17
4.54493e-17
5.83816e-17
7.15548e-17
8.55517e-17
9.97227e-17
1.15108e-16
1.33727e-16
1.71167e-16
3.77295e-16
1.40955e-15
3.76486e-15
5.18194e-15
5.0606e-15
4.453e-15
3.7231e-15
2.91661e-15
2.20884e-15
1.70397e-15
1.34552e-15
1.11863e-15
9.86367e-16
8.75332e-16
7.80756e-16
7.12539e-16
6.5431e-16
6.06723e-16
5.77331e-16
5.62004e-16
5.49252e-16
5.35863e-16
5.34651e-16
5.36216e-16
5.36917e-16
5.34589e-16
5.31385e-16
5.29152e-16
5.28883e-16
5.2997e-16
5.32101e-16
5.38178e-16
5.37876e-16
5.50715e-16
5.70909e-16
5.78057e-16
5.8748e-16
5.96071e-16
6.0219e-16
2.3052e-18
6.90578e-18
1.14892e-17
1.60537e-17
2.06182e-17
2.52604e-17
3.01979e-17
3.52791e-17
4.07309e-17
4.74265e-17
6.02757e-17
1.32405e-16
5.03047e-16
1.32308e-15
1.84599e-15
1.8336e-15
1.62045e-15
1.34404e-15
1.03352e-15
7.66942e-16
5.8606e-16
4.61454e-16
3.85616e-16
3.41215e-16
3.04879e-16
2.72959e-16
2.48953e-16
2.28557e-16
2.12025e-16
2.01385e-16
1.96219e-16
1.92737e-16
1.88627e-16
1.88704e-16
1.88908e-16
1.89789e-16
1.89138e-16
1.87449e-16
1.86637e-16
1.86783e-16
1.87539e-16
1.88665e-16
1.91585e-16
1.90009e-16
1.92623e-16
1.99977e-16
2.02351e-16
2.0566e-16
2.08897e-16
2.11204e-16
8.14934e-19
2.44128e-18
4.06172e-18
5.67558e-18
7.28701e-18
8.91745e-18
1.06501e-17
1.25133e-17
1.44883e-17
1.6834e-17
2.15221e-17
4.7281e-17
1.80986e-16
4.78073e-16
6.6821e-16
6.70739e-16
5.91521e-16
4.833e-16
3.63469e-16
2.6552e-16
2.01413e-16
1.58735e-16
1.33408e-16
1.17697e-16
1.05698e-16
9.52472e-17
8.71935e-17
7.99279e-17
7.4062e-17
7.02883e-17
6.84048e-17
6.73991e-17
6.61272e-17
6.65784e-17
6.66339e-17
6.69699e-17
6.68995e-17
6.62774e-17
6.59475e-17
6.60068e-17
6.6419e-17
6.66786e-17
6.76584e-17
6.71103e-17
6.77751e-17
7.02992e-17
7.09879e-17
7.20908e-17
7.32145e-17
7.40601e-17
2.88331e-19
8.63782e-19
1.43713e-18
2.00803e-18
2.57799e-18
3.15308e-18
3.76418e-18
4.42014e-18
5.15138e-18
5.99494e-18
7.62255e-18
1.6833e-17
6.5585e-17
1.72217e-16
2.4591e-16
2.48502e-16
2.15749e-16
1.72796e-16
1.26469e-16
9.09887e-17
6.91e-17
5.48349e-17
4.64051e-17
4.07756e-17
3.6466e-17
3.30468e-17
3.03732e-17
2.78746e-17
2.58353e-17
2.45405e-17
2.38687e-17
2.35083e-17
2.30802e-17
2.33277e-17
2.34458e-17
2.35175e-17
2.35149e-17
2.33574e-17
2.32585e-17
2.32675e-17
2.33978e-17
2.34522e-17
2.37058e-17
2.35552e-17
2.38481e-17
2.47497e-17
2.49924e-17
2.53692e-17
2.57636e-17
2.60715e-17
1.02095e-19
3.05852e-19
5.08875e-19
7.11041e-19
9.12783e-19
1.11601e-18
1.33148e-18
1.566e-18
1.82737e-18
2.13088e-18
2.69713e-18
5.96464e-18
2.37132e-17
6.22684e-17
9.06269e-17
9.20143e-17
7.86315e-17
6.15037e-17
4.39392e-17
3.1094e-17
2.3745e-17
1.91201e-17
1.62795e-17
1.42225e-17
1.26193e-17
1.15113e-17
1.06041e-17
9.76839e-18
9.08107e-18
8.62669e-18
8.38725e-18
8.25718e-18
8.10213e-18
8.17928e-18
8.25392e-18
8.27399e-18
8.271e-18
8.2499e-18
8.22695e-18
8.22342e-18
8.26574e-18
8.27849e-18
8.34927e-18
8.28292e-18
8.40496e-18
8.73202e-18
8.80621e-18
8.93465e-18
9.07981e-18
9.19317e-18
3.61779e-20
1.08379e-19
1.80325e-19
2.51989e-19
3.23477e-19
3.95215e-19
4.70217e-19
5.5559e-19
6.51518e-19
7.58187e-19
9.68619e-19
2.15744e-18
8.67004e-18
2.32871e-17
3.39109e-17
3.41951e-17
2.8674e-17
2.16482e-17
1.5058e-17
1.05568e-17
8.12058e-18
6.69145e-18
5.74377e-18
4.98806e-18
4.36832e-18
3.99373e-18
3.70868e-18
3.42582e-18
3.1879e-18
3.0285e-18
2.94208e-18
2.89607e-18
2.846e-18
2.86729e-18
2.89804e-18
2.90632e-18
2.90776e-18
2.9112e-18
2.90701e-18
2.90203e-18
2.91655e-18
2.91791e-18
2.9351e-18
2.9122e-18
2.96164e-18
3.07373e-18
3.09337e-18
3.13558e-18
3.18485e-18
3.226e-18
1.2829e-20
3.84335e-20
6.39472e-20
8.93573e-20
1.14715e-19
1.40141e-19
1.66537e-19
1.96293e-19
2.32142e-19
2.70875e-19
3.45188e-19
7.78325e-19
3.20805e-18
8.73222e-18
1.2876e-17
1.27594e-17
1.0372e-17
7.55804e-18
5.10754e-18
3.56593e-18
2.77746e-18
2.34028e-18
2.02561e-18
1.75737e-18
1.52212e-18
1.38537e-18
1.29327e-18
1.19949e-18
1.11545e-18
1.05846e-18
1.02979e-18
1.01329e-18
9.98577e-19
1.0072e-18
1.01881e-18
1.02218e-18
1.02301e-18
1.02351e-18
1.02349e-18
1.02177e-18
1.02514e-18
1.02397e-18
1.02858e-18
1.02182e-18
1.0422e-18
1.08232e-18
1.0897e-18
1.10421e-18
1.12129e-18
1.13623e-18
4.55243e-21
1.36383e-20
2.26925e-20
3.17093e-20
4.07068e-20
4.97264e-20
5.91085e-20
6.95595e-20
8.2559e-20
9.66985e-20
1.22451e-19
2.79537e-19
1.18888e-18
3.24613e-18
4.8723e-18
4.74467e-18
3.71796e-18
2.64187e-18
1.74128e-18
1.21055e-18
9.59171e-19
8.20992e-19
7.12009e-19
6.19293e-19
5.35187e-19
4.84005e-19
4.52368e-19
4.2264e-19
3.92439e-19
3.70763e-19
3.61057e-19
3.5588e-19
3.51636e-19
3.55583e-19
3.60387e-19
3.61945e-19
3.62411e-19
3.62114e-19
3.6235e-19
3.61384e-19
3.61884e-19
3.61308e-19
3.62795e-19
3.59841e-19
3.679e-19
3.82402e-19
3.84652e-19
3.8961e-19
3.95788e-19
4.01199e-19
1.61657e-21
4.84288e-21
8.05823e-21
1.12618e-20
1.44579e-20
1.76544e-20
2.09347e-20
2.46839e-20
2.94466e-20
3.45322e-20
4.42326e-20
1.0287e-19
4.46357e-19
1.25778e-18
1.85849e-18
1.75833e-18
1.33067e-18
9.13965e-19
5.91756e-19
4.12875e-19
3.30823e-19
2.85867e-19
2.47531e-19
2.14782e-19
1.87695e-19
1.68911e-19
1.58982e-19
1.49218e-19
1.37948e-19
1.3004e-19
1.27148e-19
1.24936e-19
1.22471e-19
1.24908e-19
1.27132e-19
1.28299e-19
1.29031e-19
1.28536e-19
1.28612e-19
1.28055e-19
1.27773e-19
1.27504e-19
1.28088e-19
1.269e-19
1.29808e-19
1.3465e-19
1.35041e-19
1.36564e-19
1.3861e-19
1.40538e-19
5.74403e-22
1.72085e-21
2.86336e-21
4.00165e-21
5.13796e-21
6.27497e-21
7.43169e-21
8.74059e-21
1.04846e-20
1.23526e-20
1.58902e-20
3.76439e-20
1.68655e-19
4.93924e-19
7.14693e-19
6.48903e-19
4.71447e-19
3.12703e-19
2.00972e-19
1.4149e-19
1.14317e-19
9.9182e-20
8.61212e-20
7.40293e-20
6.5285e-20
5.89452e-20
5.57215e-20
5.25352e-20
4.84419e-20
4.57698e-20
4.48392e-20
4.41372e-20
4.29141e-20
4.38904e-20
4.47266e-20
4.52303e-20
4.57182e-20
4.56001e-20
4.56147e-20
4.53543e-20
4.51127e-20
4.48928e-20
4.50031e-20
4.475e-20
4.5895e-20
4.75348e-20
4.76491e-20
4.81409e-20
4.88208e-20
4.95104e-20
2.04226e-22
6.11841e-22
1.01808e-21
1.42274e-21
1.82683e-21
2.2314e-21
2.64412e-21
3.10061e-21
3.73393e-21
4.43006e-21
5.66314e-21
1.37069e-20
6.37731e-20
1.87881e-19
2.7313e-19
2.37806e-19
1.64461e-19
1.07081e-19
6.87205e-20
4.86938e-20
3.97202e-20
3.45955e-20
3.02127e-20
2.59956e-20
2.28515e-20
2.06787e-20
1.9523e-20
1.85212e-20
1.70944e-20
1.61701e-20
1.59532e-20
1.56711e-20
1.51274e-20
1.55298e-20
1.58213e-20
1.60057e-20
1.62038e-20
1.62179e-20
1.62243e-20
1.61082e-20
1.59676e-20
1.58649e-20
1.58579e-20
1.57763e-20
1.62528e-20
1.68378e-20
1.68684e-20
1.70271e-20
1.72611e-20
1.75068e-20
7.2656e-23
2.17668e-22
3.62202e-22
5.06187e-22
6.49908e-22
7.93816e-22
9.40409e-22
1.10206e-21
1.33023e-21
1.58195e-21
2.02579e-21
4.98592e-21
2.40995e-20
7.2261e-20
1.0375e-19
8.68322e-20
5.71816e-20
3.65945e-20
2.36382e-20
1.68854e-20
1.3798e-20
1.2104e-20
1.07047e-20
9.17263e-21
8.02364e-21
7.29407e-21
6.87842e-21
6.56372e-21
6.06609e-21
5.73444e-21
5.6874e-21
5.59482e-21
5.35414e-21
5.51391e-21
5.60958e-21
5.66879e-21
5.75197e-21
5.78398e-21
5.78385e-21
5.73539e-21
5.67103e-21
5.63362e-21
5.61488e-21
5.58312e-21
5.76958e-21
5.97743e-21
5.97561e-21
6.0264e-21
6.11205e-21
6.20017e-21
2.58634e-23
7.74837e-23
1.28936e-22
1.80216e-22
2.31415e-22
2.82644e-22
3.34556e-22
3.91845e-22
4.73765e-22
5.67212e-22
7.36078e-22
1.84655e-21
9.119e-21
2.8627e-20
3.93356e-20
3.13598e-20
1.9839e-20
1.24149e-20
8.11418e-21
5.88791e-21
4.79798e-21
4.21276e-21
3.76444e-21
3.22298e-21
2.80103e-21
2.56545e-21
2.42492e-21
2.32008e-21
2.15161e-21
2.03933e-21
2.0182e-21
1.9865e-21
1.88611e-21
1.95379e-21
1.9878e-21
2.0081e-21
2.04129e-21
2.06185e-21
2.05923e-21
2.03999e-21
2.01548e-21
2.00262e-21
1.99086e-21
1.9868e-21
2.04569e-21
2.10013e-21
2.09886e-21
2.11596e-21
2.14218e-21
2.17232e-21
9.21166e-24
2.75978e-23
4.59243e-23
6.41878e-23
8.24374e-23
1.00717e-22
1.19191e-22
1.39286e-22
1.68449e-22
2.04063e-22
2.65121e-22
6.76059e-22
3.42531e-21
1.11184e-20
1.48055e-20
1.11321e-20
6.79587e-21
4.19211e-21
2.77914e-21
2.05175e-21
1.67752e-21
1.46168e-21
1.30262e-21
1.12425e-21
9.74323e-22
8.97296e-22
8.5096e-22
8.14162e-22
7.59545e-22
7.24131e-22
7.12481e-22
7.00847e-22
6.64457e-22
6.89832e-22
7.04045e-22
7.12196e-22
7.23596e-22
7.31226e-22
7.30426e-22
7.23759e-22
7.14872e-22
7.09437e-22
7.05097e-22
7.04632e-22
7.24182e-22
7.40093e-22
7.39602e-22
7.44617e-22
7.53013e-22
7.6375e-22
3.28269e-24
9.83487e-24
1.63662e-23
2.28742e-23
2.93788e-23
3.58988e-23
4.25049e-23
4.95906e-23
6.00293e-23
7.32203e-23
9.41352e-23
2.4173e-22
1.24132e-21
4.01124e-21
5.31265e-21
3.78018e-21
2.22909e-21
1.37537e-21
9.2235e-22
6.92371e-22
5.71316e-22
4.91383e-22
4.35919e-22
3.81637e-22
3.32345e-22
3.08016e-22
2.92487e-22
2.80424e-22
2.64356e-22
2.52516e-22
2.47319e-22
2.43184e-22
2.32756e-22
2.42053e-22
2.48001e-22
2.511e-22
2.55338e-22
2.57831e-22
2.57148e-22
2.54361e-22
2.51245e-22
2.49196e-22
2.4704e-22
2.46613e-22
2.53292e-22
2.57886e-22
2.57061e-22
2.58112e-22
2.60659e-22
2.643e-22
1.17075e-24
3.50772e-24
5.83766e-24
8.1595e-24
1.04761e-23
1.27902e-23
1.50996e-23
1.77264e-23
2.08623e-23
2.3201e-23
2.83334e-23
7.14535e-23
3.30415e-22
1.01036e-21
1.31004e-21
8.85702e-22
5.05752e-22
3.13238e-22
2.12731e-22
1.64648e-22
1.34496e-22
1.15484e-22
1.03495e-22
9.20061e-23
8.11959e-23
7.76814e-23
7.35485e-23
7.12009e-23
6.84894e-23
6.52032e-23
6.45211e-23
6.44133e-23
6.54334e-23
6.99264e-23
7.15142e-23
7.23533e-23
7.34922e-23
7.32995e-23
7.15342e-23
6.95466e-23
6.80441e-23
6.68687e-23
6.50802e-23
6.45224e-23
6.6856e-23
6.67204e-23
6.48329e-23
6.42434e-23
6.46512e-23
6.57188e-23
