0.0424822
0.118328
0.181251
0.237262
0.289733
0.340988
0.392655
0.4458
0.501159
0.559474
0.621007
0.685927
0.754423
0.826212
0.901052
0.978653
1.05844
1.1398
1.22212
1.30467
1.38694
1.4683
1.54772
1.62531
1.70148
1.77475
1.84275
1.90652
1.96872
2.0279
2.08531
2.14068
2.1925
2.24189
2.29034
2.3393
2.38945
2.43903
2.48593
2.52919
2.5676
2.59848
2.61874
2.62706
2.6501
2.70016
2.75788
2.81611
2.87247
2.92197
0.0119651
0.0341359
0.0530195
0.0702715
0.0868134
0.103301
0.120308
0.138215
0.157324
0.178035
0.200616
0.225226
0.252094
0.28144
0.313215
0.347334
0.383837
0.422406
0.462544
0.50387
0.545928
0.588065
0.62991
0.671111
0.711194
0.749896
0.787613
0.822086
0.853311
0.88236
0.909789
0.937912
0.964136
0.988722
1.0141
1.04111
1.06787
1.09379
1.11967
1.14258
1.16442
1.18333
1.19547
1.19834
1.20333
1.22667
1.26169
1.2995
1.338
1.37451
0.00359567
0.0103306
0.0161737
0.0216334
0.0270122
0.0325475
0.0384387
0.0448291
0.0518516
0.0596921
0.0684754
0.0783147
0.0893613
0.101713
0.11542
0.130517
0.146978
0.164683
0.183421
0.202864
0.222737
0.242666
0.261979
0.280635
0.298664
0.315656
0.331757
0.347275
0.361443
0.374065
0.385844
0.397648
0.408819
0.419108
0.42938
0.439738
0.451056
0.462965
0.474984
0.486473
0.49638
0.505397
0.512058
0.513951
0.512174
0.517866
0.534069
0.552858
0.572464
0.590338
0.00107761
0.00312789
0.00494723
0.00668909
0.00845965
0.0103486
0.0124227
0.0147476
0.017398
0.0204496
0.0239696
0.0280466
0.0327547
0.0381292
0.0442399
0.0511273
0.0587267
0.0669778
0.0757774
0.0848906
0.0941521
0.103349
0.112105
0.120163
0.127545
0.13424
0.140481
0.146494
0.152022
0.15679
0.160983
0.165189
0.169157
0.172671
0.17613
0.179621
0.18299
0.186866
0.191628
0.19665
0.201244
0.205199
0.207876
0.208924
0.208343
0.209949
0.216398
0.224882
0.23388
0.241539
0.000334218
0.000977333
0.00155584
0.00212001
0.00270794
0.00335408
0.00408696
0.0049355
0.00593536
0.00712757
0.00854932
0.0102505
0.0122758
0.0146481
0.0174115
0.020583
0.0241247
0.0279971
0.0321175
0.0363213
0.0405004
0.0445403
0.0483128
0.0517324
0.0546784
0.0571467
0.0592556
0.0611982
0.0629632
0.0645972
0.0660896
0.0675059
0.0687755
0.0698813
0.0709696
0.0719701
0.0729258
0.0739331
0.0751319
0.076649
0.0783906
0.0800177
0.0811358
0.081531
0.0809935
0.0811287
0.0834569
0.0870253
0.0908166
0.0937882
0.000108366
0.000316609
0.000503678
0.000690537
0.000888572
0.00110875
0.00136651
0.00167463
0.00204763
0.00250809
0.00307946
0.00378391
0.00464673
0.00569513
0.00694366
0.00839685
0.0100557
0.0118843
0.0138134
0.0157625
0.0176563
0.0194242
0.0210207
0.0223808
0.0234696
0.0243812
0.0250028
0.0254489
0.0259222
0.0262863
0.0265971
0.0269417
0.0272675
0.0275422
0.0278121
0.0280824
0.0282932
0.0284858
0.0287841
0.0292563
0.0297895
0.0302798
0.0306635
0.0308264
0.0305469
0.0304096
0.0311702
0.0325492
0.0340369
0.0351149
3.76306e-05
0.000110069
0.000174494
0.000237961
0.000305086
0.000380817
0.000470927
0.000581407
0.000719985
0.000897797
0.00112578
0.00141769
0.00178875
0.00224999
0.00281418
0.00348808
0.0042621
0.00511564
0.00601668
0.00689926
0.00772229
0.00845768
0.00907433
0.00959646
0.0100004
0.0102731
0.0104508
0.0105283
0.0105702
0.0106184
0.0106511
0.0106592
0.0106635
0.0106812
0.0107027
0.0107335
0.010748
0.0107442
0.0107468
0.0108061
0.0109562
0.0111396
0.0112833
0.0113471
0.0112299
0.0111143
0.0113408
0.0118378
0.0123422
0.0126562
1.42265e-05
4.19465e-05
6.62519e-05
8.87994e-05
0.000112309
0.000139138
0.0001709
0.000210722
0.000262848
0.000331954
0.000424129
0.000547477
0.000709489
0.000915237
0.00117347
0.00148778
0.00185139
0.00225183
0.00266624
0.00306196
0.0034121
0.00369634
0.00391144
0.00407269
0.00418645
0.00424231
0.00424995
0.0042279
0.00418444
0.00414541
0.00411612
0.00407409
0.004027
0.00399765
0.00397598
0.00395906
0.00395206
0.00393886
0.00391863
0.0039017
0.00390846
0.00395252
0.00400132
0.00402706
0.00398702
0.00393095
0.00398998
0.00415417
0.00430479
0.00437653
5.48371e-06
1.5955e-05
2.48197e-05
3.30476e-05
4.1498e-05
5.10032e-05
6.25676e-05
7.74133e-05
9.72798e-05
0.00012465
0.000162533
0.000215047
0.00028644
0.000379537
0.00049884
0.000645332
0.000814414
0.00099958
0.0011873
0.00135795
0.0015024
0.0016112
0.00167961
0.00171919
0.00173674
0.0017347
0.00171338
0.00167724
0.00163461
0.00159509
0.00156203
0.00152622
0.00148915
0.00145999
0.00143625
0.00141667
0.00140246
0.0013907
0.00137765
0.00136567
0.00136172
0.0013714
0.00138728
0.00139601
0.00138328
0.00136355
0.00138074
0.00143449
0.00147832
0.00149276
2.06392e-06
5.96127e-06
9.17037e-06
1.20934e-05
1.50258e-05
1.831e-05
2.24161e-05
2.7875e-05
3.54578e-05
4.6325e-05
6.1948e-05
8.45052e-05
0.000116276
0.000158705
0.000214105
0.000282698
0.000361383
0.000445667
0.000528699
0.000599943
0.000656181
0.000694548
0.00071225
0.000715468
0.000708836
0.000695573
0.000677669
0.000655129
0.000629322
0.000604847
0.00058355
0.000562353
0.000541427
0.000524357
0.000510214
0.00049846
0.000489111
0.000481403
0.000474197
0.000467148
0.000462108
0.000462391
0.000466665
0.000469641
0.000465836
0.000458938
0.000463828
0.000480592
0.000492171
0.000493725
7.43138e-07
2.15252e-06
3.31495e-06
4.364e-06
5.37927e-06
6.48623e-06
7.88919e-06
9.83172e-06
1.2674e-05
1.69478e-05
2.3372e-05
3.31033e-05
4.73507e-05
6.68526e-05
9.27385e-05
0.000124929
0.000161417
0.000199376
0.0002353
0.000264065
0.000284214
0.000295386
0.00029729
0.000292706
0.000284479
0.000274041
0.00026238
0.00025021
0.000237194
0.000224699
0.000213703
0.000203077
0.000192918
0.000184624
0.000177795
0.000172215
0.000167757
0.000164194
0.000161067
0.000157975
0.000155169
0.000154146
0.000155121
0.000156007
0.000154773
0.000152393
0.00015369
0.000158642
0.000161365
0.000160968
2.55291e-07
7.46342e-07
1.16314e-06
1.5453e-06
1.9062e-06
2.27968e-06
2.74363e-06
3.40683e-06
4.44071e-06
6.09287e-06
8.71088e-06
1.29025e-05
1.93216e-05
2.83467e-05
4.05092e-05
5.56254e-05
7.24163e-05
8.92625e-05
0.000104408
0.000115423
0.000121814
0.000123796
0.000121968
0.000117632
0.000112132
0.000106154
9.9912e-05
9.37973e-05
8.76793e-05
8.18713e-05
7.67478e-05
7.19105e-05
6.73859e-05
6.37289e-05
6.07419e-05
5.83323e-05
5.64439e-05
5.49835e-05
5.37654e-05
5.25828e-05
5.14528e-05
5.08411e-05
5.10193e-05
5.13812e-05
5.10809e-05
5.03095e-05
5.06486e-05
5.20749e-05
5.26464e-05
5.23101e-05
8.60221e-08
2.53576e-07
4.00442e-07
5.38358e-07
6.68658e-07
7.97463e-07
9.49148e-07
1.16681e-06
1.5292e-06
2.15398e-06
3.20927e-06
5.00715e-06
7.90413e-06
1.20978e-05
1.78378e-05
2.49255e-05
3.2579e-05
3.99161e-05
4.60574e-05
4.9907e-05
5.14749e-05
5.10482e-05
4.91892e-05
4.65107e-05
4.35015e-05
4.04699e-05
3.7454e-05
3.45938e-05
3.18528e-05
2.9309e-05
2.70778e-05
2.50293e-05
2.31452e-05
2.16432e-05
2.04375e-05
1.94728e-05
1.8724e-05
1.81481e-05
1.76905e-05
1.72765e-05
1.68805e-05
1.6614e-05
1.66182e-05
1.67714e-05
1.67267e-05
1.64868e-05
1.6583e-05
1.69951e-05
1.71037e-05
1.69623e-05
2.89554e-08
8.57983e-08
1.36935e-07
1.85729e-07
2.32431e-07
2.7776e-07
3.2806e-07
3.97967e-07
5.20411e-07
7.50715e-07
1.1717e-06
1.93999e-06
3.2493e-06
5.20201e-06
7.9174e-06
1.12262e-05
1.46787e-05
1.77967e-05
2.01302e-05
2.1263e-05
2.13763e-05
2.06744e-05
1.94914e-05
1.80929e-05
1.66256e-05
1.52048e-05
1.38434e-05
1.2586e-05
1.14136e-05
1.03498e-05
9.42299e-06
8.59115e-06
7.84373e-06
7.25876e-06
6.80092e-06
6.44063e-06
6.1616e-06
5.94786e-06
5.78238e-06
5.64676e-06
5.52018e-06
5.41904e-06
5.40922e-06
5.46904e-06
5.46787e-06
5.39536e-06
5.42374e-06
5.54201e-06
5.55932e-06
5.51309e-06
9.78491e-09
2.90936e-08
4.68463e-08
6.38699e-08
8.03462e-08
9.63624e-08
1.13363e-07
1.35818e-07
1.76091e-07
2.58827e-07
4.25145e-07
7.5182e-07
1.34498e-06
2.25637e-06
3.54642e-06
5.08268e-06
6.61264e-06
7.88891e-06
8.67557e-06
8.89273e-06
8.69893e-06
8.21205e-06
7.58531e-06
6.91787e-06
6.24858e-06
5.61682e-06
5.03185e-06
4.50685e-06
4.02858e-06
3.6021e-06
3.23461e-06
2.9097e-06
2.62467e-06
2.40697e-06
2.24018e-06
2.11198e-06
2.01252e-06
1.9367e-06
1.87967e-06
1.83792e-06
1.80089e-06
1.76639e-06
1.76324e-06
1.79024e-06
1.79654e-06
1.77486e-06
1.78356e-06
1.81724e-06
1.81823e-06
1.80543e-06
3.34956e-09
9.93611e-09
1.59998e-08
2.19269e-08
2.76756e-08
3.32355e-08
3.90398e-08
4.6447e-08
5.98029e-08
8.89988e-08
1.53565e-07
2.89991e-07
5.53316e-07
9.77627e-07
1.57893e-06
2.28654e-06
2.96118e-06
3.45675e-06
3.69003e-06
3.66596e-06
3.47951e-06
3.21051e-06
2.9112e-06
2.6054e-06
2.31228e-06
2.04695e-06
1.80338e-06
1.59007e-06
1.40403e-06
1.24002e-06
1.10024e-06
9.7957e-07
8.75476e-07
7.96629e-07
7.37165e-07
6.93165e-07
6.58673e-07
6.32376e-07
6.13841e-07
6.01207e-07
5.90307e-07
5.79432e-07
5.78872e-07
5.89447e-07
5.93145e-07
5.86733e-07
5.90147e-07
6.01244e-07
6.00954e-07
5.97255e-07
1.13961e-09
3.39214e-09
5.49616e-09
7.54865e-09
9.55506e-09
1.15062e-08
1.35339e-08
1.60094e-08
2.03334e-08
3.04186e-08
5.487e-08
1.11659e-07
2.28469e-07
4.24141e-07
7.04123e-07
1.02734e-06
1.31664e-06
1.49696e-06
1.54718e-06
1.48623e-06
1.3723e-06
1.23868e-06
1.10094e-06
9.67356e-07
8.43192e-07
7.33347e-07
6.36074e-07
5.52726e-07
4.81358e-07
4.20175e-07
3.69205e-07
3.25788e-07
2.88903e-07
2.61495e-07
2.41076e-07
2.26149e-07
2.14834e-07
2.06304e-07
2.00302e-07
1.96592e-07
1.93808e-07
1.90545e-07
1.90181e-07
1.94246e-07
1.96551e-07
1.95153e-07
1.96256e-07
1.99574e-07
1.99563e-07
1.98814e-07
3.89809e-10
1.16172e-09
1.89217e-09
2.60567e-09
3.30544e-09
3.98918e-09
4.69775e-09
5.53257e-09
6.96461e-09
1.04756e-08
1.97984e-08
4.35281e-08
9.58067e-08
1.8525e-07
3.16263e-07
4.61686e-07
5.78461e-07
6.38202e-07
6.35068e-07
5.90378e-07
5.32285e-07
4.70635e-07
4.10617e-07
3.5441e-07
3.02909e-07
2.58391e-07
2.20475e-07
1.88741e-07
1.62196e-07
1.40216e-07
1.223e-07
1.07145e-07
9.44753e-08
8.5261e-08
7.84783e-08
7.35664e-08
6.99447e-08
6.72647e-08
6.53566e-08
6.42887e-08
6.36982e-08
6.28465e-08
6.26725e-08
6.40863e-08
6.51692e-08
6.49486e-08
6.53693e-08
6.63671e-08
6.63859e-08
6.62909e-08
1.3361e-10
3.98564e-10
6.53774e-10
9.02409e-10
1.14609e-09
1.386e-09
1.63075e-09
1.91651e-09
2.39634e-09
3.62157e-09
7.20859e-09
1.71367e-08
4.05154e-08
8.2144e-08
1.43163e-07
2.06645e-07
2.51419e-07
2.66889e-07
2.55425e-07
2.30808e-07
2.03512e-07
1.76439e-07
1.50969e-07
1.27893e-07
1.07129e-07
8.94484e-08
7.50805e-08
6.3313e-08
5.37125e-08
4.60832e-08
3.99739e-08
3.48765e-08
3.06475e-08
2.76748e-08
2.55127e-08
2.39376e-08
2.28164e-08
2.20093e-08
2.14249e-08
2.11178e-08
2.10127e-08
2.083e-08
2.07467e-08
2.11895e-08
2.16277e-08
2.15966e-08
2.17933e-08
2.21513e-08
2.2157e-08
2.2171e-08
4.62204e-11
1.37758e-10
2.25806e-10
3.12425e-10
3.97773e-10
4.81107e-10
5.66709e-10
6.6482e-10
8.25375e-10
1.25125e-09
2.60024e-09
6.70649e-09
1.70499e-08
3.62811e-08
6.44129e-08
9.17563e-08
1.07606e-07
1.09391e-07
1.01315e-07
8.92379e-08
7.69243e-08
6.54372e-08
5.4977e-08
4.56192e-08
3.74307e-08
3.07003e-08
2.5353e-08
2.10634e-08
1.76961e-08
1.51102e-08
1.30573e-08
1.1379e-08
1.00073e-08
9.04075e-09
8.34761e-09
7.85964e-09
7.51595e-09
7.27234e-09
7.10011e-09
7.01686e-09
7.00174e-09
6.96409e-09
6.94141e-09
7.10646e-09
7.29199e-09
7.30081e-09
7.35733e-09
7.46466e-09
7.47435e-09
7.48515e-09
1.59215e-11
4.75227e-11
7.82979e-11
1.08574e-10
1.38505e-10
1.67846e-10
1.9783e-10
2.31394e-10
2.85675e-10
4.34727e-10
9.45879e-10
2.64413e-09
7.20996e-09
1.59572e-08
2.87875e-08
4.00913e-08
4.51088e-08
4.42311e-08
3.96847e-08
3.4102e-08
2.8815e-08
2.40106e-08
1.97633e-08
1.60969e-08
1.29422e-08
1.0401e-08
8.45043e-09
6.94446e-09
5.78478e-09
4.91522e-09
4.24754e-09
3.70752e-09
3.2657e-09
2.96037e-09
2.74436e-09
2.59211e-09
2.48729e-09
2.41612e-09
2.365e-09
2.34105e-09
2.34097e-09
2.33918e-09
2.33007e-09
2.38197e-09
2.45691e-09
2.4673e-09
2.48982e-09
2.52533e-09
2.53053e-09
2.53737e-09
5.52137e-12
1.64834e-11
2.71758e-11
3.77576e-11
4.82228e-11
5.8509e-11
6.90074e-11
8.05723e-11
9.89785e-11
1.50847e-10
3.43175e-10
1.03592e-09
3.029e-09
7.03342e-09
1.27537e-08
1.72677e-08
1.86019e-08
1.75579e-08
1.5345e-08
1.29208e-08
1.06952e-08
8.7363e-09
7.05116e-09
5.6231e-09
4.43148e-09
3.50326e-09
2.8038e-09
2.27802e-09
1.88938e-09
1.60308e-09
1.38543e-09
1.21348e-09
1.07331e-09
9.7641e-10
9.08934e-10
8.6237e-10
8.30023e-10
8.08948e-10
7.94771e-10
7.8837e-10
7.89546e-10
7.91598e-10
7.89194e-10
8.06378e-10
8.34461e-10
8.39495e-10
8.47953e-10
8.60761e-10
8.63155e-10
8.65996e-10
1.91008e-12
5.71106e-12
9.45372e-12
1.31583e-11
1.68478e-11
2.04769e-11
2.41767e-11
2.818e-11
3.43689e-11
5.24888e-11
1.24827e-10
4.09601e-10
1.27841e-09
3.07807e-09
5.59377e-09
7.30551e-09
7.53221e-09
6.88392e-09
5.87162e-09
4.84549e-09
3.93602e-09
3.14669e-09
2.48443e-09
1.9442e-09
1.50319e-09
1.16681e-09
9.22251e-10
7.44024e-10
6.14239e-10
5.21184e-10
4.52124e-10
3.97743e-10
3.53421e-10
3.23289e-10
3.02486e-10
2.87992e-10
2.78033e-10
2.71944e-10
2.67963e-10
2.66174e-10
2.66644e-10
2.68209e-10
2.68078e-10
2.73348e-10
2.83488e-10
2.86462e-10
2.89378e-10
2.93483e-10
2.94645e-10
2.9586e-10
6.64361e-13
1.98748e-12
3.29209e-12
4.59003e-12
5.88198e-12
7.15959e-12
8.45737e-12
9.83736e-12
1.19595e-11
1.82419e-11
4.53878e-11
1.6035e-10
5.35011e-10
1.34593e-09
2.42076e-09
3.03509e-09
3.00194e-09
2.66246e-09
2.227e-09
1.80678e-09
1.43829e-09
1.12537e-09
8.69853e-10
6.66434e-10
5.05938e-10
3.87639e-10
3.03046e-10
2.42816e-10
2.00449e-10
1.70464e-10
1.48495e-10
1.3147e-10
1.17479e-10
1.07932e-10
1.01407e-10
9.69509e-11
9.38045e-11
9.19543e-11
9.08914e-11
9.04255e-11
9.05973e-11
9.12394e-11
9.12667e-11
9.3184e-11
9.70192e-11
9.81789e-11
9.93141e-11
1.00892e-10
1.01354e-10
1.01806e-10
2.30692e-13
6.90783e-13
1.14768e-12
1.60272e-12
2.05962e-12
2.51174e-12
2.97105e-12
3.45782e-12
4.16944e-12
6.34188e-12
1.64547e-11
6.33016e-11
2.24246e-10
5.82807e-10
1.03209e-09
1.23938e-09
1.18008e-09
1.0206e-09
8.37543e-10
6.67461e-10
5.21651e-10
3.989e-10
3.009e-10
2.2621e-10
1.68955e-10
1.27605e-10
9.90958e-11
7.92661e-11
6.53829e-11
5.57934e-11
4.8889e-11
4.35254e-11
3.91179e-11
3.6185e-11
3.41739e-11
3.27705e-11
3.17889e-11
3.12419e-11
3.09378e-11
3.08149e-11
3.08692e-11
3.11358e-11
3.12309e-11
3.17521e-11
3.30148e-11
3.35868e-11
3.39771e-11
3.44949e-11
3.47074e-11
3.48903e-11
8.04475e-14
2.41074e-13
4.00603e-13
5.60083e-13
7.20701e-13
8.80192e-13
1.04207e-12
1.21025e-12
1.45568e-12
2.20148e-12
5.93993e-12
2.45447e-11
9.26118e-11
2.48738e-10
4.31844e-10
4.96628e-10
4.58391e-10
3.87976e-10
3.1346e-10
2.45496e-10
1.88099e-10
1.40596e-10
1.03567e-10
7.62556e-11
5.61073e-11
4.20072e-11
3.24544e-11
2.59345e-11
2.14677e-11
1.84079e-11
1.6228e-11
1.45423e-11
1.31454e-11
1.22191e-11
1.15828e-11
1.11475e-11
1.08317e-11
1.06564e-11
1.05718e-11
1.05387e-11
1.05512e-11
1.06424e-11
1.06844e-11
1.08938e-11
1.13595e-11
1.15616e-11
1.17038e-11
1.18939e-11
1.19757e-11
1.20418e-11
2.8049e-14
8.40632e-14
1.3993e-13
1.95845e-13
2.52568e-13
3.09365e-13
3.66864e-13
4.26966e-13
5.1015e-13
7.64295e-13
2.1363e-12
9.56893e-12
3.81103e-11
1.05139e-10
1.7751e-10
1.96116e-10
1.76237e-10
1.46565e-10
1.16464e-10
8.95504e-11
6.72614e-11
4.90806e-11
3.52722e-11
2.54822e-11
1.85177e-11
1.37476e-11
1.06138e-11
8.50767e-12
7.05836e-12
6.08246e-12
5.39814e-12
4.86439e-12
4.42255e-12
4.14152e-12
3.94505e-12
3.80603e-12
3.70687e-12
3.65219e-12
3.62523e-12
3.61625e-12
3.62214e-12
3.65729e-12
3.67596e-12
3.72434e-12
3.86983e-12
3.95617e-12
4.00811e-12
4.07476e-12
4.1098e-12
4.13591e-12
9.81337e-15
2.94217e-14
4.896e-14
6.85324e-14
8.85016e-14
1.08601e-13
1.28999e-13
1.49853e-13
1.78699e-13
2.65336e-13
7.59584e-13
3.63939e-12
1.5353e-11
4.31573e-11
7.14083e-11
7.62736e-11
6.72461e-11
5.50956e-11
4.31124e-11
3.24764e-11
2.38648e-11
1.70058e-11
1.1955e-11
8.48866e-12
6.1009e-12
4.51458e-12
3.48707e-12
2.80446e-12
2.33864e-12
2.02659e-12
1.80962e-12
1.63887e-12
1.49817e-12
1.41025e-12
1.34885e-12
1.3052e-12
1.27344e-12
1.25543e-12
1.24734e-12
1.24496e-12
1.24658e-12
1.25858e-12
1.26663e-12
1.28479e-12
1.33504e-12
1.3662e-12
1.38388e-12
1.4066e-12
1.41976e-12
1.42926e-12
3.43533e-15
1.02963e-14
1.71446e-14
2.40095e-14
3.1013e-14
3.81933e-14
4.55018e-14
5.30103e-14
6.29931e-14
9.22566e-14
2.71943e-13
1.39231e-12
6.15097e-12
1.76325e-11
2.82699e-11
2.93355e-11
2.54755e-11
2.06235e-11
1.58555e-11
1.1682e-11
8.37541e-12
5.82272e-12
4.00946e-12
2.80788e-12
2.0039e-12
1.48014e-12
1.14792e-12
9.27817e-13
7.76127e-13
6.75458e-13
6.07917e-13
5.53589e-13
5.08219e-13
4.81699e-13
4.62787e-13
4.48705e-13
4.3858e-13
4.32656e-13
4.29496e-13
4.28273e-13
4.28578e-13
4.32243e-13
4.34939e-13
4.41645e-13
4.59822e-13
4.7128e-13
4.77449e-13
4.85669e-13
4.90807e-13
4.94348e-13
1.20566e-15
3.61407e-15
6.01478e-15
8.41777e-15
1.08751e-14
1.34138e-14
1.60323e-14
1.86563e-14
2.21367e-14
3.21077e-14
9.53682e-14
5.22085e-13
2.42219e-12
6.9704e-12
1.09639e-11
1.1201e-11
9.62032e-12
7.70303e-12
5.81334e-12
4.17239e-12
2.91411e-12
1.97353e-12
1.33604e-12
9.27231e-13
6.58745e-13
4.87806e-13
3.7981e-13
3.08335e-13
2.59127e-13
2.26542e-13
2.05003e-13
1.87721e-13
1.73092e-13
1.64914e-13
1.59068e-13
1.5457e-13
1.51303e-13
1.493e-13
1.48221e-13
1.47775e-13
1.47814e-13
1.49226e-13
1.50497e-13
1.52309e-13
1.58119e-13
1.62676e-13
1.64964e-13
1.6778e-13
1.69754e-13
1.71115e-13
4.2372e-16
1.27006e-15
2.11321e-15
2.95723e-15
3.82176e-15
4.71823e-15
5.63985e-15
6.57013e-15
7.78887e-15
1.11235e-14
3.33784e-14
1.90941e-13
9.35306e-13
2.75211e-12
4.21554e-12
4.23817e-12
3.615e-12
2.85462e-12
2.11906e-12
1.4864e-12
1.00935e-12
6.69172e-13
4.46994e-13
3.07006e-13
2.18089e-13
1.62769e-13
1.27194e-13
1.03585e-13
8.76539e-14
7.68838e-14
6.98448e-14
6.44014e-14
5.96032e-14
5.69495e-14
5.50403e-14
5.35797e-14
5.24554e-14
5.17762e-14
5.13998e-14
5.11637e-14
5.10461e-14
5.14266e-14
5.18476e-14
5.30288e-14
5.55422e-14
5.69894e-14
5.7682e-14
5.86449e-14
5.93486e-14
5.98254e-14
1.49012e-16
4.46563e-16
7.43134e-16
1.03934e-15
1.34143e-15
1.65898e-15
1.99324e-15
2.33198e-15
2.76247e-15
3.89706e-15
1.17148e-14
7.14065e-14
3.62755e-13
1.07922e-12
1.60737e-12
1.59644e-12
1.354e-12
1.05548e-12
7.67323e-13
5.24359e-13
3.46592e-13
2.24407e-13
1.47609e-13
1.01374e-13
7.23641e-14
5.41971e-14
4.27061e-14
3.49775e-14
2.9643e-14
2.61039e-14
2.38046e-14
2.20474e-14
2.04608e-14
1.96561e-14
1.91092e-14
1.86246e-14
1.82377e-14
1.80002e-14
1.78346e-14
1.77328e-14
1.77025e-14
1.78227e-14
1.80072e-14
1.82708e-14
1.90431e-14
1.96687e-14
1.99449e-14
2.02972e-14
2.05735e-14
2.07626e-14
5.24853e-17
1.57278e-16
2.61689e-16
3.65899e-16
4.71803e-16
5.83404e-16
7.04185e-16
8.24138e-16
9.76954e-16
1.36848e-15
4.10289e-15
2.61509e-14
1.38439e-13
4.06607e-13
6.06396e-13
6.00747e-13
5.07061e-13
3.90198e-13
2.76765e-13
1.83289e-13
1.18168e-13
7.47982e-14
4.85945e-14
3.35415e-14
2.41114e-14
1.81555e-14
1.43772e-14
1.18391e-14
1.00652e-14
8.89346e-15
8.13615e-15
7.56121e-15
7.04559e-15
6.78661e-15
6.62605e-15
6.47329e-15
6.34253e-15
6.25755e-15
6.19481e-15
6.15478e-15
6.1399e-15
6.17754e-15
6.24817e-15
6.34425e-15
6.60035e-15
6.8232e-15
6.91896e-15
7.04211e-15
7.14514e-15
7.21573e-15
1.85024e-17
5.54361e-17
9.22458e-17
1.28962e-16
1.66017e-16
2.04971e-16
2.48325e-16
2.93148e-16
3.47828e-16
4.82604e-16
1.46383e-15
9.67431e-15
5.27004e-14
1.55159e-13
2.28983e-13
2.26205e-13
1.89979e-13
1.43926e-13
9.91172e-14
6.35649e-14
3.98185e-14
2.47032e-14
1.59102e-14
1.10594e-14
8.03249e-15
6.08598e-15
4.86098e-15
4.01703e-15
3.41883e-15
3.03073e-15
2.7821e-15
2.59368e-15
2.42803e-15
2.34639e-15
2.29915e-15
2.25401e-15
2.21171e-15
2.17919e-15
2.1522e-15
2.13655e-15
2.13249e-15
2.13838e-15
2.16385e-15
2.19445e-15
2.27772e-15
2.35939e-15
2.39166e-15
2.4357e-15
2.47417e-15
2.50087e-15
6.52958e-18
1.95646e-17
3.25529e-17
4.54983e-17
5.854e-17
7.21721e-17
8.75838e-17
1.0362e-16
1.23566e-16
1.70532e-16
5.12451e-16
3.54378e-15
1.99663e-14
5.84382e-14
8.65428e-14
8.57871e-14
7.12309e-14
5.30042e-14
3.53226e-14
2.18799e-14
1.33386e-14
8.13479e-15
5.22871e-15
3.66275e-15
2.68608e-15
2.05099e-15
1.64789e-15
1.36477e-15
1.16281e-15
1.0336e-15
9.52876e-16
8.91639e-16
8.3933e-16
8.14315e-16
7.9896e-16
7.86216e-16
7.71953e-16
7.58683e-16
7.48976e-16
7.44308e-16
7.43711e-16
7.46562e-16
7.56617e-16
7.58605e-16
7.80288e-16
8.12989e-16
8.26186e-16
8.42311e-16
8.56666e-16
8.66827e-16
2.30633e-18
6.91034e-18
1.1498e-17
1.60703e-17
2.06694e-17
2.54613e-17
3.08941e-17
3.67089e-17
4.37707e-17
6.01576e-17
1.79528e-16
1.27411e-15
7.46476e-15
2.17858e-14
3.25394e-14
3.2382e-14
2.66525e-14
1.94547e-14
1.2587e-14
7.53206e-15
4.47922e-15
2.69465e-15
1.73363e-15
1.22242e-15
9.07425e-16
6.99288e-16
5.634e-16
4.67673e-16
3.99549e-16
3.55156e-16
3.28335e-16
3.0951e-16
2.92948e-16
2.85495e-16
2.79997e-16
2.76623e-16
2.71895e-16
2.66461e-16
2.63013e-16
2.61677e-16
2.61937e-16
2.63387e-16
2.67898e-16
2.66382e-16
2.71048e-16
2.82696e-16
2.87038e-16
2.9261e-16
2.97901e-16
3.01655e-16
8.15296e-19
2.44274e-18
4.06474e-18
5.68142e-18
7.30269e-18
8.97471e-18
1.08716e-17
1.30608e-17
1.56471e-17
2.14033e-17
6.458e-17
4.69268e-16
2.80406e-15
8.29498e-15
1.2351e-14
1.22736e-14
9.96893e-15
7.09571e-15
4.43711e-15
2.57283e-15
1.49442e-15
8.90146e-16
5.75014e-16
4.07446e-16
3.05792e-16
2.38069e-16
1.93239e-16
1.60588e-16
1.37231e-16
1.22103e-16
1.13038e-16
1.07133e-16
1.01886e-16
1.00145e-16
9.83499e-17
9.72691e-17
9.58649e-17
9.39335e-17
9.2662e-17
9.21961e-17
9.24675e-17
9.27464e-17
9.42085e-17
9.36433e-17
9.48701e-17
9.88236e-17
1.0011e-16
1.01951e-16
1.03764e-16
1.05116e-16
2.88452e-19
8.64308e-19
1.43821e-18
2.01e-18
2.58323e-18
3.17113e-18
3.83808e-18
4.60922e-18
5.58941e-18
7.63547e-18
2.28584e-17
1.7202e-16
1.05598e-15
3.13207e-15
4.73952e-15
4.69167e-15
3.71726e-15
2.57067e-15
1.54634e-15
8.68594e-16
4.9659e-16
2.94953e-16
1.92151e-16
1.3683e-16
1.02948e-16
8.08808e-17
6.60795e-17
5.50661e-17
4.71254e-17
4.20312e-17
3.8956e-17
3.6979e-17
3.52682e-17
3.48642e-17
3.44261e-17
3.40116e-17
3.35646e-17
3.2977e-17
3.25547e-17
3.23699e-17
3.24318e-17
3.24626e-17
3.28325e-17
3.26862e-17
3.31981e-17
3.46017e-17
3.50538e-17
3.56837e-17
3.63177e-17
3.68057e-17
1.02136e-19
3.0603e-19
5.09256e-19
7.11748e-19
9.14566e-19
1.12189e-18
1.35617e-18
1.63377e-18
1.98635e-18
2.71037e-18
8.09699e-18
6.23228e-17
3.95315e-16
1.18147e-15
1.81339e-15
1.7879e-15
1.38338e-15
9.27182e-16
5.38141e-16
2.92325e-16
1.65102e-16
9.86872e-17
6.49719e-17
4.63905e-17
3.48652e-17
2.76555e-17
2.26896e-17
1.90046e-17
1.63378e-17
1.45905e-17
1.35346e-17
1.28629e-17
1.22791e-17
1.21418e-17
1.20506e-17
1.1908e-17
1.17536e-17
1.15979e-17
1.14671e-17
1.13906e-17
1.14028e-17
1.14002e-17
1.15006e-17
1.14296e-17
1.16365e-17
1.21438e-17
1.22885e-17
1.25049e-17
1.27371e-17
1.29158e-17
3.61923e-20
1.0844e-19
1.80461e-19
2.52266e-19
3.24132e-19
3.97018e-19
4.77349e-19
5.80339e-19
7.11964e-19
9.70743e-19
2.97177e-18
2.33261e-17
1.49805e-16
4.59203e-16
7.02143e-16
6.82672e-16
5.148e-16
3.30609e-16
1.84315e-16
9.7353e-17
5.44368e-17
3.3043e-17
2.20793e-17
1.58196e-17
1.18104e-17
9.41198e-18
7.80397e-18
6.56723e-18
5.65748e-18
5.05819e-18
4.69418e-18
4.46471e-18
4.27228e-18
4.22237e-18
4.20218e-18
4.15722e-18
4.10935e-18
4.07141e-18
4.03099e-18
3.99818e-18
4.00044e-18
3.99362e-18
4.0171e-18
3.99282e-18
4.07518e-18
4.25007e-18
4.29246e-18
4.36452e-18
4.44352e-18
4.50798e-18
1.28339e-20
3.8456e-20
6.39972e-20
8.9454e-20
1.14953e-19
1.40771e-19
1.68831e-19
2.04419e-19
2.54957e-19
3.49137e-19
1.07287e-18
8.73282e-18
5.74436e-17
1.78569e-16
2.75314e-16
2.61542e-16
1.90063e-16
1.16845e-16
6.2364e-17
3.21358e-17
1.79227e-17
1.10943e-17
7.53852e-18
5.43507e-18
4.03051e-18
3.20802e-18
2.67993e-18
2.26785e-18
1.95437e-18
1.74648e-18
1.62371e-18
1.54487e-18
1.48407e-18
1.47034e-18
1.46607e-18
1.45218e-18
1.43657e-18
1.42243e-18
1.40995e-18
1.39794e-18
1.39565e-18
1.39046e-18
1.39647e-18
1.39002e-18
1.42361e-18
1.48642e-18
1.50237e-18
1.52745e-18
1.55496e-18
1.57828e-18
4.55413e-21
1.36461e-20
2.27104e-20
3.17437e-20
4.07903e-20
4.99455e-20
5.99268e-20
7.23399e-20
9.09112e-20
1.25112e-19
3.86586e-19
3.24946e-18
2.20534e-17
6.8773e-17
1.07497e-16
9.98933e-17
6.95767e-17
4.12873e-17
2.11444e-17
1.06156e-17
5.94967e-18
3.75558e-18
2.58194e-18
1.87471e-18
1.39024e-18
1.10301e-18
9.24315e-19
7.88997e-19
6.7955e-19
6.04671e-19
5.62825e-19
5.36976e-19
5.1794e-19
5.15283e-19
5.15476e-19
5.11519e-19
5.06385e-19
5.00698e-19
4.96436e-19
4.9143e-19
4.89387e-19
4.87121e-19
4.88949e-19
4.85969e-19
4.991e-19
5.21795e-19
5.27043e-19
5.35726e-19
5.45648e-19
5.54063e-19
1.61719e-21
4.84563e-21
8.06482e-21
1.12759e-20
1.44906e-20
1.77283e-20
2.11695e-20
2.56538e-20
3.2569e-20
4.52552e-20
1.46541e-19
1.25807e-18
8.62037e-18
2.75894e-17
4.23051e-17
3.80468e-17
2.54407e-17
1.44004e-17
7.08911e-18
3.49534e-18
1.96861e-18
1.26497e-18
8.76897e-19
6.37557e-19
4.7792e-19
3.78437e-19
3.2039e-19
2.75141e-19
2.35936e-19
2.09442e-19
1.95867e-19
1.86456e-19
1.7859e-19
1.79603e-19
1.80847e-19
1.80565e-19
1.79631e-19
1.77068e-19
1.75438e-19
1.73237e-19
1.71766e-19
1.70766e-19
1.71417e-19
1.70158e-19
1.74865e-19
1.82485e-19
1.83781e-19
1.86508e-19
1.89794e-19
1.92762e-19
5.74617e-22
1.72186e-21
2.86576e-21
4.00671e-21
5.15025e-21
6.30302e-21
7.50743e-21
9.05506e-21
1.16327e-20
1.63841e-20
5.44685e-20
4.85656e-19
3.40037e-18
1.12218e-17
1.67947e-17
1.4444e-17
9.2101e-18
4.95608e-18
2.36133e-18
1.15125e-18
6.53331e-19
4.26311e-19
2.98529e-19
2.15717e-19
1.63123e-19
1.29985e-19
1.10906e-19
9.57612e-20
8.18917e-20
7.28784e-20
6.83402e-20
6.51797e-20
6.19714e-20
6.26189e-20
6.3262e-20
6.3386e-20
6.34133e-20
6.25779e-20
6.19447e-20
6.10278e-20
6.02607e-20
5.96948e-20
5.97663e-20
5.95456e-20
6.13746e-20
6.39635e-20
6.43899e-20
6.52843e-20
6.6377e-20
6.74278e-20
2.04299e-22
6.12201e-22
1.01896e-21
1.4245e-21
1.83123e-21
2.24173e-21
2.67259e-21
3.20486e-21
4.15277e-21
5.9366e-21
2.01049e-20
1.86594e-19
1.3429e-18
4.4284e-18
6.63407e-18
5.45216e-18
3.28253e-18
1.70193e-18
7.88186e-19
3.80002e-19
2.18524e-19
1.44779e-19
1.02495e-19
7.42743e-20
5.61256e-20
4.49586e-20
3.84221e-20
3.34196e-20
2.8618e-20
2.55255e-20
2.41277e-20
2.29663e-20
2.16821e-20
2.20213e-20
2.22767e-20
2.23548e-20
2.24114e-20
2.21887e-20
2.19515e-20
2.15732e-20
2.12063e-20
2.09562e-20
2.09111e-20
2.08448e-20
2.15924e-20
2.25158e-20
2.26561e-20
2.29517e-20
2.33273e-20
2.36989e-20
7.26821e-23
2.17793e-22
3.62517e-22
5.0684e-22
6.51465e-22
7.97453e-22
9.50233e-22
1.13797e-21
1.48189e-21
2.13823e-21
7.4874e-21
7.16786e-20
5.31334e-19
1.76913e-18
2.60841e-18
2.05273e-18
1.16511e-18
5.81367e-19
2.63512e-19
1.26274e-19
7.32594e-20
4.94136e-20
3.55715e-20
2.5726e-20
1.94082e-20
1.56626e-20
1.34048e-20
1.17477e-20
1.00868e-20
9.0046e-21
8.56555e-21
8.16182e-21
7.6361e-21
7.78582e-21
7.87301e-21
7.89933e-21
7.94197e-21
7.90001e-21
7.80848e-21
7.65669e-21
7.50003e-21
7.40488e-21
7.36482e-21
7.33762e-21
7.62627e-21
7.9534e-21
7.98613e-21
8.08262e-21
8.21817e-21
8.35022e-21
2.58725e-23
7.75281e-23
1.2905e-22
1.80476e-22
2.32036e-22
2.84004e-22
3.37839e-22
4.04108e-22
5.28555e-22
7.80948e-22
2.89754e-21
2.83005e-20
2.11302e-19
7.28599e-19
1.02498e-18
7.64626e-19
4.11434e-19
1.95839e-19
8.71332e-20
4.19805e-20
2.45624e-20
1.67726e-20
1.22572e-20
8.8776e-21
6.67114e-21
5.43671e-21
4.68214e-21
4.12303e-21
3.55521e-21
3.1877e-21
3.0288e-21
2.88343e-21
2.67298e-21
2.7453e-21
2.78001e-21
2.79156e-21
2.81442e-21
2.81243e-21
2.77467e-21
2.71561e-21
2.65584e-21
2.62092e-21
2.599e-21
2.59819e-21
2.68915e-21
2.77693e-21
2.78626e-21
2.81787e-21
2.85929e-21
2.90387e-21
9.21474e-24
2.76139e-23
4.59659e-23
6.42803e-23
8.26722e-23
1.01249e-22
1.20387e-22
1.43353e-22
1.87933e-22
2.85824e-22
1.09256e-21
1.10067e-20
8.34457e-20
2.94395e-19
3.99921e-19
2.79672e-19
1.42744e-19
6.51253e-20
2.85745e-20
1.39224e-20
8.27357e-21
5.67485e-21
4.16104e-21
3.03829e-21
2.27967e-21
1.87412e-21
1.6248e-21
1.43389e-21
1.24509e-21
1.12435e-21
1.0619e-21
1.00851e-21
9.3312e-22
9.62629e-22
9.79637e-22
9.86333e-22
9.94662e-22
9.94323e-22
9.80469e-22
9.59052e-22
9.36941e-22
9.22789e-22
9.14211e-22
9.14563e-22
9.44126e-22
9.69535e-22
9.72025e-22
9.81211e-22
9.94224e-22
1.00977e-21
3.28374e-24
9.84048e-24
1.63813e-23
2.29068e-23
2.94632e-23
3.60948e-23
4.29581e-23
5.09895e-23
6.70347e-23
1.03646e-22
4.02725e-22
4.15268e-21
3.16771e-20
1.10197e-19
1.48262e-19
9.73458e-20
4.69772e-20
2.07947e-20
9.0093e-21
4.45089e-21
2.70109e-21
1.84924e-21
1.35467e-21
1.0016e-21
7.54826e-22
6.26485e-22
5.44919e-22
4.82656e-22
4.23788e-22
3.83523e-22
3.60288e-22
3.42009e-22
3.20051e-22
3.32259e-22
3.40332e-22
3.43346e-22
3.46568e-22
3.45845e-22
3.39933e-22
3.31338e-22
3.23145e-22
3.17613e-22
3.1344e-22
3.12874e-22
3.22535e-22
3.29614e-22
3.29302e-22
3.31337e-22
3.35195e-22
3.40354e-22
1.1714e-24
3.51074e-24
5.84519e-24
8.17468e-24
1.05072e-23
1.28501e-23
1.52089e-23
1.82681e-23
2.28198e-23
3.27166e-23
1.35374e-22
1.32521e-21
8.77808e-21
2.84517e-20
3.72927e-20
2.29751e-20
1.0424e-20
4.47207e-21
1.91578e-21
9.75896e-22
5.93829e-22
4.08952e-22
3.01666e-22
2.24729e-22
1.70811e-22
1.46007e-22
1.26137e-22
1.12197e-22
9.99419e-23
8.99274e-23
8.50621e-23
8.21335e-23
8.12123e-23
8.7195e-23
8.92805e-23
8.96573e-23
8.99388e-23
8.81587e-23
8.43974e-23
8.05724e-23
7.76934e-23
7.56759e-23
7.3453e-23
7.28994e-23
7.59443e-23
7.64865e-23
7.48045e-23
7.45499e-23
7.53811e-23
7.68756e-23
